957
971
979
972
944
925
928
942
953
940
941
979
1002
1001
1014
994
994
1005
1014
1030
1046
1030
983
953
972
1004
1023
996
942
926
918
942
927
921
939
956
970
968
964
966
959
938
926
931
926
921
935
929
921
927
919
930
933
922
914
914
905
927
953
952
945
953
955
958
940
923
924
888
835
810
794
772
755
748
747
755
781
811
841
836
827
835
833
813
797
791
801
798
782
767
753
737
724
714
714
718
724
738
741
757
771
763
768
576
4170
835
797
1756
812
782
760
736
726
709
713
729
766
784
794
824
856
866
846
827
817
795
809
855
908
955
904
874
855
814
799
799
788
775
771
770
767
769
771
761
759
755
750
441
298
725
705
692
684
600
756
677
674
674
674
667
665
661
658
654
654
643
644
639
636
633
637
1286
657
668
687
680
682
687
695
712
719
727
729
736
764
806
804
804
811
837
849
866
869
872
913
966
1024
1052
1051
1037
1035
1042
1044
1021
962
919
915
924
900
890
908
927
894
925
961
989
985
997
1003
1000
982
998
1004
988
983
976
971
978
982
982
965
952
938
908
907
934
970
979
977
996
1029
1055
1061
1030
1027
1025
1022
1041
1029
1007
1016
1013
1016
1021
1010
1007
1037
1029
1003
988
1011
1025
1060
1042
1030
1061
1051
1030
999
998
1008
1018
1033
1043
1040
1031
1002
980
973
963
964
973
986
1008
1015
1031
1021
997
979
961
934
928
944
969
980
979
995
1017
1029
1026
1004
988
1009
1021
1040
1039
1022
1018
1014
1027
1019
1003
1003
1000
1017
1022
1001
992
977
997
1011
1037
1061
1067
1074
1053
1046
1055
1046
1043
1033
1018
1027
1029
1021
1043
1032
1039
998
978
987
987
980
962
960
973
1006
1011
1013
1032
1036
1006
983
966
961
985
1005
1024
1019
985
971
971
975
975
990
1002
985
972
972
979
998
1001
990
980
977
957
957
977
976
975
967
978
994
1004
1015
1009
1013
1018
1012
1036
1003
987
1000
1011
1021
1028
1019
1028
1036
1040
1026
1017
1009
1003
979
970
981
1000
1009
999
1012
1021
1007
1015
1017
1040
1001
1003
993
1000
1009
1018
1022
1008
997
997
989
936
923
932
962
986
997
1021
1047
1059
1049
1011
981
968
951
961
983
1015
1027
1035
1041
1066
1051
1017
999
1003
1016
1031
1044
1039
1042
1034
1041
1049
1037
995
990
999
1016
1021
1020
1033
1043
1036
1016
1012
1017
1030
1040
1006
966
947
944
957
977
989
992
1013
1009
994
966
929
915
918
941
975
1008
1020
1018
1004
999
976
972
966
969
979
996
1005
992
997
992
1003
1005
1008
997
1009
1009
996
995
1002
1011
1027
1007
975
967
974
985
983
1002
1016
1035
1042
1040
1033
1038
1046
1053
1056
1049
1039
1024
998
972
962
955
968
981
997
1024
1029
1034
1028
1009
995
986
973
979
989
997
990
1011
1037
1064
1043
1013
994
987
991
1000
1006
1015
1018
1029
1035
1026
1027
1034
1040
1027
1022
1024
1030
1028
1033
1045
1030
1028
1001
1001
1003
989
988
999
1001
1020
1009
1010
1032
1037
1044
1019
1012
1005
1011
1001
1006
1034
1059
1049
1035
1040
1044
1040
1010
970
966
968
993
1006
1008
1029
1058
1063
1046
1050
1050
1048
1053
1039
1037
1048
1052
1055
1028
1020
1021
1023
1018
992
1002
1013
1011
984
974
995
1010
1006
1000
1005
1005
1013
1001
1018
1031
1042
1028
1017
1021
1029
1028
1021
982
964
965
968
979
992
1013
1014
973
956
975
998
1016
1011
1017
1035
1048
1034
1042
1048
1046
1023
1026
1021
1019
1018
988
975
974
972
973
960
964
991
1008
1029
1028
971
935
923
936
970
1021
1059
1079
1082
1086
1080
1062
1032
1017
1010
1015
1006
998
1002
1002
1011
1013
1013
1027
1017
1013
982
974
983
994
998
995
1000
996
997
987
987
984
973
956
961
984
1003
1027
1026
1037
1049
1041
1047
1028
1023
1015
1006
1020
1040
1061
1063
1048
1034
1039
1029
1023
1014
1018
1007
1013
1005
989
996
1015
1018
1028
1030
1040
1046
1054
1033
1028
1033
1037
1031
1026
1031
1040
1040
1025
1014
1021
1026
1031
1019
1022
1022
1035
1048
1048
1035
1024
983
966
957
961
953
975
984
958
954
961
973
979
1002
1006
1009
994
1001
1001
1007
997
1004
1022
1039
1046
1024
1003
997
1002
995
987
984
1001
1020
1030
1031
1018
1021
1022
1013
1019
1029
1040
1031
1012
1026
1030
1019
1005
941
926
921
932
941
964
992
1029
1038
1023
1034
1037
1021
1004
1004
1023
1023
1023
1030
1035
1032
1015
1017
1030
1035
1009
1010
1028
1027
1032
1021
1008
1007
1002
991
976
969
969
985
991
1007
1026
1030
1036
1011
995
987
965
949
927
925
936
955
943
932
944
990
978
977
993
1007
1020
1033
1054
1055
1021
991
979
984
985
952
975
982
995
1009
998
997
1012
1022
1010
1002
995
1000
1009
985
970
982
990
1013
1023
1021
1017
1009
1002
1008
1015
1007
1012
1006
1017
1021
1015
987
978
983
967
979
980
963
969
955
964
972
968
977
992
1010
1012
1021
1023
1029
1021
1021
1023
1026
1023
1022
1028
1042
1032
1022
1015
1014
1013
1006
1008
1015
1021
1018
1010
1003
998
980
974
973
977
977
970
984
1002
1007
1000
1021
1029
1042
1038
1025
1033
1028
1023
1007
1003
1004
1011
1005
997
995
1005
1015
1019
1004
1008
1017
1013
1005
1011
1012
1011
1011
1014
1019
1023
1002
997
984
982
981
982
991
1001
1000
993
1006
1011
1015
1007
988
989
995
1007
1009
1018
1022
1019
1034
1034
1022
1013
1007
1002
1007
1014
1002
993
1000
1007
1005
1016
1030
1026
1027
1015
1016
989
978
982
992
1003
1009
1001
1012
1007
1011
998
987
986
974
972
966
973
991
1005
1009
984
950
937
929
926
942
983
1008
1028
1039
1043
1041
1032
1006
1000
985
979
983
1000
1013
1010
998
995
1002
1003
995
987
986
991
989
982
979
971
990
1003
1000
1006
1020
1009
998
978
977
983
989
1003
1004
1015
1012
1017
1012
989
980
971
979
975
979
989
1001
1013
1020
1023
1030
1024
971
952
950
967
985
1001
1034
1051
1051
1058
1053
1044
1040
1010
1003
1007
1018
1020
1009
1010
1015
1032
1044
1021
1004
991
981
964
970
973
969
983
993
1005
1019
1014
992
982
987
989
999
1006
1014
1020
1016
1011
1025
1035
1031
1037
995
955
949
963
968
992
1027
1040
1044
1038
1052
1047
1070
1009
950
935
933
945
978
1002
1023
1040
1054
1061
1047
1031
1025
1025
1030
1022
1013
1009
1013
1012
1001
973
968
959
979
992
1007
1003
1015
1017
1023
1022
1024
1007
984
963
979
1006
1012
1006
999
996
1008
1017
1027
1009
1003
1009
1011
1020
1015
1005
1012
1014
995
984
977
984
999
1012
1026
1022
1018
1010
1004
1005
998
999
1000
1007
996
1003
1012
1019
1016
1025
1020
1008
993
996
988
990
986
979
991
995
1003
996
991
1005
1025
1001
1004
1011
1026
1023
1013
1017
1020
1014
987
990
1008
1016
1013
1019
1027
1032
1040
1027
1011
1006
1010
1007
985
987
981
981
978
990
997
999
992
997
1005
1013
1019
1010
1011
1024
1024
1025
1001
985
971
961
950
954
945
946
949
960
973
988
996
1001
1011
1018
1005
1009
1017
1021
1014
1007
1027
1029
1035
1032
1025
1033
1024
1024
1018
1019
1035
1001
993
984
991
1000
1017
1021
1035
1049
1041
1046
1036
1012
1015
1016
1014
1023
1026
1031
1012
999
997
1003
1002
1003
1014
1015
1017
1013
1016
1021
1027
1010
1007
1003
1013
1005
981
979
985
997
1020
1024
1023
1038
1043
1049
1046
1023
1025
1022
1005
992
998
1004
1000
1006
1018
1024
1025
1015
1015
1021
1022
1019
1015
1015
1009
1010
1015
1005
979
974
952
946
955
960
1011
1038
1058
1047
1024
1030
1044
1051
1042
1021
1020
1028
1033
1025
1032
1033
1038
1028
1016
1028
1031
1014
1013
1012
1021
1028
1027
1019
1015
1026
1028
1028
1002
1009
1016
1025
1021
1021
1021
1020
1015
1005
1007
1019
996
1003
999
1001
1018
1021
1020
1032
1040
1027
1015
1015
1008
986
967
971
985
1000
1010
1005
1010
1010
1009
1021
1005
995
980
986
996
996
1005
1018
1019
1020
1011
1014
1024
1034
1043
1024
1021
1024
1029
1017
1003
1006
1021
1019
1018
997
980
981
971
931
891
861
849
854
859
854
849
853
846
828
817
805
791
784
777
765
759
752
747
740
732
731
729
740
814
817
780
760
756
769
820
923
915
954
1019
1036
1080
1080
1083
1063
1080
1086
1090
1110
1112
1099
1094
1107
1110
1123
1094
1021
1024
1059
1090
1106
1101
1109
1116
1123
1106
1058
1035
1029
999
996
1021
1025
1027
1038
1047
1058
1070
1059
1052
1063
1054
1044
1037
1039
1047
1047
1053
1057
1053
1063
1057
1055
1065
1070
1077
1076
1093
1095
1076
1085
1091
1036
1004
1011
1019
1034
1027
1033
1057
1029
1020
1034
1048
1052
1056
1068
1086
1090
1086
1075
1067
1068
1054
1048
1039
1031
1019
1012
1025
1036
1053
1049
1046
1052
1036
1026
1026
1012
964
954
970
1011
1037
1038
1063
1078
1083
1088
1073
1066
1064
1062
1046
1030
1024
1021
1012
1006
1023
1039
1040
1041
1043
1051
1045
1048
1041
1035
1035
1030
1030
1042
1039
1042
1044
1040
1042
1041
1039
1049
1006
1001
1009
1014
1020
1021
999
979
969
970
981
1001
1011
1030
1043
1048
1051
1041
1035
1041
1046
1035
1031
1034
1033
1021
1021
1034
1032
1030
1015
1020
1037
1047
1034
1043
1021
1020
1019
1019
1017
1027
1021
1020
1026
977
958
955
972
987
1009
1030
1023
1012
1016
1013
1016
1033
1036
1036
1028
1038
1041
1036
1033
1032
1025
1018
1018
1025
1027
1021
1027
1027
1023
1018
1016
1007
1003
997
999
1001
985
979
980
978
970
975
963
959
947
952
959
966
970
970
979
995
995
991
999
992
991
992
992
996
1001
1003
996
1004
1005
1011
1012
1007
1007
1008
1006
1016
993
978
963
966
950
932
920
917
934
960
1005
1031
1028
1037
1049
1044
1032
1019
1024
1018
1023
1032
1034
1037
1028
1037
1033
1030
991
971
979
984
989
1001
1024
1007
984
979
1008
992
982
972
979
970
979
974
972
967
974
984
991
1009
1008
1016
1028
999
985
990
985
991
983
972
978
979
991
999
994
995
1017
1021
1028
1016
1007
1010
1001
989
979
988
979
978
977
979
976
980
973
968
972
968
965
973
965
966
971
977
975
980
971
965
964
963
969
975
987
995
991
987
983
1001
1001
1004
1014
1019
1017
1002
993
991
983
978
979
985
1003
1015
1007
1014
1007
1013
1003
995
1001
1009
1003
1001
1004
1006
1011
1017
1015
1003
999
999
1003
991
969
969
936
918
910
917
932
950
961
973
989
986
980
987
987
990
989
995
1007
1012
1026
1019
1015
997
975
967
964
971
967
973
988
1001
1002
1001
1020
1029
1025
1013
1005
1011
996
988
992
999
1003
1015
1014
1024
984
961
960
961
964
979
995
1016
1028
1056
1063
1057
1036
1022
1019
1005
1000
990
992
999
1006
1009
1021
1015
1018
1012
1015
1010
1001
986
963
954
967
993
997
994
985
985
984
984
983
989
990
988
997
994
986
979
977
967
971
977
972
971
969
966
965
966
974
1001
1021
1021
1021
1024
1031
1025
1028
1003
1001
995
995
997
1004
992
977
977
982
970
972
972
987
994
997
1003
1000
1005
999
996
998
997
996
995
985
970
966
951
953
964
972
977
980
986
972
977
968
971
976
979
978
977
980
983
978
973
972
968
959
951
966
964
960
968
983
992
989
988
990
999
1001
993
982
994
950
925
916
918
939
959
979
991
1008
1040
1033
1042
1027
1014
1019
1017
995
992
1011
1006
989
979
982
991
996
996
1017
1002
986
980
974
987
993
1007
1009
1017
1020
1013
1013
1008
1010
1012
997
994
997
1008
1004
998
982
995
998
989
973
963
975
971
972
969
1002
985
971
975
993
981
963
950
959
961
960
962
973
986
984
987
982
987
997
997
993
995
1001
1002
999
994
985
983
978
958
959
959
954
945
947
919
924
920
931
937
937
961
971
990
994
997
996
986
988
998
1015
1024
1021
1020
1014
1031
991
974
960
973
979
988
989
999
1014
1020
985
974
971
973
968
980
978
992
1018
1017
1021
1016
1030
1003
987
965
975
983
973
965
979
982
977
975
979
998
994
989
976
982
995
982
976
966
959
953
951
951
970
975
968
975
997
1015
1009
1009
1009
1009
1000
997
994
1017
1005
1004
991
990
998
997
1000
1004
1021
1023
1031
1010
993
979
945
941
957
979
994
991
1006
1018
930
1099
1005
1009
984
979
963
957
968
983
989
1002
1007
996
990
995
1000
994
976
969
971
987
992
992
993
1008
990
954
946
932
931
947
953
961
975
1014
1037
1042
1031
1021
1026
1019
1011
1009
992
1006
991
979
979
982
985
979
966
978
991
986
984
985
998
1004
1013
1011
1036
1023
1011
1000
1007
991
984
978
978
984
989
993
1001
992
1010
981
983
976
972
985
980
988
980
1002
1011
1002
1010
1013
1029
1017
1021
1009
1000
990
979
978
978
1001
993
989
984
989
1016
1010
1017
968
948
921
905
876
843
823
796
780
770
759
749
738
694
766
723
722
717
711
704
699
696
696
694
692
693
701
719
754
787
760
741
738
293
466
787
762
778
835
934
928
960
1044
827
272
1120
1116
1099
1116
1107
1082
1065
1053
1043
1055
1065
1070
1059
1031
1015
1014
1013
998
996
1017
1028
1013
988
1015
1022
1023
990
985
983
998
1009
1001
1020
1037
1049
1023
1012
1015
990
986
981
967
974
990
1000
1010
995
1013
1026
1048
1028
999
1008
1013
1023
1011
1015
1026
1023
1002
988
967
980
977
956
954
964
979
987
981
998
1000
1006
999
984
987
986
996
982
972
977
986
974
981
1000
1006
1008
995
1001
994
999
987
951
959
973
990
1000
1011
1016
1016
1019
1006
1020
1036
1050
1051
1033
1005
999
1006
1014
995
981
977
983
983
977
994
1012
1018
1007
991
995
994
995
1001
999
1015
1026
1035
1023
1013
1018
980
959
951
939
949
963
981
987
1008
1026
1037
1053
1059
1021
1022
1026
1016
995
1003
1008
1008
994
994
1001
1001
1001
978
976
988
984
988
979
953
960
972
979
978
956
971
973
977
969
954
976
999
1011
1007
1003
993
991
996
996
998
994
991
990
1001
1008
1008
1018
1032
1050
1022
1009
998
1006
1000
1010
1011
990
1005
1018
1021
1014
1015
1023
1015
1004
991
1001
1003
996
979
960
949
966
992
1014
1029
1010
1000
1001
1004
992
970
971
969
971
959
960
970
956
949
948
962
980
1004
1003
996
1018
1031
1033
1029
1000
1008
1008
1015
1017
1001
987
1002
1004
1000
991
1006
1002
1015
1002
990
1005
1005
1007
991
992
1003
1006
972
984
986
988
964
946
955
962
968
955
953
951
960
966
957
976
995
996
987
984
997
1004
999
988
992
987
988
973
979
979
982
993
994
1006
1009
1011
998
953
954
974
991
1013
1007
1012
1019
1028
1033
1016
996
1001
1010
1008
991
979
997
999
990
966
943
940
941
942
951
949
968
981
994
1004
998
985
996
1003
1014
994
970
969
970
973
956
950
942
928
922
927
940
961
947
944
950
947
934
932
933
937
943
945
941
961
979
990
984
977
979
981
975
965
946
958
971
981
988
979
985
994
1000
988
984
995
997
1001
982
975
988
998
1008
990
978
984
984
983
973
939
935
931
921
920
934
951
965
964
979
983
1002
996
1004
1018
1018
1003
1011
1000
1005
992
973
981
984
987
970
959
961
958
957
934
925
937
947
968
969
973
982
971
971
942
932
937
940
952
947
933
943
956
962
961
967
958
957
930
936
953
960
955
954
973
982
985
973
976
981
984
975
969
959
950
933
917
928
932
942
941
936
953
966
971
959
938
937
947
935
934
918
922
937
940
942
956
980
997
995
986
995
999
1004
1006
983
978
987
991
995
974
961
957
957
944
936
939
947
955
943
938
958
974
974
965
945
957
972
983
983
977
965
966
978
982
971
967
977
979
967
939
923
932
934
949
950
953
976
968
965
942
938
936
944
947
951
971
986
992
972
966
975
986
979
968
940
933
931
914
918
918
934
928
938
961
974
978
973
963
967
968
977
984
978
953
969
968
973
986
968
951
951
950
965
954
931
936
936
936
938
932
936
940
952
960
958
955
974
977
986
972
956
967
968
969
960
953
970
968
969
952
935
950
956
962
962
964
957
959
947
936
940
947
951
943
946
956
960
971
961
965
950
942
925
920
932
943
964
965
964
981
993
1005
984
965
973
978
973
959
953
956
961
965
952
956
969
971
972
957
930
929
940
956
952
945
960
965
961
943
926
929
916
936
955
956
969
979
991
997
987
972
979
986
979
972
923
906
897
908
913
929
944
958
964
959
971
984
990
987
983
989
987
993
980
968
976
971
962
951
936
952
956
962
946
950
958
962
955
941
947
938
938
922
900
899
897
901
905
897
916
922
939
941
946
963
969
974
964
948
960
962
960
966
942
922
926
920
924
924
922
927
939
956
964
953
955
962
969
974
950
936
942
947
960
950
945
963
962
972
959
945
951
953
956
948
935
939
945
951
943
946
958
952
954
940
938
945
944
939
936
952
946
938
924
916
913
918
929
925
924
928
923
924
921
910
908
909
910
908
896
903
910
923
919
928
940
950
949
936
946
931
934
930
920
931
941
957
958
948
943
947
948
923
912
892
889
890
888
895
914
925
944
937
926
926
922
927
918
917
921
903
901
893
912
934
957
962
950
933
944
949
954
950
960
968
977
1004
952
932
933
923
917
922
912
869
836
802
783
765
752
745
741
742
751
765
781
822
872
929
968
995
977
957
951
958
960
971
889
836
808
787
789
823
844
845
899
953
982
1012
1013
1011
1024
1042
1058
1065
1062
1039
1030
1042
1044
1046
1026
998
983
979
979
976
961
957
974
971
968
947
945
933
930
914
920
904
889
879
883
889
890
897
903
927
938
945
930
922
935
934
952
949
942
966
980
997
993
981
978
953
935
920
922
920
917
918
918
929
936
944
940
936
943
937
937
933
935
945
951
962
955
957
968
977
972
954
939
944
947
959
965
954
948
955
956
965
938
906
905
899
908
911
913
938
949
954
958
953
951
950
954
936
928
938
936
945
940
936
942
950
948
941
948
953
956
944
945
960
958
962
936
918
919
918
917
926
932
938
949
950
951
963
979
985
976
969
974
974
961
951
948
939
930
930
937
936
932
939
935
938
942
941
939
950
957
961
958
933
929
929
931
923
919
933
930
922
935
929
933
948
957
974
953
930
927
935
945
943
943
956
962
972
969
962
975
971
969
958
946
949
942
935
926
911
906
938
918
925
912
910
929
951
957
948
947
954
960
962
953
952
952
952
947
938
930
937
938
940
944
959
967
976
953
946
934
934
926
917
920
937
950
943
950
964
975
973
967
956
961
963
961
961
924
893
888
890
888
889
893
910
921
925
931
950
966
981
981
977
982
973
957
942
939
929
923
924
913
898
884
878
881
880
889
909
919
915
914
909
905
902
894
889
893
901
915
931
935
941
955
971
985
977
961
963
968
966
954
939
935
937
947
951
947
944
938
938
925
911
917
931
944
946
941
946
953
943
933
933
937
938
935
929
935
936
939
931
912
914
909
926
936
941
955
957
970
970
981
977
972
969
955
954
962
963
972
962
959
955
958
959
951
972
944
935
924
921
934
939
945
936
943
959
954
942
948
965
964
942
938
954
958
946
950
951
942
928
923
924
923
924
921
923
933
939
947
940
935
933
941
942
934
938
913
906
896
908
920
932
923
923
937
939
939
939
960
969
979
960
942
938
944
943
924
930
935
938
924
924
922
923
921
920
929
932
939
931
931
917
899
893
892
903
913
925
940
937
939
951
950
960
951
939
945
948
948
940
946
963
967
975
963
955
966
968
946
953
961
970
937
909
897
905
906
923
926
908
908
911
900
900
905
908
921
933
947
946
940
953
956
958
956
921
883
866
866
882
899
912
938
954
962
963
953
959
955
953
925
913
913
908
904
901
899
916
921
935
937
933
946
951
962
943
940
948
946
943
938
924
929
927
933
925
925
942
950
964
958
947
952
946
945
936
940
939
938
936
922
932
933
938
935
936
951
952
947
938
954
961
953
927
913
909
901
920
930
942
967
975
981
979
992
976
972
951
949
956
947
940
931
926
930
928
925
925
930
950
951
956
932
928
925
923
921
913
923
938
933
922
918
914
898
906
911
912
921
940
952
950
928
932
957
977
985
980
981
990
997
996
973
966
970
955
950
933
929
941
955
953
947
958
974
982
973
961
966
965
966
966
913
889
884
887
891
884
894
914
922
931
919
943
953
960
960
972
978
973
941
901
897
889
884
884
888
894
902
916
918
922
937
945
951
935
928
928
926
923
933
920
913
904
898
911
924
924
927
919
921
933
936
932
930
931
925
921
902
906
908
914
922
931
942
930
931
924
926
942
942
917
897
885
866
857
858
858
860
865
867
871
872
883
901
909
912
921
935
936
931
922
926
920
912
916
908
907
911
892
880
873
882
888
889
885
898
897
892
889
886
891
894
884
876
873
876
873
873
887
903
906
900
890
889
887
876
876
896
893
881
886
891
894
895
905
914
905
908
907
913
916
913
905
911
925
914
910
925
937
928
923
912
921
907
868
843
831
823
831
855
886
892
884
857
840
820
805
788
779
783
795
827
857
894
926
940
931
929
947
958
970
950
947
956
952
952
950
956
974
984
984
962
946
937
939
953
951
922
903
909
896
882
869
881
886
881
877
896
910
899
898
902
910
892
859
836
827
827
840
854
857
858
884
905
931
940
936
970
980
997
979
969
973
974
973
966
954
957
946
939
932
928
945
955
974
913
890
887
876
880
882
876
881
892
886
884
871
869
875
885
897
898
909
920
927
938
936
933
948
958
969
956
956
958
958
954
944
953
964
957
951
938
922
925
925
921
924
940
931
917
923
926
903
892
889
856
843
843
837
826
836
856
891
901
915
949
971
976
961
947
944
942
946
951
934
920
924
926
945
936
927
927
933
931
927
922
915
908
904
901
896
899
906
922
935
934
924
933
939
926
908
896
896
894
887
880
876
905
929
917
898
906
896
870
843
843
846
852
848
841
837
852
882
928
965
977
998
1018
1036
1025
1013
1024
1021
1014
999
974
979
989
994
991
992
1002
990
983
965
946
943
944
949
970
981
984
983
988
993
989
976
985
983
984
991
954
938
931
928
923
936
957
952
946
937
927
915
906
900
901
893
890
901
907
912
917
918
917
914
925
941
941
938
957
968
970
955
963
984
981
972
976
975
956
950
951
965
956
949
958
959
945
939
943
941
926
917
922
938
920
909
929
955
940
925
938
965
923
882
859
841
833
826
825
827
847
872
887
911
924
935
936
931
925
935
940
938
938
949
951
952
942
932
947
959
975
965
965
982
985
968
928
903
897
898
898
896
907
914
915
923
930
927
914
896
890
889
903
926
932
935
932
942
935
931
926
941
962
947
937
959
972
938
912
924
898
863
839
819
810
814
831
860
888
923
947
955
967
995
1008
1005
993
993
994
996
988
989
971
960
950
940
947
956
959
951
961
969
974
976
971
981
985
980
976
962
952
942
940
942
952
972
961
962
962
960
970
985
989
993
997
985
973
956
958
961
947
944
964
940
929
918
910
894
870
870
865
862
869
887
914
924
940
943
948
956
948
939
937
938
931
933
940
941
939
936
942
944
931
925
928
937
935
927
932
939
939
935
927
923
911
888
878
865
845
848
849
850
877
911
917
932
940
943
934
913
897
867
837
824
829
850
866
892
925
928
927
934
936
904
896
882
869
863
854
859
884
927
948
950
913
900
878
862
863
864
876
883
896
906
911
916
914
920
918
913
917
921
929
927
917
917
926
935
933
939
942
943
939
939
929
922
913
904
907
905
907
911
921
913
917
920
930
929
927
929
946
951
946
947
956
959
944
944
946
941
914
903
903
892
896
904
908
909
912
908
899
899
892
880
879
882
879
881
891
900
898
912
922
926
913
908
910
901
886
889
902
906
903
905
919
923
911
899
893
868
857
853
850
840
841
845
846
853
868
879
891
887
892
905
905
902
898
901
896
877
870
868
882
886
872
870
886
884
855
837
825
820
816
826
837
854
858
871
886
899
910
915
890
862
846
829
813
804
815
838
859
893
916
940
950
942
928
926
936
947
956
961
975
969
981
974
972
979
980
970
972
968
969
979
979
977
965
965
980
967
956
946
952
953
946
952
957
971
966
955
954
964
945
928
924
918
908
898
890
880
860
846
842
854
894
957
980
997
1007
1009
1009
997
987
978
983
979
972
972
955
951
958
958
961
972
995
981
976
977
978
976
964
952
950
952
961
964
967
964
954
938
934
932
931
933
938
950
943
950
945
944
943
940
936
940
945
945
943
945
952
944
929
923
928
924
919
919
922
918
920
922
923
927
927
932
937
924
912
910
899
893
889
897
905
900
905
930
940
936
931
941
933
916
912
915
912
902
908
912
911
907
905
900
890
884
876
875
881
886
903
911
920
928
942
952
955
946
942
951
950
949
946
955
972
956
933
929
916
908
906
904
899
893
887
891
894
896
903
922
936
932
927
932
929
926
921
922
925
922
930
938
929
928
925
929
923
913
913
900
884
883
879
887
909
942
959
983
998
1004
976
957
945
936
913
903
913
912
899
897
895
898
895
879
870
874
869
847
836
818
805
796
801
823
855
898
950
967
978
975
964
969
965
962
956
950
945
940
939
938
925
932
938
948
952
958
954
938
925
926
927
931
945
965
987
983
973
974
977
960
940
930
895
874
875
879
882
892
892
899
907
921
923
922
932
931
924
918
926
929
928
932
943
946
938
938
940
932
920
914
903
896
890
890
881
881
887
893
887
876
876
863
853
855
854
849
854
864
874
876
883
893
896
887
878
880
881
870
860
854
854
851
835
826
823
822
810
795
785
780
774
778
789
809
830
846
856
867
878
892
906
921
924
927
932
945
950
946
942
937
937
927
925
938
941
945
941
944
954
945
936
937
941
910
873
859
844
843
874
912
975
1021
1033
1033
1030
1025
1018
998
998
986
982
977
978
980
974
966
967
956
946
940
949
940
944
953
956
949
948
945
943
934
928
943
953
962
970
975
968
957
944
939
928
924
926
919
913
920
923
926
936
954
961
963
969
979
977
967
962
969
954
945
939
944
951
944
951
961
975
966
959
947
949
937
925
918
924
921
923
929
944
957
947
947
948
934
930
921
914
917
919
923
917
914
918
912
909
910
908
912
920
921
922
927
933
937
939
936
945
943
941
943
951
960
966
949
948
952
943
938
934
935
928
920
919
919
912
907
908
905
892
881
880
882
880
883
893
909
913
919
926
939
936
916
902
881
864
861
851
852
867
895
909
929
939
949
953
947
942
940
929
916
917
907
902
894
888
895
893
888
894
887
875
868
857
858
859
860
874
897
919
929
914
922
932
931
926
922
929
934
923
923
934
940
935
926
939
943
926
922
913
899
895
896
896
898
904
902
896
901
902
900
897
896
890
886
892
894
896
901
896
896
896
891
889
898
897
897
901
901
896
892
894
882
876
872
864
856
858
854
851
856
858
855
859
861
854
849
854
857
848
841
844
844
840
841
847
841
837
839
836
828
827
827
821
825
832
833
848
872
891
900
903
906
904
886
864
848
837
821
804
802
811
830
836
845
859
883
894
894
896
890
892
889
888
892
895
888
895
910
915
917
913
920
920
922
925
926
931
945
938
920
901
874
843
816
798
781
771
764
769
819
890
935
956
973
994
987
988
974
941
907
896
896
874
858
842
832
839
869
907
950
1000
1024
1027
1027
1025
1017
1019
1022
1013
1019
1008
993
989
992
997
999
992
980
978
992
973
969
969
962
949
941
940
944
941
940
936
933
934
927
920
916
920
896
876
866
872
854
839
832
836
859
898
942
976
996
1007
1001
998
987
998
1002
1011
1020
989
999
1003
1004
1017
1018
1015
1018
1009
998
997
998
978
972
968
970
968
970
959
958
950
943
952
949
948
959
967
961
963
976
978
971
965
963
964
966
978
989
994
1007
1009
1019
1004
992
990
985
972
963
962
955
950
943
946
937
927
916
924
915
912
918
924
927
931
936
936
933
933
939
936
938
942
944
938
941
944
935
926
935
932
922
917
918
907
891
881
882
875
870
873
882
874
868
867
882
901
906
908
925
921
881
855
841
822
815
837
887
943
999
1019
1019
1018
1019
1021
1014
1011
1005
994
993
1007
1020
1046
1059
1045
1040
1028
1024
1037
1021
1019
1021
1035
1020
1019
1018
1034
1041
1037
1027
1009
1006
994
976
977
989
994
988
999
1019
1020
1024
1023
1021
1016
1021
1019
1004
997
999
983
980
982
1002
999
992
991
1004
1007
993
987
985
998
974
960
962
960
967
971
981
983
1011
1019
1021
1008
1009
1001
1004
1006
1007
1005
991
990
986
983
986
928
893
887
902
922
943
962
963
972
928
889
864
846
830
819
809
804
798
796
787
770
759
754
747
736
729
722
719
725
733
738
758
794
842
864
857
832
811
812
855
954
1033
1052
1093
1104
1117
1104
1099
1094
1084
1078
1087
1056
1074
1084
1071
1058
1035
1021
1023
1030
1000
975
994
1008
979
979
986
991
998
995
1020
1044
1064
1047
1040
1046
1039
1025
1014
989
990
997
1012
1015
998
1010
974
946
919
928
959
965
938
922
950
968
957
986
1020
1021
998
1001
997
991
994
988
1013
1017
1026
1035
1049
1025
1021
1014
1004
1012
1006
996
973
942
920
928
924
910
915
944
977
993
1012
1049
1062
1048
1057
1063
1066
1074
1074
1056
1065
1067
1077
1087
1079
1052
1069
1058
1048
1026
1008
992
969
952
921
917
909
875
857
875
898
933
969
1013
1021
1035
1021
1033
1031
1007
942
918
932
947
979
1009
1013
980
954
948
953
969
966
958
969
982
1000
1013
995
979
994
995
988
1016
1031
1030
1002
1026
1049
1027
974
907
877
855
828
793
791
783
774
769
766
768
771
773
776
776
770
437
3304
728
728
715
709
699
694
687
682
674
668
663
656
650
646
644
639
638
633
630
623
624
626
632
646
669
676
692
729
814
928
1003
1053
1039
1082
1086
1100
1104
1063
1072
686
382
1076
1068
1066
1077
1084
1084
1067
1099
1104
1114
1127
1128
1132
1119
1124
1125
1121
1092
1084
1034
1042
1020
989
416
565
920
880
853
845
851
906
997
1077
1086
1100
1107
1111
1091
1078
1081
1091
1104
1110
1098
1100
1108
1116
1123
1115
1061
1051
1047
1058
1060
1021
1041
1050
1061
1058
1038
986
961
960
962
962
989
1009
1039
1037
1015
1024
1029
1047
1036
1023
1027
1038
1028
1017
1031
1032
1040
1045
1047
1025
1009
1034
1054
1062
1044
986
960
941
949
938
912
951
986
973
982
1001
1007
986
979
1005
990
984
997
1007
1003
978
988
989
1007
1021
1005
1008
1026
997
971
938
903
939
1010
937
891
916
943
935
945
1001
1063
1080
1058
1081
1085
1088
1091
1074
1072
1068
1066
1072
1079
1063
1024
1013
1029
1043
1052
1037
980
965
942
942
958
946
967
968
982
985
973
995
1021
1039
1028
1017
1021
1025
1025
1003
1018
1017
1023
1009
986
989
989
1000
995
991
1013
1023
1011
988
993
990
1000
990
965
984
990
1003
993
979
1005
1001
985
974
1017
1021
992
977
979
945
896
864
872
881
872
871
921
972
1026
1012
1053
1083
1073
1056
1045
1043
1029
1022
1030
1038
1021
1032
1035
1049
1034
1039
1039
1036
1040
1033
1009
990
967
969
961
945
960
969
973
966
947
946
962
972
963
959
992
995
993
996
983
995
991
1006
992
979
1015
974
968
940
911
925
926
926
898
867
854
855
872
924
987
992
1044
1076
1093
1097
1100
1097
1073
1035
1049
1056
1062
1075
1073
1039
1031
999
979
936
903
906
920
917
938
960
976
999
978
982
1000
1005
1009
986
992
984
960
964
964
976
993
985
1018
997
987
993
949
906
906
912
921
901
922
958
1008
1018
1013
1052
1062
1062
1040
1060
1045
1037
1022
1027
1017
998
1009
1006
1010
998
1021
999
996
985
973
965
953
972
977
960
974
972
979
973
994
1014
1024
1031
1021
1013
1043
1052
1057
1051
1048
1022
1029
1041
1066
1064
1039
1008
1027
1023
1025
976
958
970
973
971
949
971
962
954
926
922
932
927
936
909
888
898
902
916
914
921
939
942
952
946
947
972
977
953
976
969
973
971
980
966
955
974
985
994
976
968
952
931
947
930
923
942
958
979
974
992
1013
1029
1035
1017
1009
1026
1031
1032
1010
1032
1026
1032
1033
1009
1001
1024
1031
1027
997
991
1027
1013
1015
975
992
1005
992
951
939
960
953
933
921
941
938
942
918
918
960
989
1016
994
1002
1024
1030
1033
1009
1013
1028
994
968
929
911
941
970
1009
1031
1004
1027
1019
1010
992
956
959
964
963
939
971
992
998
968
964
997
996
988
952
962
970
966
938
950
1001
983
964
925
936
960
969
945
920
943
972
987
946
924
949
979
1003
998
1008
1038
1062
1073
1071
1036
1032
1038
1048
1054
1047
1011
961
957
963
980
971
963
993
992
989
977
959
978
986
986
959
960
990
985
977
952
977
982
974
943
957
1001
997
989
969
976
981
962
930
925
951
961
965
951
970
985
995
955
965
977
984
964
960
985
1004
1015
989
1008
1014
1008
1002
969
957
974
978
986
962
964
1003
1005
963
960
985
965
927
927
965
970
962
940
956
950
939
923
942
950
957
926
923
964
979
949
986
994
988
971
1010
1010
1003
976
980
993
997
990
964
998
994
1000
960
952
975
953
974
948
974
1004
996
955
925
942
942
935
919
943
967
981
960
938
969
966
957
941
976
979
975
938
928
947
944
921
901
938
942
946
917
928
963
940
898
890
926
926
930
907
939
969
984
948
949
989
978
926
975
988
987
945
975
994
997
957
955
999
996
978
942
968
957
956
943
980
1017
1000
979
1027
1021
1013
965
966
979
972
930
930
969
961
941
935
972
976
972
938
945
975
961
923
937
974
970
929
931
956
940
905
886
877
854
832
812
787
762
742
721
713
703
696
694
695
699
696
697
692
689
689
686
683
679
672
669
662
664
662
659
653
650
649
646
639
640
645
672
737
751
763
771
747
753
749
730
723
711
700
682
683
673
666
661
654
651
645
643
645
666
715
750
831
925
1012
1063
1025
1018
991
1025
1073
1093
1078
1110
1104
1109
1100
1027
982
1021
1060
1094
1067
1024
1053
1099
1116
1078
1090
1089
1096
1091
1066
1079
1087
1090
1073
1052
1024
1022
1035
1021
1018
1045
1078
1099
1101
1114
1104
1101
1075
1065
1066
1068
1058
1075
1077
1081
1055
1009
1007
1020
1010
995
977
989
989
998
989
999
1009
1022
1015
1005
1031
1032
1021
993
978
995
1006
1017
999
959
1001
1016
1002
959
952
912
903
877
863
879
874
835
822
811
792
795
824
903
1010
1076
1116
1131
1141
1121
1117
1114
1116
1107
1070
1023
995
992
1013
1023
981
981
967
970
975
987
973
994
1026
1009
1021
1042
1061
1079
1071
1045
1049
1046
1054
1045
1040
1049
1023
1002
975
1010
1023
1028
1033
977
1001
960
951
923
929
964
967
949
972
1009
1014
990
1018
993
949
955
918
911
929
916
902
885
888
918
909
906
968
1016
1028
1002
999
1008
1019
1027
1022
991
1015
1010
1033
1039
1020
1003
1015
995
996
983
989
991
993
986
941
932
937
945
938
920
962
1004
1019
983
959
979
988
1003
989
981
1014
1023
1023
984
970
979
982
992
973
989
992
994
979
979
1002
1010
998
974
948
938
942
912
924
933
936
953
932
927
939
956
980
962
962
987
994
1011
1023
991
1017
1021
1031
1009
971
990
973
967
954
973
1007
1012
986
1017
1003
971
940
963
962
941
933
895
881
896
880
861
851
854
868
880
898
962
974
913
865
842
816
795
777
762
751
742
736
731
734
766
871
997
1048
1063
1021
1055
1077
1062
985
905
841
805
785
772
769
788
902
1057
1101
1147
1181
1192
1176
1160
1117
1098
1103
1102
1114
1102
1034
934
896
859
850
855
907
955
1018
1021
1004
1013
1046
1037
1050
1051
1055
1036
1053
1050
1058
1049
1033
1044
989
974
939
920
925
954
998
967
1026
1037
1033
1011
1038
1047
1050
1036
1013
1042
1044
1056
1045
1048
1071
1079
1085
1049
1043
1054
1058
1025
1026
990
979
952
951
957
959
950
949
978
980
957
945
972
995
971
982
980
955
947
976
993
996
973
981
1007
1038
1036
1002
996
986
999
984
979
991
1003
1025
1019
1016
1037
1048
1057
1052
1013
1035
1016
1020
1002
977
991
991
983
973
1003
969
958
937
947
957
971
980
957
970
991
999
978
1012
1021
1023
986
1015
1000
958
969
966
957
932
937
980
1000
997
959
928
912
926
944
937
951
980
984
970
975
994
1009
1009
969
1007
1006
1014
987
1004
983
971
943
940
984
991
981
960
964
952
960
938
918
941
963
959
931
945
925
939
947
938
989
1021
1044
1023
1001
1020
1015
1021
979
987
987
996
979
957
985
973
983
967
974
985
985
974
950
944
924
916
899
880
867
875
886
896
897
956
955
977
950
994
998
1011
982
1017
1009
1012
979
981
983
987
980
933
918
930
935
950
934
997
1020
1026
980
986
967
939
939
973
988
1005
982
993
1012
1024
991
996
998
985
951
948
961
953
946
925
954
980
986
958
938
974
978
975
948
961
977
980
989
954
958
959
955
958
945
991
989
986
982
1015
995
995
955
945
945
960
950
930
961
986
1001
977
975
957
957
973
937
933
968
979
988
959
986
1003
1031
996
980
1010
999
995
953
960
980
1000
974
983
1033
1012
978
963
990
959
922
900
885
867
867
859
861
890
913
957
923
951
969
975
960
973
1013
1046
1058
1047
1031
1059
1056
1048
1012
1036
1015
1003
973
1028
985
935
937
926
912
911
882
877
851
823
804
788
769
761
746
734
726
720
720
726
732
736
735
740
736
734
729
722
715
712
704
697
690
688
695
729
789
852
920
981
1036
1059
1027
910
854
859
940
959
923
967
1056
1108
1054
1114
1137
1151
1137
1177
1180
1170
1146
1164
1146
1114
1104
1105
1118
1112
1081
1128
1091
1080
1050
1021
1012
1028
1032
983
1013
1021
1037
1028
1063
1067
1082
1063
1100
1115
1111
1108
1105
1106
1064
1083
1099
1109
1095
1109
1092
1076
1056
1077
1057
1046
1044
1060
1030
977
935
909
919
938
918
913
935
976
985
1021
1049
1072
1043
1056
1069
1060
1046
1084
1085
1087
1045
1061
1063
1053
1036
1063
1055
1021
1056
1044
1038
1012
1025
990
1000
990
941
941
979
998
985
995
1044
1058
1054
1053
1069
1067
1056
1075
1082
1091
1083
1058
1070
1041
1031
987
1008
979
972
972
1038
1032
1035
1035
1072
1070
1049
994
1019
1020
1027
1007
1048
1068
1066
1067
1116
1086
1058
1025
1018
1018
1011
976
973
1017
1027
1019
972
1018
1025
1022
997
1009
1020
1021
997
999
1047
1051
1019
1041
1066
1072
1039
1029
1055
1068
1074
1036
1058
1043
1042
1001
1049
1021
1021
989
994
1025
1025
981
990
1017
1005
978
998
1006
998
945
918
929
945
940
930
975
1010
1033
1012
1008
1029
1044
1026
1021
986
1000
1009
1046
1029
1016
1041
1046
1050
1025
1061
1063
1070
1053
1028
1037
1023
1016
981
993
1039
1025
994
1001
966
946
933
914
896
896
913
904
893
926
962
1001
1034
1005
1038
1063
1065
1054
1087
1085
1083
1083
1051
1061
1070
1066
1034
1076
1029
973
960
1025
1046
997
921
889
871
840
809
804
785
772
764
761
762
760
759
759
760
755
757
768
796
853
947
1033
1085
1122
1131
1124
1121
1090
1056
1001
1010
975
930
1007
1089
1120
1052
1094
1120
1144
1131
1163
1175
1168
1162
1165
1173
1160
1150
1127
1141
1128
1134
1123
1146
1155
1151
1119
1104
1062
1045
1040
1005
1030
1025
1039
1025
1069
1095
1118
1114
1067
1087
1086
1080
1066
1098
1095
1096
1083
1106
1107
1095
1071
1097
1103
1099
1054
1097
1098
1099
1064
1090
1088
1079
1019
1029
1063
1076
1056
1030
1034
1043
1062
1049
1081
1092
1062
1027
1063
1087
1099
1084
1083
1107
1118
1113
1076
1101
1084
1076
1039
998
963
984
996
992
978
969
973
1015
1019
1065
1087
1103
1080
1104
1125
1120
1110
1088
1104
1102
1105
1082
1114
1107
1100
1078
1064
1087
1082
1057
1069
1082
1054
1007
988
1042
1059
1056
1037
1045
1029
1016
994
1021
1011
997
985
1011
1016
1018
1004
1033
1050
1062
1020
1026
1054
1035
988
961
933
924
931
903
918
950
1009
989
948
972
938
896
884
865
856
856
856
844
834
825
822
823
831
850
844
833
856
930
989
1047
1048
964
942
957
977
987
962
998
1048
1102
1133
1082
1117
1129
1136
1121
1105
1114
1120
1123
1112
1095
1080
1118
1143
1167
1139
1154
1116
1101
1086
1123
1096
1084
1074
1057
1035
1031
1012
1068
1068
1040
1029
1063
1060
1042
1065
1071
1076
1058
1053
1074
1063
1032
1030
1048
1064
1061
1050
1058
1043
1022
994
1020
1021
1025
1005
1053
1055
1061
1037
1076
1079
1085
1057
1102
1100
1097
1061
1096
1099
1097
1087
1048
1081
1071
1049
1033
1056
1050
1045
1025
1077
1089
1080
1051
1056
1056
1055
1028
1061
1083
1041
1007
1071
1047
1012
1006
968
923
879
859
850
835
844
832
855
924
939
937
1009
1041
1014
1045
1064
1090
1104
1064
1080
1084
1090
1108
1078
1110
1096
1086
1034
1042
1072
1093
1102
1067
1057
1087
1117
1086
1099
1139
1119
1063
1041
1024
990
1001
967
992
1016
1042
1029
1094
1087
1045
1017
1050
1046
1057
1035
1079
1094
1107
1124
1096
1122
1130
1132
1113
1094
1110
1114
1122
1074
1079
1076
1079
1051
1016
1040
1034
1024
1018
1074
1094
1105
1061
1072
1092
1087
1034
1000
1008
1013
996
1000
1052
1057
1050
1022
1064
1055
1035
1028
1055
1035
966
964
945
960
1001
1014
1006
1000
972
934
903
877
875
880
891
891
938
992
1055
1054
1086
1113
1127
1105
1140
1146
1140
1106
1104
1104
1087
1078
1060
1043
1068
1063
1067
1066
1030
999
1002
1009
966
921
891
884
864
859
920
1018
1110
1150
1152
1189
1204
1210
1213
1176
1147
1165
1176
1176
1158
1136
1113
1143
1160
1151
1118
1119
1073
1047
1012
1076
1089
1094
1058
1104
1067
1054
1021
1071
1073
1063
1039
1096
1094
1077
1056
1083
1059
1021
1036
1073
1039
1004
1019
1051
1033
1004
1013
1006
1032
1011
1063
1058
1048
1039
1081
1070
1089
1063
1057
1061
1069
1047
1034
1069
1075
1089
1103
1085
1095
1092
1094
1074
1098
1110
1105
1094
1036
1063
1021
997
964
1029
1073
1021
975
1003
1021
1030
994
1059
1061
1057
1049
1089
1109
1115
1091
1115
1118
1124
1088
1105
1101
1107
1095
1073
1109
1106
1093
1046
1028
1025
1016
1003
1061
1085
1051
1071
1080
1074
1066
1080
1077
1055
1005
980
973
979
962
942
942
945
970
962
1032
1072
1100
1058
1102
1110
1117
1083
1123
1106
1090
1067
1104
1112
1102
1073
1080
1090
1093
1081
1068
1112
1111
1092
1038
1076
1046
981
925
936
935
968
988
1007
1087
1104
1074
1069
1111
1111
1109
1072
1078
1105
1113
1111
1073
1073
1074
1064
1040
1076
1071
1070
1046
1070
1057
1052
1024
1062
1061
1054
1023
1052
1061
1060
994
1019
999
994
969
1023
1046
1059
1050
1091
1096
1092
1065
1088
1083
1054
1090
1094
1095
1054
1093
1103
1113
1056
1045
1066
1060
1018
1040
1083
1048
1009
1023
1049
1048
1008
1025
1051
1051
1034
1098
1097
1072
1034
1085
1092
1081
1047
1109
1079
1074
1035
1073
1074
1070
1035
1092
1078
1062
1033
1083
1083
1071
1037
986
972
942
909
899
929
910
898
873
895
931
966
1008
1002
1034
1058
1082
1058
1104
1117
1117
1078
1079
1100
1104
1059
1057
1103
1053
977
930
927
938
926
892
883
890
919
962
985
1008
1038
1080
1077
1096
1076
1065
1081
1091
1078
1063
1087
1109
1105
1159
1173
1155
1141
1042
1041
1055
1082
1022
1052
1060
1048
1013
1081
1063
1054
1019
1060
1063
1067
1021
1044
1077
1103
1106
1087
1110
1115
1090
1118
1077
1068
1052
1087
1082
1045
1039
1088
1071
1033
1011
1063
1051
1004
1015
1067
1056
1011
1013
1072
1092
1056
1108
1104
1085
1078
1123
1107
1064
1139
1103
1056
1053
1078
1058
1020
1000
1009
1004
965
975
1018
1043
1025
1043
1114
1120
1133
1090
1141
1133
1112
1107
1067
1105
1097
1101
1061
1109
1096
1076
1028
1075
1084
1087
1036
1066
1087
1078
1037
1091
1101
1061
1015
1079
1032
1009
967
968
966
969
941
1000
1008
991
1001
1056
1088
1050
1065
1069
1071
1043
1072
1095
1093
1045
1092
1076
1034
979
987
979
989
993
1024
1101
1095
1061
1045
1073
1072
1054
1045
1080
1081
1069
1042
1091
1090
1093
1030
1068
1067
1060
1013
1005
1041
1049
1028
1016
1072
1045
1030
998
1030
1015
999
979
1056
1080
1094
1036
1101
1046
989
912
845
827
804
787
795
798
778
771
768
764
759
757
751
734
729
727
727
730
729
728
724
714
708
701
699
696
697
693
686
681
674
674
670
665
671
684
690
699
699
701
710
716
735
737
756
786
828
864
895
933
956
956
939
914
871
883
919
979
931
894
924
973
1015
1069
1085
1109
1104
1113
1123
1144
1091
1012
950
929
943
914
880
856
865
880
909
935
955
956
959
939
900
873
854
859
867
892
868
857
836
813
789
775
757
737
723
705
700
693
683
680
677
689
701
713
729
765
815
861
909
941
941
931
933
933
922
896
889
915
942
962
956
923
945
947
949
959
937
917
923
929
959
985
987
969
983
1020
1023
1043
1001
999
1021
1073
1122
1122
1079
1068
1086
1066
1034
1011
1035
1082
1101
1071
1077
1089
1105
1101
1086
1065
974
925
899
875
841
842
834
839
848
865
873
876
891
938
1017
1099
1138
1144
1131
1112
1106
1101
1088
1067
1051
1026
969
945
1015
1082
1104
1063
1095
1099
1116
1080
1123
1112
1101
1100
1068
1102
1139
1149
1156
1155
1173
1179
1166
1146
1143
1127
1155
1152
1163
1154
1122
1130
1129
1109
1077
1121
1115
1095
1138
1139
1114
1082
1112
1119
1127
1102
1123
1133
1139
1122
1103
1105
1091
1082
1080
1099
1116
1104
1064
1083
1089
1079
1059
1095
1105
1117
1081
1050
1079
1086
1114
1103
1116
1121
1127
1135
1102
1130
1134
1132
1077
1058
1056
1060
1054
1088
1104
1107
1100
1133
1110
1102
1077
1105
1105
1101
1076
1094
1078
1059
1020
1041
1040
1046
1037
1067
1062
1030
980
980
961
982
1020
1065
1095
1113
1105
1099
1082
1101
1080
1052
1034
1044
1030
1023
1028
1043
1058
1059
1057
1076
1077
1068
1043
1075
1017
972
938
945
985
1059
1106
1137
1145
1142
1125
1129
1130
1115
1102
1082
1088
1073
1081
1065
1032
1047
1041
1042
1021
1048
1055
1068
1071
1052
1061
1050
1061
1071
1067
1045
1061
1072
1077
1079
1051
1034
1034
1038
1062
1060
1093
1099
1079
1044
1062
1057
1037
1033
1052
1041
1019
1035
1051
1077
1087
1111
1100
1076
1074
1075
1073
1066
1056
1066
1073
1062
1051
1061
1062
1062
1069
1042
1032
1021
1018
1015
1033
1039
1036
1054
1067
1072
1056
1071
1068
1058
1076
1075
1086
1080
1091
1077
1074
1055
1062
1051
1044
1016
1013
1010
1004
1002
1003
979
994
996
1003
1030
1039
1048
1060
1081
1076
1072
1066
1068
1057
1047
1061
1047
1034
1029
1030
1021
1042
1045
1037
1049
1058
1056
1033
1053
1055
1054
1053
1061
1054
1039
1051
1039
1022
1009
1021
1021
1017
1000
1000
984
970
967
969
966
991
992
982
985
992
998
990
998
972
960
953
933
930
947
950
940
972
973
975
966
993
997
996
990
1008
1020
1011
1016
1024
1027
1013
1011
1002
974
966
974
967
954
974
975
986
984
1000
1005
1000
998
1021
1013
1011
994
1000
999
999
982
987
990
999
986
996
1006
1014
1006
1036
1043
1031
1025
1036
1009
993
1021
1022
1022
1018
1023
1020
1007
1021
1015
998
1000
1017
1023
1009
1026
1024
1028
1008
998
1009
1001
988
966
970
952
926
934
931
933
951
967
976
975
994
997
996
983
993
990
982
977
997
990
989
971
985
985
970
969
979
981
986
1006
1007
1004
1009
1018
1011
980
978
986
992
979
1004
1011
1014
1002
1027
1034
1046
1034
1049
1035
1013
1021
1020
1025
1021
1025
1027
1022
1005
1017
1012
998
1013
1022
1028
1007
1020
1006
1013
990
976
986
994
982
967
974
966
957
968
972
967
972
974
987
985
994
1008
1024
1027
1027
1030
1014
1012
1020
1024
1031
1023
1022
1019
1003
979
958
969
979
1010
1025
1033
1056
1059
1062
1049
1024
1026
1010
1004
986
980
997
997
989
979
998
991
986
968
979
961
959
949
964
972
982
978
977
976
960
968
948
932
933
928
925
934
941
939
954
970
963
987
1001
1003
1000
1007
1009
996
1008
992
986
972
965
981
983
999
1003
998
1031
1031
1010
1021
1025
1005
997
1002
976
1002
1015
1015
1026
1060
1067
1052
1063
1066
1059
1051
1031
1045
1043
1039
1016
1020
1020
1024
1009
994
1009
1001
988
972
975
967
954
969
961
1898
951
947
938
934
954
955
949
973
641
336
977
980
981
979
963
977
975
962
963
981
979
965
991
977
968
963
968
963
959
936
950
944
946
932
943
959
965
962
958
975
970
966
956
953
966
972
974
921
903
861
834
821
829
930
985
1012
1059
1070
1087
1079
1069
1094
1098
1104
1106
1067
1069
1059
1042
1048
1010
1028
1028
1041
1027
1031
1026
1022
1002
997
1011
1019
1007
1033
1040
1059
1051
1068
1053
1041
1020
1032
1034
1033
1009
994
1001
1011
1015
1051
1072
1076
1101
1075
1054
1060
1052
1035
1062
1063
1047
1063
1052
1047
1034
1048
1056
1043
1048
1047
1038
1017
1022
1010
988
1012
1014
1021
1010
1041
1022
1013
1007
1030
1022
1015
992
997
988
993
984
1002
1003
1014
1006
980
985
980
975
966
976
969
965
969
967
979
995
1006
994
1008
997
989
1022
1035
1025
988
996
984
946
958
974
971
971
981
976
1007
1002
1011
1038
1046
1040
1032
1050
1055
1043
1057
1058
1068
1045
1064
1063
1050
1057
1055
1051
1013
1021
1017
995
997
997
986
989
997
997
975
977
986
1003
998
1003
998
992
972
987
984
980
1000
1012
1021
1012
1022
1008
997
1014
1014
1002
984
997
988
983
994
994
1002
991
1004
998
977
982
981
979
972
979
976
967
978
975
953
948
944
934
937
917
903
916
917
917
948
964
977
1017
1031
1002
1021
1009
989
1002
995
989
997
997
980
990
981
971
959
982
980
984
994
1022
1033
1037
1013
1027
1014
1009
1005
999
1018
1021
1019
1013
1012
1009
1002
990
998
993
986
989
1000
1002
999
1010
1011
1009
999
1026
1033
1021
1026
1029
1011
1008
1020
1003
1013
1012
1002
1009
1008
995
1001
1008
1004
993
1018
1021
1010
1025
1018
998
1001
990
990
989
985
985
976
986
987
983
1001
1016
1021
1012
1014
1011
1006
992
1001
991
980
958
965
956
959
953
933
940
923
902
896
908
911
905
900
926
921
923
912
902
907
899
892
892
904
899
905
918
926
924
924
944
947
946
942
962
964
951
961
947
945
937
955
950
951
960
959
943
927
915
900
884
866
864
920
979
1026
1059
1062
1054
1067
1068
1063
1049
973
943
899
872
854
853
842
846
851
868
889
890
884
879
885
920
974
1009
1045
1053
1051
1009
1003
1019
1033
1010
984
1019
1015
998
973
1013
1022
1011
1003
1018
1022
1013
1012
1023
1035
1041
1016
1039
1038
1036
1018
1017
1001
1016
1008
1021
1009
1036
1035
1034
1027
1019
1014
1012
997
1015
1023
1027
1011
1037
1030
1027
1018
1037
1028
1026
1006
1027
1037
1021
1010
1020
1021
1027
1017
1034
1042
1048
1050
1066
1078
1076
1074
1078
1083
1094
1111
1111
1091
1103
1086
1087
1080
1128
1111
1069
1069
1046
1021
999
1035
1045
1065
1063
1078
1075
1085
1071
1057
1068
1062
1068
1062
1064
1077
1091
1070
1050
1038
1039
1031
1043
1009
1003
1000
996
985
1006
1025
1032
1011
1016
1012
993
985
983
975
1005
1014
1003
1017
1012
1011
1007
1018
1006
1037
1056
1044
1060
1078
1054
1023
1044
1041
1024
1048
1034
1040
999
1003
1003
1001
1003
1019
1045
1055
1054
1085
1088
1056
1058
1052
1039
1043
1042
1023
1033
1029
1025
1007
1048
1045
1025
1006
1026
1016
1011
1001
989
980
963
972
975
972
967
985
986
976
994
986
981
1000
1001
986
987
1004
1008
996
1006
994
979
985
970
953
972
975
961
963
973
976
963
990
986
974
999
986
968
975
967
965
959
979
938
897
890
895
956
1025
1057
1045
1067
1069
1063
1055
1028
1018
1000
998
998
993
1027
1037
1016
998
1031
1025
1006
983
999
1013
1003
1007
1019
1026
1024
1027
1045
1043
1023
1042
1029
1013
1001
1020
1022
1015
1027
1039
1053
1034
1020
1027
1006
997
997
982
973
977
974
969
981
980
981
1013
1010
985
995
1002
993
1021
1037
1033
1025
1059
1042
1020
1046
1029
999
1009
1006
1006
994
1013
1011
1021
1014
1030
1036
1023
1042
1037
1025
1022
1042
1046
1015
1045
1035
1020
1024
1015
988
991
987
978
992
998
986
1001
1017
1005
1002
985
1025
1008
997
1014
1020
989
988
1004
998
989
987
982
979
972
986
981
973
995
992
985
1011
1051
1059
1060
1041
1052
1062
1051
1021
1035
1016
1019
1025
1009
1017
1021
1021
1006
998
1019
1015
1016
1003
1007
1005
1015
1002
996
1023
1008
1004
992
1025
1017
1024
1005
1026
1001
969
950
971
906
886
869
869
917
938
949
1005
1021
1026
1043
1005
996
1029
1046
1061
1048
1034
1070
1083
1091
1087
1052
1079
1071
1085
1052
1030
1062
1063
1069
1073
1043
1072
1078
1076
1058
1010
1017
1001
998
987
971
984
992
995
975
1006
1008
1015
1029
1055
1055
1051
1028
1053
1057
1040
1019
1045
1041
1039
1031
1072
1063
1056
1024
1021
1021
1010
975
971
971
959
969
980
988
994
984
987
1003
1016
1026
1018
1035
1034
1030
1013
1033
1027
1009
1019
1022
1022
1003
992
996
987
965
967
978
981
983
960
975
966
961
945
961
951
943
956
963
969
968
960
982
984
980
963
978
970
971
952
967
979
974
955
963
950
951
952
964
963
960
965
973
979
969
1005
1002
1004
997
1023
1021
998
1000
990
975
961
987
980
975
976
1005
1006
984
978
978
947
930
925
913
908
919
973
994
1012
992
1021
1029
1033
1004
1014
1014
1006
1002
1017
1015
1020
1030
1041
1037
1064
1072
1056
1056
1056
1065
1058
1078
1062
1066
1056
1080
1082
1076
1054
1063
1059
1041
1036
1033
1022
1021
1016
1011
1023
1017
1004
1030
1030
1014
1014
1010
994
1011
1017
1014
1040
1045
1024
1041
1045
1036
1016
1026
1018
998
1004
1001
988
1008
1005
995
965
966
955
947
906
885
891
915
957
975
966
970
988
985
987
974
993
1003
1016
1035
1017
1017
1026
1036
1031
1033
1034
1036
1013
1006
996
934
889
885
900
981
1065
1056
1080
1108
1107
1097
1051
1064
1049
1045
1029
1004
1030
1046
1046
1020
1049
1060
1034
1020
1027
960
934
919
918
956
1016
1069
1095
1109
1112
1095
1061
984
968
1006
1053
1059
1063
1032
1053
1048
1026
979
974
953
949
929
979
1002
1007
983
1005
1018
1028
1034
1003
1025
1020
1027
1022
1007
1036
1025
1026
1015
1000
984
1003
1005
990
973
994
978
963
939
944
930
949
927
930
980
991
995
1017
1027
991
1014
997
976
958
995
1002
1006
1066
1070
1061
1045
1083
1033
992
969
1007
1000
979
1004
1010
1016
979
964
976
964
946
977
989
990
973
990
973
960
941
974
972
979
956
996
991
999
964
1004
1006
1011
991
1010
1021
1028
1035
1026
1036
1031
1037
1028
1023
1024
1005
1028
1033
1048
1034
1076
1071
1063
1040
1035
991
991
986
967
972
986
994
1011
1044
1047
1075
1066
1048
1031
1043
1051
1040
1028
1057
1066
1044
1050
1057
1066
1055
1046
1045
1032
1007
1028
1032
1025
1018
1035
1051
1051
982
960
962
932
946
965
998
1056
1072
1074
1052
1022
1025
1032
1036
1039
1030
1055
1056
1064
1074
1063
1042
1055
1067
1065
1047
1070
1078
1081
1053
1070
1097
1087
1073
1081
1091
1086
1068
1040
1053
1047
1035
1049
1052
1041
1028
1057
1067
1061
1037
1067
1073
1061
1036
1062
1057
1044
1034
1021
1016
995
1014
1024
1021
1007
1039
1051
1050
1034
1021
1043
1044
1025
1025
1024
1012
993
1025
1036
1034
1012
1031
1036
1045
1024
1060
1033
1020
1005
979
1006
1030
1042
1017
1035
1028
1015
986
994
965
949
962
959
949
949
969
973
959
987
990
975
950
941
937
940
936
934
963
967
975
966
971
996
993
972
979
980
985
982
1004
1023
1015
983
989
979
956
953
952
955
941
967
972
985
984
998
1012
1016
986
970
974
975
956
960
984
998
987
986
1008
1006
997
995
1016
1006
992
979
1000
998
982
984
1004
1000
993
984
992
988
965
979
949
933
914
941
933
925
926
939
939
926
919
904
900
908
908
900
927
934
891
868
697
767
845
792
785
767
761
753
749
739
733
715
718
694
681
672
666
663
668
684
709
758
810
882
932
926
857
825
878
1055
1126
1059
1006
1058
1113
1086
1086
1134
1153
1123
1152
1146
1150
1123
1067
1081
1109
1142
1169
1167
1174
1167
1167
1166
1164
1165
1170
1146
1114
1079
1067
1099
1067
1012
979
987
982
984
1004
1014
1012
1007
1052
1084
1107
1122
1126
1118
1102
1114
1121
1139
1157
1176
1170
1151
1121
1141
1136
1124
1116
1038
1054
1041
962
982
1060
1107
1090
1142
1148
1155
1139
1166
1161
1158
1152
1137
1144
1138
1133
1121
1116
1120
1130
1141
1116
1141
1125
1097
1091
1041
1014
1038
1036
998
1011
1048
1055
1019
1078
1129
1127
1098
1127
1138
1136
1115
1114
1131
1144
1151
1146
1135
1116
1100
1118
1126
1115
1083
1064
1134
1122
1068
1104
1139
1079
1056
1096
1121
1072
1035
1069
1070
1089
1061
1099
1107
1117
1078
1103
1097
1102
1085
1103
1122
1128
1137
1087
1077
1058
1028
984
969
977
974
987
955
953
1018
1051
1059
1062
1096
1101
1110
1071
1098
1074
1064
1053
1086
1095
1105
1103
1086
1113
1113
1111
1103
1098
1053
1020
1020
1031
1054
1033
1025
1063
1051
1054
1039
1080
1098
1104
1108
1124
1142
1140
1118
1132
1127
1143
1109
1138
1118
1120
1086
1076
1100
1080
1064
1044
1105
1104
1051
1043
1083
1047
995
1029
1033
1035
1003
1047
1061
1061
1033
1093
1087
1087
1063
1087
1098
1095
1074
1071
1116
1112
1105
1069
1072
1076
1073
1062
1053
1125
1083
1053
1026
1047
1053
1064
1021
1000
1014
1028
1000
997
1049
1096
1129
1087
1126
1132
1134
1124
1119
1138
1136
1125
1130
1137
1087
1031
1021
1028
1049
1041
1047
1110
1125
1133
1087
1076
1106
1110
1108
1057
1072
1067
1079
1045
1058
1102
1104
1087
1061
1066
1060
1061
1048
1056
1041
1017
1028
1020
1019
1003
1002
1026
1023
1033
1042
1129
1141
1099
1045
1044
1008
977
957
1004
1034
1074
1090
1110
1125
1128
1107
1156
1152
1155
1153
1121
1147
1139
1145
1133
1146
1139
1128
1100
1112
1094
1100
1077
1057
1074
1030
1018
974
962
990
1006
1010
1021
1090
1078
1059
1055
1099
1097
1083
1080
1098
1095
1096
1084
1068
1104
1101
1068
1079
1128
1114
1065
1037
1080
1066
1016
979
993
1021
1008
1036
1092
1143
1102
1110
1146
1153
1151
1150
1115
1141
1133
1116
1098
1112
1123
1127
1122
1096
1107
1110
1102
1083
1051
1080
1067
1052
1041
1104
1065
1009
995
1005
1029
1007
962
987
1039
1147
1174
1154
1125
1164
1163
1157
1133
1148
1156
1155
1139
1138
1104
1070
1066
1084
1093
1093
1137
1150
1145
1125
1087
1092
1082
1105
1114
1057
1093
1098
1111
1076
1088
1087
1078
1060
1057
1085
1089
1080
1056
1098
1114
1115
1093
1089
1114
1110
1082
1020
1086
1021
993
995
991
1034
1082
1044
1022
1044
1046
1015
1030
1061
1083
1100
1073
1106
1112
1110
1089
1134
1138
1143
1140
1123
1140
1135
1128
1116
1083
1123
1122
1125
1094
1067
1137
1127
1087
1035
1040
1025
1029
995
1048
1071
1065
1042
1097
1101
1107
1097
1083
1107
1109
1116
1087
1085
1089
1059
1078
1053
1048
1082
1075
1055
1099
1100
1098
1056
1063
1121
1084
1030
1103
1049
1020
986
1025
1061
1063
1032
1080
1083
1073
1023
1051
1076
1093
1087
1037
1067
1094
1110
1066
1122
1125
1109
1104
1139
1137
1119
1097
1139
1132
1124
1088
1116
1107
1104
1104
1070
1093
1105
1091
1050
1073
1086
1058
1000
1016
1015
1017
972
967
979
988
972
951
1014
1029
1019
1007
1050
1046
1076
1078
1050
1086
1104
1111
1071
1065
1072
1081
1048
1052
1095
1097
1063
1063
1085
1085
1089
1045
1067
1080
1082
1095
1071
1108
1116
1114
1093
1139
1129
1119
1084
1086
1119
1108
1063
1049
1098
1072
1026
1021
1065
1035
1008
1057
1065
1032
1005
1007
997
998
957
931
953
981
996
1000
1056
1094
1112
1104
1087
1113
1116
1127
1125
1130
1121
1104
1098
1101
1092
1130
1076
987
989
893
878
853
820
799
798
779
768
762
754
745
729
720
712
704
696
687
681
678
683
697
729
778
814
869
919
951
979
1005
994
971
873
846
843
866
955
1175
1113
1092
1145
1169
1182
1189
1169
1188
1182
1171
1154
1150
1152
1139
1131
1149
1172
1179
1165
1168
1169
1129
1142
1126
979
938
936
888
893
1016
1080
1084
1141
1158
1134
1176
1170
1154
1110
1037
1057
1072
1099
1132
1127
1118
1110
1112
1116
1133
1152
1171
1163
1151
1113
1104
1127
1154
1130
1054
990
996
1004
989
1069
1146
1174
1164
1158
1195
1185
1179
1162
1168
1144
1131
1119
1105
1135
1140
1164
1177
1158
1100
1079
1102
1127
1106
1002
1004
1035
1027
1019
1100
1136
1124
1175
1164
1164
1147
1137
1138
1135
1131
1121
1111
1124
1130
1140
1133
1115
1153
1167
1130
1108
1027
1045
1086
1040
1010
1054
1099
1092
1150
1154
1160
1140
1167
1169
1162
1156
1153
1138
1135
1140
1150
1168
1184
1172
1164
1130
1090
1141
1113
1045
1077
1098
1039
996
1047
1072
1054
1088
1103
1112
1066
1113
1114
1098
1095
1112
1120
1113
1130
1127
1122
1112
1099
1121
1143
1135
1104
1160
1150
1130
1087
1132
1139
1118
1073
1165
1129
1090
1052
1087
1095
1064
1047
1109
1116
1059
1118
1114
1105
1059
1112
1105
1103
1061
1118
1111
1093
1055
1086
1085
1055
1036
1099
1088
1046
1115
1078
1020
1011
1061
1069
1036
1015
1060
1055
1007
1009
1062
1069
1021
1060
1091
1104
1082
1083
1115
1110
1104
1049
1100
1087
1087
1048
1051
1099
1099
1074
1048
1123
1101
1032
1082
1074
1035
1017
1092
1085
1035
1024
1075
1073
1014
1047
1063
1056
1012
1083
1057
1035
1002
1040
1033
1007
986
1021
1036
1023
1019
1056
1055
1050
1021
1104
1090
1045
998
1002
1002
999
955
913
914
894
860
845
827
814
798
783
777
772
760
760
807
915
961
1036
1097
1130
1157
1172
1182
1189
1183
1186
1183
1185
1175
1159
1094
1020
1027
1030
966
926
953
1040
1099
1191
1199
1227
1215
1240
1237
1226
1233
1230
1234
1223
1211
1197
1188
1198
1202
1171
1195
1199
1172
1089
1063
1067
1070
1031
1038
1117
1165
1103
1151
1152
1131
1150
1157
1162
1150
1133
1142
1158
1162
1164
1181
1175
1180
1181
1189
1128
1087
1126
1126
1106
1063
1041
1063
1067
1037
1041
1072
1111
1097
1154
1165
1174
1155
1180
1178
1181
1188
1184
1182
1185
1181
1176
1178
1154
1112
1147
1088
1049
999
1041
1071
1063
1035
1106
1119
1134
1115
1150
1143
1132
1165
1183
1184
1176
1181
1164
1140
1115
1149
1147
1145
1112
1175
1148
1106
1073
1098
1092
1046
1053
1101
1068
1033
1037
1073
1095
1065
1102
1105
1120
1117
1166
1157
1148
1141
1080
1138
1141
1140
1116
1144
1104
1102
1061
1071
1106
1113
1081
1079
1099
1087
1057
1119
1123
1124
1090
1080
1108
1123
1113
1086
1129
1119
1115
1094
1062
1109
1107
1084
1044
1097
1062
1032
1017
1084
1068
1043
1007
1016
1013
1012
982
1030
1067
1069
1063
1121
1118
1093
1132
1140
1140
1117
1146
1157
1164
1141
1119
1125
1116
1110
1075
1053
1076
1081
1035
1013
1053
1059
1033
1020
1074
1077
1038
1086
1083
1091
1057
1071
1106
1124
1129
1090
1140
1135
1127
1123
1081
1116
1121
1123
1116
1077
1141
1138
1127
1066
1046
1038
1018
990
1033
1058
1084
1087
1070
1127
1132
1118
1092
1111
1120
1103
1059
1083
1082
1098
1064
1058
1105
1106
1086
1060
1107
1098
1089
1045
1090
1085
1056
1021
1069
1086
1054
1025
1069
1024
994
1001
1057
1070
1020
1060
1066
1052
1030
1060
1073
1075
1005
1032
1037
1025
1005
1064
1068
1076
1049
1116
1121
1122
1100
1108
1115
1109
1113
1114
1068
1114
1111
1120
1074
1070
1120
1115
1056
1057
1112
1112
1051
1063
1118
1104
1036
1067
1042
1054
992
1006
1039
1046
1016
1071
1096
1110
1105
1073
1138
1129
1129
1080
1112
1088
1094
1057
1099
1127
1146
1138
1078
1131
1107
1119
1063
1040
1093
1086
1030
1027
1087
1089
1034
1036
1086
1077
1016
1095
1074
1028
1078
1089
1094
1044
1086
1115
1124
1082
1084
1101
1089
1031
1039
1075
1067
1019
1021
1072
1066
1015
1102
1079
1069
1011
1079
1062
1043
992
1033
1042
1024
960
939
930
942
978
939
972
1018
1054
1069
1048
1088
1101
1106
1117
1116
1119
1104
1116
1120
1123
1135
1121
1146
1146
1134
1094
1151
1139
1092
1015
1040
1043
1040
1031
1112
1122
1122
1092
1134
1133
1100
1105
1097
1097
1066
1095
1106
1096
1133
1146
1146
1113
1161
1130
1090
1170
1140
1108
1076
1147
1142
1083
1137
1133
1118
1056
1081
1098
1108
1072
1132
1124
1126
1078
1121
1108
1096
1063
1130
1135
1141
1108
1083
1116
1106
1064
1094
1110
1110
1058
1095
1104
1088
1056
1120
1104
1059
1031
1091
1085
1077
1019
1084
1062
1032
1021
1095
1066
1039
1120
1119
1099
1056
1126
1114
1109
1052
1111
1104
1095
1045
1097
1110
1109
1046
1069
1040
1042
1006
1036
1055
1063
1048
1047
1117
1140
1107
1079
1132
1122
1094
1058
1114
1107
1078
1050
1112
1105
1104
1059
1100
1103
1105
1096
1046
1112
1104
1081
1033
1085
1094
1104
1086
1051
1112
1104
1109
1045
1091
1077
1079
1026
1063
1077
1058
1006
1024
1049
1036
1012
1072
1057
1021
1013
1029
986
976
1021
1026
1001
983
1030
1021
1006
1002
1065
1065
1046
1042
1095
1100
1073
1085
1102
1096
1087
1042
1104
1085
1061
1004
1070
1060
1023
1007
1077
1073
1017
1064
1075
1066
1009
1034
1054
1050
994
1046
1069
1060
1024
1095
1081
1054
1010
1080
1064
1001
1036
1063
1060
1001
1063
1070
1061
1005
1086
1063
1048
986
1044
1020
967
980
1040
1047
1020
1013
1087
1087
1031
1042
1086
1078
1011
1077
1066
1020
976
958
943
975
1004
999
961
957
1002
1019
1010
1058
1075
1099
1114
1116
1106
1133
1127
1130
1127
1130
1111
1122
1128
1133
1137
1133
1075
1133
1123
1120
1038
1107
1099
1052
1024
1100
1092
1054
1063
1102
1098
1051
1094
1096
1107
1084
1107
1144
1133
1119
1069
1136
1137
1121
1085
1145
1134
1108
1080
1129
1119
1073
1136
1130
1106
1076
1127
1123
1090
1085
1125
1118
1056
1110
1087
1064
999
1067
1068
1062
1016
1080
1085
1062
1024
1052
1077
1076
1028
1050
1069
1072
1041
1096
1113
1104
1070
1115
1119
1106
1107
1122
1125
1120
1110
1117
1108
1113
1108
1063
1086
1107
1121
1093
1113
1146
1142
1103
1076
1100
1077
1028
1075
1106
1087
1029
1021
1050
1079
1099
1063
1115
1150
1142
1124
1094
1149
1152
1151
1143
1090
1112
1063
1075
1054
1103
1106
1106
1094
1093
1132
1124
1126
1085
1066
1102
1102
1104
1047
1097
1050
1040
997
1051
1068
1078
1036
1103
1121
1095
1037
1111
1103
1099
2162
1101
1100
1072
1140
1131
1120
1052
384
702
1066
1046
994
1031
1011
997
1021
1070
1110
1100
1074
1109
1093
1084
1044
1080
1079
1069
1012
1072
1017
989
955
1015
1019
1002
1024
1084
1093
1063
1037
1078
1072
1026
1059
1085
1082
1043
1089
1101
1108
1096
1063
1114
1105
1063
1070
1087
1076
1016
1089
1072
1044
998
1069
1045
1019
990
1071
1051
1016
1011
1079
1056
1018
1010
1061
1042
988
1033
1045
1030
1008
999
1061
1071
1068
1034
1089
1087
1091
1087
1046
1107
1094
1093
1057
1067
1099
1104
1106
1069
1058
1074
1042
1039
1023
1032
1082
1091
1103
1039
1076
1076
1053
1013
1078
1080
1082
1048
1102
1104
1104
1064
1092
1116
1115
1067
1100
1111
1100
1073
1021
1084
1079
1042
1058
1124
1114
1067
1055
1092
1070
1003
1021
1064
1057
1003
1028
1086
1078
1033
1110
1101
1063
1045
1093
1074
1013
1029
1054
1004
1017
1065
1078
1027
1098
1097
1066
1044
1106
1090
1037
1040
1098
1074
1010
1062
1056
1036
988
1044
1023
997
983
1053
1061
1064
1028
1101
1104
1095
1052
1115
1118
1112
1104
1058
1097
1080
1078
1031
1081
1089
1091
1070
1050
1104
1101
1067
1029
1076
1049
1035
983
1039
1043
1056
1060
1015
1066
1073
1085
1063
1056
1099
1096
1096
1044
1082
1074
1073
1061
1028
1090
1074
1063
998
1060
1055
1046
1002
1083
1089
1053
1019
1069
1059
1008
1006
1059
1057
1046
1004
1070
1063
1074
1047
1048
1099
1104
1112
1066
1125
1116
1121
1110
1086
1116
1111
1105
1063
1069
1089
1082
1048
1030
1074
1070
1036
999
1060
1038
1027
1008
1077
1070
1046
1024
1082
1092
1101
1047
1104
1076
1079
1025
1036
1054
1060
1030
1029
1087
1077
1034
1024
1076
1057
995
1046
1070
1053
1015
1111
1093
1045
1032
1027
1024
1027
990
986
1021
1028
1054
1016
1086
1105
1140
1152
1115
1153
1147
1116
1111
1079
1099
1101
1106
1119
1125
1126
1088
1120
1118
1122
1104
1040
1097
1066
1057
1004
1070
1054
1036
989
1041
1045
1055
1018
1069
1077
1081
1056
1108
1126
1127
1093
1138
1142
1135
1107
1156
1151
1124
1100
1149
1151
1137
1097
1141
1115
1098
1038
1122
1114
1076
1044
1108
1106
1059
1126
1111
1090
1045
1107
1086
1045
1034
1083
1074
1021
1092
1084
1061
1037
1093
1081
1034
1053
1075
1060
1011
1082
1069
1034
1028
1069
1059
1047
1017
1079
1066
1057
996
1062
1047
1035
993
1060
1052
1034
1025
1084
1093
1072
1067
1109
1112
1106
1052
1115
1100
1095
1071
1038
1090
1093
1070
1050
1105
1103
1045
1053
1097
1094
1042
1081
1085
1065
1019
1060
1044
999
1050
1058
1040
1011
1079
1077
1039
1035
1053
1023
993
995
1044
1093
1093
1083
1039
1104
1097
1100
1105
1048
1108
1079
1073
1023
1022
1055
1057
1007
1017
1059
1054
999
1023
1063
1060
1022
1058
1077
1065
1029
1017
1046
1040
995
1000
1011
1016
983
994
1036
1045
1041
998
1069
1056
1047
1017
1072
1078
1085
1046
1033
1066
1064
1049
1016
1079
1065
1048
1007
1058
1041
1026
989
1050
1050
1062
1032
1063
1093
1100
1095
1099
1064
1107
1103
1104
1057
1056
1088
1090
1038
1062
1093
1088
1029
1075
1047
1022
992
1059
1040
1008
986
1051
1053
1026
1020
1052
1045
1007
1053
1068
1082
1044
1105
1116
1124
1088
1128
1135
1135
1099
1073
1105
1095
1087
1041
1083
1074
1042
1017
1084
1072
1033
1021
1082
1067
1000
1060
1082
1060
1042
1121
1104
1067
1055
1082
1023
1034
1093
1061
1039
1097
1073
1009
1082
1062
1040
1021
1087
1066
1039
1033
1079
1075
1032
1042
1083
1073
1012
1010
1035
1024
981
1058
1065
1069
1029
1117
1112
1107
1043
1110
1077
1040
1012
1072
1062
1015
1013
1039
1038
990
1019
1051
1054
1009
1068
1079
1076
1028
1083
1084
1078
1013
1061
1070
1051
1021
1085
1071
1037
1043
1101
1090
1022
1030
1053
1032
984
1054
1034
1002
1002
1064
1041
983
1019
1045
1037
996
1049
1019
979
986
1030
1029
997
994
1042
1035
1036
1001
1069
1066
1067
1022
1101
1087
1093
1045
1024
1049
1049
1010
1019
1065
1077
1046
1037
1073
1072
1037
1029
1057
1060
1062
1016
1032
1050
1051
1045
1001
1051
1054
1044
995
1045
1037
994
973
1039
1015
990
974
1052
1037
1003
1023
1097
1099
1039
1052
1064
1058
998
1036
1028
1025
987
1036
1034
1033
999
1054
1051
1054
1021
1082
1087
1092
1049
1076
1086
1073
1024
1021
1071
1073
1026
1021
1073
1063
1026
1018
1078
1074
1048
1021
1083
1072
1048
1025
1087
1078
1052
1038
1093
1084
1069
1030
1094
1082
1069
1029
1101
1084
1087
1030
1107
1090
1048
1039
1090
1077
1016
1083
1073
1035
1023
1071
1041
1013
1016
1075
1053
1012
1010
1067
1063
1003
1081
1066
1021
1021
1076
1058
998
1062
1033
1017
987
1067
1065
1038
1018
1057
1052
1016
1061
1057
1024
1006
1070
1067
1059
1006
1084
1071
1060
1022
1018
1044
1035
978
1038
1034
1030
985
1045
1067
1076
1024
1096
1095
1084
1031
1061
1063
1038
1001
1058
1044
994
996
1047
1029
974
981
1026
1022
969
1021
1039
1015
980
1063
1055
1035
1009
1060
1048
1023
989
948
930
932
947
908
873
850
827
816
795
776
763
745
738
733
722
717
709
703
701
709
736
776
817
869
930
989
1036
1064
1038
1056
1111
1184
1050
966
1020
940
898
920
976
1032
1057
1126
1209
1240
1248
1254
1258
1239
1231
1210
1194
1202
1202
1210
1219
1233
1226
1178
1225
1229
1177
1074
1053
962
931
970
1075
1104
1148
1210
1242
1225
1261
1257
1241
1242
1233
1228
1217
1209
1199
1187
1180
1172
1150
1116
1149
1169
1162
1097
1175
1135
1103
1179
1165
1120
1182
1154
1114
1106
1143
1135
1095
1112
1143
1150
1104
1156
1168
1147
1119
1067
1035
1027
985
1061
1108
1069
1042
1090
1104
1093
1139
1163
1156
1145
1161
1163
1140
1158
1156
1157
1165
1155
1150
1149
1148
1158
1157
1146
1164
1174
1171
1134
1108
1156
1136
1090
1096
1128
1074
982
979
996
1026
1043
1092
1163
1174
1150
1174
1174
1178
1185
1187
1178
1172
1172
1159
1175
1172
1149
1155
1161
1157
1128
1102
1123
1088
1067
1124
1121
1095
1138
1139
1131
1126
1132
1112
1082
1108
1104
1073
1067
1117
1111
1076
1127
1117
1072
1077
1120
1106
1081
1149
1143
1096
1160
1089
1021
1000
985
934
931
962
937
929
983
1078
1104
1112
1174
1195
1189
1203
1204
1206
1193
1171
1177
1170
1154
1132
1107
1097
1112
1126
1144
1156
1170
1151
1123
1163
1168
1149
1094
1134
1075
1039
1038
1076
1103
1106
1146
1166
1166
1159
1143
1153
1156
1166
1130
1089
1106
1127
1146
1156
1138
1156
1174
1183
1128
1094
1117
1082
1024
1010
1041
1097
1088
1117
1130
1141
1140
1161
1163
1155
1153
1155
1158
1157
1166
1170
1169
1149
1175
1169
1152
1110
1115
1136
1099
1007
1010
1041
1047
1051
1104
1122
1100
1135
1175
1183
1176
1191
1184
1154
1141
1137
1130
1142
1152
1156
1161
1171
1180
1165
1126
1156
1158
1157
1073
1093
1072
1043
1029
1083
1090
1095
1090
1148
1157
1161
1175
1175
1153
1174
1174
1161
1173
1172
1164
1144
1156
1160
1160
1135
1176
1122
1102
1070
1127
1091
1090
1065
1144
1150
1107
1129
1160
1140
1109
1143
1139
1136
1101
1112
1126
1127
1102
1146
1151
1150
1113
1147
1137
1103
1147
1153
1137
1099
1132
1121
1085
1068
1107
1092
1045
1082
1071
1039
1064
1099
1100
1061
1100
1109
1092
1066
1119
1098
1045
1047
1062
1047
990
949
905
864
848
839
815
798
780
767
766
768
772
788
344
2287
3759
318
6621
1245
344
814
798
786
780
759
737
1430
688
677
666
658
654
655
660
670
682
686
681
683
563
851
757
786
793
773
769
774
799
821
832
813
808
798
864
976
1007
1032
1116
1163
1189
1208
1221
1198
1208
1209
1210
1208
1133
1053
1017
927
905
883
990
1141
1132
1200
1214
1223
1236
1229
1199
1192
1205
1217
1228
1240
1171
1188
1112
1035
1047
1181
1095
1169
1245
1255
1216
1237
1259
1255
1238
1206
1213
1210
1216
1204
1185
1169
1161
1156
1148
1148
1139
1172
1166
1178
1119
1079
1010
938
907
883
853
884
936
1025
1051
1080
1152
1201
1205
1240
1243
1240
1222
1210
1200
1188
1180
1171
1159
1137
1125
1058
1053
1089
1085
1011
967
972
945
951
1067
1109
1052
1132
1168
1173
1183
1182
1163
1160
1143
1167
1169
1160
1159
1162
1176
1187
1195
1196
1204
1211
1196
1178
1126
1137
1118
982
970
1000
963
1003
1120
1118
1146
1198
1223
1220
1221
1231
1237
1221
1211
1199
1188
1184
1191
1178
1172
1176
1183
1182
1165
1220
1216
1180
1058
1042
1046
1036
1163
1173
1195
1216
1269
1267
1271
1261
1241
1238
1229
1218
1211
1203
1204
1198
1189
1169
1145
1092
1080
1116
1145
1065
1061
1008
980
968
973
1006
1079
1152
1179
1219
1226
1214
1221
1229
1240
1237
1247
1244
1247
1246
1247
1240
1229
1143
1167
1172
1148
1023
982
982
983
1015
1142
1160
1168
1207
1247
1250
1251
1248
1242
1233
1234
1224
1201
1191
1188
1160
1158
1177
1178
1159
1149
1040
997
974
937
961
1072
1061
1086
1170
1175
1164
1216
1229
1210
1208
1222
1203
1185
1188
1190
1206
1225
1238
1250
1257
1255
1247
1205
1095
1064
1037
992
1004
1071
1125
1101
1147
1179
1187
1215
1225
1230
1209
1219
1221
1214
1208
1202
1205
1199
1189
1183
1182
1188
1140
1135
1028
950
937
903
871
858
847
848
853
844
845
553
29597
807
813
841
882
891
934
966
998
3046
1050
1060
1062
1071
1041
1058
1070
1103
1131
1118
1074
1079
1089
1087
1095
1032
1918
901
889
874
10309
910
899
3418
969
817
693
2520
908
1842
1870
979
991
962
951
957
975
2868
1023
1032
1017
982
950
960
978
1030
1036
1065
1061
1050
1063
1072
1072
1079
1070
1039
1063
1066
1081
1079
1044
1040
1037
1041
1037
1012
1042
1075
1086
1084
1061
1051
1068
1067
1063
1048
1014
1022
1036
1044
1053
1062
1046
1058
1060
1071
1075
1065
1035
1045
1041
1039
1017
1005
1022
1033
1030
1003
1014
1017
1005
980
980
984
1000
986
955
957
960
970
971
967
979
988
999
1012
997
1002
1007
1011
1002
994
965
963
957
953
932
927
959
979
998
1019
995
1004
1012
1020
1013
990
979
999
1007
1018
1008
1004
1028
1045
1049
1045
1018
996
1018
1014
1024
1015
989
1010
1021
1026
1011
1013
1034
1051
1058
1068
1055
1057
1063
1063
1072
1072
1045
1062
1078
1090
10427
866
27276
316
3088
14528
3039
1109
581
1803
6449
713
717
711