858
877
902
922
919
923
904
892
878
884
909
915
905
863
844
843
864
894
913
923
935
932
908
881
868
874
893
919
909
891
865
872
882
899
921
925
907
899
907
924
928
926
917
888
883
892
898
908
841
824
824
833
842
852
838
822
813
830
848
852
867
877
875
876
882
882
874
867
885
896
898
862
831
810
818
847
874
904
927
952
947
949
959
959
956
953
939
910
888
893
908
923
933
915
886
872
876
888
896
908
904
891
885
900
908
918
912
895
891
870
842
808
795
785
779
771
759
759
758
769
783
807
826
838
852
858
863
854
845
845
854
866
875
854
839
839
842
847
856
862
855
850
857
872
880
897
912
896
878
865
874
882
891
882
833
816
813
818
847
875
888
897
911
927
938
944
940
939
857
837
829
824
804