731
716
700
702
715
727
750
788
821
839
810
787
771
754
746
732
721
710
709
716
728
738
743
739
712
694
675
665
668
672
676
675
674
676
681
685
684
680
680
681
686
690
699
701
702
701
698
703
707
713
713
711
710
716
725
734
736
740
738
748
750
741
728
728
721
718
724
737
743
755
756
753
748
746
753
771
780
775
773
775
780
778
784
781
774
778
782
766
762
765
762
760
758
761
775
777
771
768
767
772
777
777
778
778
785
807
802
797
757
744
736
730
723
722
717
720
725
731
727
725
727
732
735
738
735
730
729
726
724
727
736
742
743
736
733
729
730
734
734
729
720
712
711
711
713
709
706
703
707
712
718
728
723
705
688
675
664
654
645
639
635
634
638
646
650
655
659
666
680
698
718
732
748
759
771
783
791
792
777
764
764
759
766
777
776
765
758
760
767
773
762
750
741
735
733
726
722
722
725
731
735
739
742
752
762
764