835
812
813
804
795
792
773
731
714
698
700
701
704
714
1454
736
738
750
758
753
732
738
731
726
713
722
1450
719
732
1480
747
575
930
742
727
1703
2688
733
732
748
752
771
765
771
289
2704
739
740
732
724
721
721
726
723
735
739
744
735
740
744
749
742
563
1640
1464
739
733
733
748
760
771
783
786
801
816
833
841
807
807
818
851
855
836
842
834
837
813
801
812
817
818
812
779
775
752
744
752
1476
718
715
711
705
699
702
703
700
702
710
711
697
399
306
718
734
732
731
742
740
733
738
729
729
721
727
1469
747
768
774
772
785
788
790
776
774
773
766
764
763
764
753
761
764
762
762
764
768
765
767
769
779
779
778
780
769
763
763
750
733
730
732
737
737
729
728
729
723
716
717
718
719
712
712
716
716
724
731
728
723
729
735
736
727
729
725
727
722
731
731
729
717
725
725
729
724
729
732
740
734
749
753
755
735
732
727
726
714
714
716
710
705
707
712
710
715
714
708
701
704
703
708
706
708
706
707
701
704
704
718
712
716
718
717
712
715
715
716
708
719
723
725
718
722
721
717
708
715
713
712
706
708
710
712
705
711
717
714
708
714
714
713
722
725
724
724
728
733
743
730
722
726
730
723
719
719
715
710
714
716
717
713
722
724
729
729
739
754
755
751
761
777
796
811
828
824
816
828
836
851
829
793
789
793
808
789
779
785
790
794
782
777
786
799
812
775
755
745
746
753
748
755
752
741
727
730
741
754
750
735
744
751
763
771
769
794
821
842
834
839
828
815
801
804
819
825
830
828
844
840
848
834
836
845
842
802
801
797
792
777
772
765
748
740
740
744
739
755
775
812
833
821
841
851
850
833
837
847
857
868
871
881
886
887
865
863
860
860
857
854
854
857
859
847
853
868
888
887
876
874
860
875
878
848
842
848
847
831
823
842
836
824
806
794
778
762
745
742
737
743
754
764
771
782
794
798
791
784
792
805
825
834
831
849
864
865
863
861
856
860
871
884
877
869
867
873
883
880
888
877
854
838
828
830
834
829
825
821
831
841
842
830
822
826
826
823
814
811
811
820
827
833
836
833
819
797
784
780
776
772
767
768
775
795
807
818
819
807
808
813
807
796
801
810
816
813
800
814
836
843
838
834
831
831
850
850
842
844
847
867
873
866
827
806
840
850
859
848
845
837
794
748
736
736
742
735
736
731
735
736
737
729
726
721
716
700
701
697
686
672
670
663
661
660
671
678
689
686
709
722
730
728
739
730
720
700
698
699
694
686
685
687
678
674
676
672
671
664
668
673
681
680
681
685
691
685
694
701
702
697
705
711
717
708
718
720
715
710
710
705
697
693
702
713
724
731
720
709
697
686
685
695
705
715
716
733
754
766
765
756
742
726
713
726
746
747
742
746
740
733
723
718
714
703
698
700
707
707
710
717
722
715
719
720
717
705
711
718
727
731
754
785
797
806
803
821
832
838
822
821
820
837
854
848
871
878
894
865
844
835
825
799
786
770
781
786
794
796
809
805
806
801
787
787
795
801
814
825
810
826
824
816
794
800
796
797
796
815
822
842
826
846
861
850
836
842
844
847
824
795
787
784
785
787
806
840
850
840
852
828
813
826
821
817
835
859
854
847
850
861
865
864
857
861
861
871
864
853
858
861
862
854
836
836
837
841
823
804
790
794
788
780
794
813
820
822
831
846
857
853
847
842
848
855
857
869
849
844
855
861
872
849
841
836
842
832
836
821
808
799
805
813
802
804
803
806
817
821
836
854
858
870
875
877
875
859
829
811
809
811
798
797
806
824
829
830
846
858
870
862
860
855
842
812
811
824
851
869
857
863
869
873
875
863
859
862
863
874
868
867
858
854
864
874
887
897
875
837
817
803
785
769
768
785
827
865
868
875
894
901
902
889
865
854
846
833
821
803
807
814
817
811
812
818
830
827
820
803
793
790
766
742
757
755
757
747
731
737
742
758
767
765
764
776
782
771
771
763
749
739
739
737
729
722
728
749
766
797
807
786
771
752
738
727
726
721
715
710
705
694
677
666
659
666
686
705
711
714
729
733
724
720
705
696
675
670
673
665
676
687
691
707
692
679
693
704
710
711
703
711
712
703
690
696
703
713
718
729
719
729
736
740
719
711
720
706
689
680
675
684
700
713
721
731
747
761
763
756
742
718
716
697
681
665
656
650
646
640
633
629
621
620
637
655
676
688
691
688
682
677
665
653
646
640
640
652
674
718
771
769
757
768
770
770
772
763
750
754
749
762
769
763
765
781
785
786
806
803
783
760
733
698
718
711
709
711
720
727
726
738
762
806
828
806
773
765
757
758
764
772
755
752
734
736
719
720
725
734
715
699
701
708
693
684
689
705
723
737
722
706
717
742
771
768
762
780
796
822
833
821
829
838
833
812
794
785
788
799
803
822
826
812
811
828
855
885
897
861
849
837
808
777
728
717
690
673
664
678
688
703
706
713
720
728
739
720
696
693
688
674
663
660
669
685
684
694
720
744
756
739
741
745
766
780
799
830
872
889
882
842
823
778
744
728
725
727
734
747
746
732
748
751
761
760
763
745
713
703
710
704
724
718
695
699
727
718
718
715
713
704
699
691
689
684
686
686
694
705
703
691
688
703
708
723
730
729
728
727
719
708
705
701
701
696
702
704
707
712
720
724
731
721
729
718
708
703
700
701
691
672
664
661
660
656
647
639
639
649
657
671
677
674
670
671
676
668
671
671
683
685
699
705
707
711
707
703
695
683
682
677
673
663
660
656
652
640
628
631
641
655
672
671
688
696
706
698
703
700
693
680
680
668
660
657
651
654
658
663
672
668
674
679
667
650
646
646
648
641
639
641
637
643
641
642
636
633
628
623
623
625
621
634
642
655
676
695
705
700
688
672
669
675
670
675
677
671
663
657
655
658
661
657
640
628
626
624
631
636
626
619
619
617
622
621
637
638
636
638
634
629
630
633
640
640
651
650
654
652
637
628
627
624
634
650
677
699
697
680
667
667
672
672
673
684
686
676
673
676
681
677
675
662
653
643
641
664
698
714
724
747
749
720
693
679
668
660
651
643
642
657
677
704
715
731
747
752
742
733
727
725
719
707
699
701
704
708
710
711
712
705
698
696
705
698
684
681
670
668
323
337
663
656
645
636
631
621
612
604
600
599
602
604
609
623
628
623
621
635
645
656
670
696
721
728
742
767
760
762
784
780
763
761
774
778
786
771
771
782
805
843
833
806
786
771
752
728
719
731
737
745
736
724
723
725
720
710
709
705
700
700
703
703
707
722
728
721
716
713
716
715
723
702
679
673
676
690
717
743
741
735
737
738
726
725
721
712
707
710
711
709
714
723
729
729
729
729
723
729
727
730
728
728
722
710
695
684
682
681
685
685
669
654
647
639
633
633
633
639
645
643
641
643
642
638
640
639
649
662
688
703
714
716
727
732
721
716
705
694
688
689
687
690
687
680
659
646
646
655
657
656
660
657
674
683
686
681
664
644
636
619
615
616
616
620
631
632
636
643
649
646
649
655
658
660
669
677
688
680
693
704
709
703
708
706
697
695
698
692
683
680
676
682
675
666
646
638
642
658
681
709
711
716
694
688
678
657
657
654
657
653
650
657
657
664
663
667
658
646
645
649
649
655
662
666
666
673
681
684
680
684
687
691
685
689
696
703
692
694
693
694
687
697
688
684
677
676
665
652
645
648
650
655
653
662
662
662
658
657
655
650
654
658
664
666
677
675
672
673
675
682
676
678
676
676
671
676
672
672
664
669
681
686
693
688
681
680
683
693
699
696
696
701
712
709
703
702
708
716
717
710
709
712
715
710
702
704
708
717
729
728
719
721
725
729
716
704
704
707
714
712
705
708
714
718
717
710
717
724
727
719
713
719
720
718
708
709
715
717
721
716
722
729
728
726
733
729
722
706
708
708
708
700
697
694
693
695
692
703
698
695
708
717
720
715
721
731
733
734
734
742
760
765
765
775
779
771
775
776
785
785
788
800
812
819
826
829
836
833
839
825
813
814
828
827
800
774
756
744
726
722
718
712
702
703
703
697
706
707
702
702
708
714
713
706
715
711
717
709
713
706
688
673
681
682
691
694
698
691
700
708
705
688
681
674
679
671
668
666
667
673
678
679
671
676
682
682
684
688
688
688
679
680
677
676
682
685
688
692
703
706
711
699
692
693
693
701
699
701
703
714
715
713
710
705
694
688
687
684
685
680
679
682
686
686
687
677
675
668
670
670
663
667
664
657
651
652
655
655
657
662
660
663
671
672
670
671
669
667
664
666
666
670
664
671
671
667
660
662
663
663
655
660
662
663
664
672
678
685
683
688
688
682
675
672
667
661
661
662
661
651
648
647
647
647
648
649
653
655
662
665
666
664
664
664
659
659
655
652
646
646
634
628
632
632
635
640
650
661
670
672
674
681
690
695
692
697
712
729
719
714
714
713
709
700
704
697
690
683
680
682
671
662
648
638
639
641
648
653
663
673
668
674
672
666
654
654
654
647
646
641
640
637
644
647
655
661
664
672
678
677
675
682
681
682
675
672
669
661
664
667
672
669
672
673
676
677
683
685
689
688
688
688
692
694
695
712
727
736
726
720
720
722
725
727
720
717
722
729
687
683
677
668
663
660
662
663
659
654
655
655
653
649
653
649
652
650
654
656
663
664
661
661
663
661
662
663
665
665
661
659
661
659
661
664
667
669
665
668
674
679
677
686
688
688
692
696
698
699
697
706
714
724
729
729
739
752
763
771
759
742
737
735
739
736
726
716
706
691
684
678
667
654
1928
632
635
640
642
640
641
637
629
615
608
605
604
609
622
642
656
664
679
688
699
701
704
707
707
702
696
694
692
686
685
686
674
661
657
654
658
656
658
670
679
692
694
694
683
683
678
671
665
651
643
636
641
642
643
643
646
641
647
651
655
653
649
649
650
649
646
651
660
666
668
672
678
684
691
692
687
689
700
712
700
691
688
682
675
667
666
666
661
666
667
668
666
664
661
651
657
661
664
664
677
674
666
668
674
679
677
660
643
638
642
640
650
667
685
705
713
705
702
701
704
703
686
682
664
657
647
635
630
640
651
657
651
648
654
675
696
693
698
687
688
686
687
685
670
676
679
671
684
687
692
683
692
697
711
715
711
703
704
714
722
727
725
713
709
700
697
681
689
703
718
721
732
748
758
760
754
744
730
718
714
720
740
759
763
768
777
777
764
771
781
760
758
754
754
765
761
752
749
749
731
732
729
729
745
771
788
794
792
794
795
772
758
757
772
790
795
772
753
751
754
744
735
736
744
750
745
741
722
712
708
716
723
729
712
721
723
737
751
740
751
758
762
760
756
741
736
729
732
728
745
756
762
752
761
759
756
739
723
724
726
719
706
714
735
743
755
774
786
780
750
766
758
760
760
744
756
755
761
758
749
749
755
761
756
748
736
720
702
694
692
690
685
714
754
775
772
752
751
751
752
763
767
769
762
752
738
734
723
728
737
747
753
753
745
753
748
748
757
773
774
765
768
768
776
776
791
796
801
791
774
764
748
736
728
721
720
715
702
702
705
724
735
747
768
781
788
780
791
797
804
813
812
788
792
787
787
773
775
766
772
752
755
752
754
760
764
755
761
763
754
758
752
736
729
724
727
725
740
747
758
753
769
772
748
746
738
739
730
731
729
729
721
723
725
723
722
728
737
741
737
742
739
736
718
713
696
698
705
715
721
721
725
728
723
712
713
716
710
700
707
712
717
718
714
725
724
716
707
716
725
727
711
711
691
675
674
676
683
686
672
668
670
675
672
680
681
691
698
704
699
688
689
684
689
700
716
727
730
722
725
720
709
695
702
719
749
759
746
735
720
710
688
688
691
700
723
711
679
670
669
674
683
690
704
712
725
734
737
739
740
732
719
704
709
716
728
710
695
686
688
688
697
714
723
761
789
802
814
827
823
804
778
753
719
713
703
693
702
718
729
749
771
793
807
800
765
757
754
743
738
727
715
688
671
671
684
697
705
736
777
749
752
796
816
820
812
785
785
785
787
800
808
813
829
822
829
813
778
753
751
751
735
723
724
729
722
722
731
735
734
735
732
731
740
754
768
771
767
734
716
705
708
717
728
730
725
747
756
770
777
789
807
820
794
764
737
742
723
710
718
712
701
698
704
725
739
712
729
736
758
762
748
740
736
737
741
735
730
728
715
729
732
758
762
792
830
827
799
769
729
703
685
681
679
688
712
740
767
795
782
768
778
784
815
840
854
836
829
840
848
872
869
861
881
883
890
884
853
843
845
847
834
852
881
884
859
849
851
847
833
817
801
790
767
743
719
686
692
676
667
666
657
667
660
672
686
703
702
704
723
757
786
817
827
813
812
832
837
821
803
816
851
861
852
830
831
847
863
862
834
835
857
890
897
882
861
864
873
870
810
802
822
850
871
854
852
854
859
837
832
845
851
874
853
852
866
889
879
860
852
859
866
876
865
854
856
870
884
901
899
883
886
897
909
912
880
869
882
895
900
877
874
882
901
908
885
877
889
898
907
891
871
878
881
882
860
862
888
895
892
855
861
873
885
886
873
880
877
863
841
843
830
837
825
830
837
854
842
839
861
874
877
856
854
853
853
843
839
854
852
863
857
851
866
866
867
863
853
859
864
870
839
834
863
881
892
875
873
876
881
864
859
868
868
843
820
827
844
860
848
842
843
848
850
834
832
833
835
830
828
835
847
856
846
852
856
855
839
822
824
820
830
822
814
827
829
844
836
831
839
850
833
823
821
816
826
821
822
839
843
854
849
841
847
850
857
850
840
852
855
859
849
833
843
848
843
835
828
838
845
848
842
829
845
867
880
886
880
870
874
860
868
856
843
854
857
859
842
836
845
853
857
841
842
863
872
879
860
842
849
857
874
893
889
865
867
863
873
868
845
834
841
852
862
868
850
853
851
850
854
837
828
839
842
858
856
849
846
829
795
771
757
728
711
717
722
730
744
771
800
833
839
839
820
811
823
831
852
883
887
864
862
864
884
895
904
914
914
914
916
925
914
872
860
864
877
874
884
845
841
859
882
893
867
844
852
857
861
870
875
847
838
839
846
875
899
897
865
866
875
893
896
915
916
925
920
906
906
881
851
854
885
898
900
873
854
867
891
900
896
870
864
868
864
862
854
852
871
870
875
859
844
854
860
869
868
860
843
849
859
869
876
878
868
854
859
861
868
877
871
845
843
851
860
865
861
855
854
866
878
893
900
884
882
892
883
869
844
840
841
842
841
846
861
871
878
882
865
858
870
878
882
883
878
851
858
873
884
898
896
872
847
856
861
874
885
867
849
851
840
847
825
829
854
870
881
880
872
848
833
828
815
822
835
819
824
827
842
848
832
824
841
854
854
848
839
848
861
870
854
845
852
863
872
873
867
854
856
865
875
866
844
838
853
874
874
863
854
853
849
847
845
834
820
829
835
848
854
854
840
834
832
818
813
805
825
836
840
839
824
818
830
837
845
854
829
813
820
842
863
888
871
846
840
843
860
870
870
854
853
859
881
898
911
911
892
865
866
884
903
928
907
878
883
887
893
898
888
869
868
875
892
903
888
867
864
872
878
892
878
854
856
864
874
879
866
854
859
873
888
896
881
858
845
827
823
796
808
817
826
831
808
814
829
840
851
843
829
832
843
849
867
871
859
871
879
894
896
861
825
836
849
868
885
882
868
870
855
867
889
863
871
896
905
924
910
896
900
883
889
879
865
882
900
907
896
877
887
869
815
814
820
836
850
834
841
853
857
869
872
859
857
867
863
867
867
857
863
867
880
890
870
864
873
885
893
896
886
861
854
865
880
894
888
867
861
859
871
865
852
866
879
893
892
876
858
863
872
874
873
864
872
884
881
878
861
840
845
858
868
875
860
852
860
868
878
891
868
851
857
861
874
885
875
860
858
864
867
863
850
842
855
854
870
865
856
861
857
863
854
842
853
856
856
865
854
843
852
866
877
895
881
863
871
878
886
895
880
866
873
878
883
887
871
854
850
854
871
883
878
866
869
878
883
886
876
854
854
870
882
896
885
869
872
882
890
893
875
874
879
888
885
872
877
886
890
872
862
878
888
896
889
878
885
892
897
898
864
862
871
876
877
885
868
849
849
856
867
879
860
844
842
846
859
866
849
829
832
845
858
866
857
845
843
852
863
878
882
871
869
883
886
900
899
875
865
871
873
874
876
853
838
843
850
860
874
879
871
881
890
897
900
882
862
864
863
873
881
868
853
854
865
882
890
876
855
854
861
871
887
885
868
874
891
901
856
800
806
823
843
868
873
854
849
831
813
804
770
749
730
729
740
761
785
797
797
783
785
794
815
844
879
903
915
892
870
864
870
879
887
843
821
814
832
861
854
838
844
857
864
841
813
810
827
849
860
840
839
858
889
910
910
870
861
866
871
884
861
862
873
880
896
878
864
881
896
901
887
813
804
786
770
745
747
765
791
803
801
792
793
811
823
836
844
824
817
829
851
870
882
857
842
853
858
871
855
827
828
849
857
850
819
813
826
856
889
849
821
827
853
873
882
851
848
865
881
897
877
852
854
871
886
883
842
848
862
874
882
872
863
872
890
896
895
861
852
871
893
893
876
868
887
900
909
886
879
895
911
914
895
869
877
896
900
893
884
904
917
916
876
867
890
908
928
900
899
914
917
884
822
838
857
875
842
826
841
864
878
888
864
862
879
895
897
908
881
875
887
882
862
821
831
861
890
899
872
859
871
890
900
902
881
873
899
924
947
939
901
904
925
930
941
903
877
888
906
925
913
904
926
921
922
891
888
900
908
896
886
896
901
908
887
886
907
916
909
889
893
905
914
902
885
899
909
916
887
870
870
869
889
882
885
909
924
927
899
894
858
815
814
823
841
842
818
828
846
862
850
838
846
865
885
887
870
866
880
896
896
874
866
878
886
894
880
869
870
888
903
902
862
837
829
833
839
832
847
865
873
874
849
841
854
871
888
891
873
881
893
893
896
875
867
871
874
896
853
840
863
871
883
860
850
859
860
873
862
851
858
866
869
869
848
837
847
866
872
857
860
853
863
874
856
841
849
863
878
887
873
856
863
871
875
882
862
863
890
910
932
931
913
913
926
920
919
897
908
923
931
930
903
914
917
895
860
882
910
902
863
843
861
863
880
858
856
870
883
894
886
877
888
888
888
891
862
851
854
864
881
873
822
818
842
858
864
855
845
858
868
877
886
854
841
852
851
834
822
849
890
911
925
896
841
809
818
830
845
863
878
889
883
861
829
835
846
861
872
883
877
838
824
827
837
847
854
835
837
838
847
851
863
850
850
843
836
827
785
776
778
762
739
754
782
811
803
785
780
789
809
830
854
865
846
830
832
845
860
870
870
848
833
835
854
870
879
879
853
835
835
842
831
799
792
813
843
860
877
874
855
853
861
861
869
862
849
833
833
831
816
793
783
795
815
837
847
838
829
828
829
834
833
798
793
807
824
828
784
751
742
729
744
769
802
826
855
862
864
854
848
839
836
821
808
812
825
820
786
790
816
858
906
927
926
890
853
851
857
862
869
854
822
821
831
845
830
811
823
816
813
818
811
815
825
837
845
804
789
802
813
836
859
853
847
849
858
870
879
881
871
879
882
889
886
884
859
842
846
860
873
873
828
813
815
818
841
850
829
816
837
848
870
886
872
838
836
848
801
795
808
813
832
843
832
834
847
867
882
898
902
895
877
854
848
864
886
914
938
907
877
881
901
923
941
922
886
885
908
917
915
886
878
892
909
918
926
882
874
889
903
906
856
861
885
913
919
897
884
875
861
868
839
822
820
837
853
868
852
841
855
870
871
878
846
839
850
866
888
894
877
856
861
875
882
887
866
856
845
853
826
793
811
812
822
815
812
835
860
856
836
826
838
836
821
807
819
832
853
860
855
872
886
891
902
902
899
871
860
863
884
909
918
891
886
904
893
892
860
835
853
872
886
879
851
855
867
885
896
880
856
870
866
884
900
880
859
869
888
891
896
866
842
847
854
868
884
870
854
866
886
896
902
874
855
857
845
852
813
803
818
850
868
880
856
841
846
864
879
895
885
875
888
903
928
936
916
889
903
916
914
896
862
877
898
920
923
889
876
871
872
858
855
864
865
856
838
845
854
863
875
862
860
867
880
890
901
871
843
845
853
855
837
832
844
855
859
853
853
864
877
891
891
865
859
865
874
877
856
848
855
863
870
872
858
857
864
876
890
868
844
845
854
864
860
846
851
858
863
868
855
850
863
856
797
796
774
787
786
801
789
769
749
734
732
731
734
734
722
719
723
729
735
735
727
723
730
748
777
799
788
784
805
823
849
851
813
800
809
832
841
839
827
826
824
831
822
815
828
847
851
833
832
841
850
854
852
846
846
853
858
869
847
839
851
861
872
866
858
864
853
852
833
815
815
823
825
824
828
836
851
865
845
831
836
844
852
854
858
868
858
840
815
822
842
854
860
862
855
860
870
889
901
905
901
893
894
895
902
902
885
877
893
904
913
905
868
818
805
813
803
796
810
834
849
855
854
848
854
855
861
875
890
868
850
843
864
889
908
882
868
879
896
898
883
849
846
850
871
873
867
859
877
898
914
929
902
885
895
893
892
874
866
883
905
919
910
887
892
902
896
881
862
872
879
889
865
846
850
857
863
846
827
837
853
866
850
841
849
854
859
841
825
834
841
854
857
843
835
842
853
866
873
851
850
854
851
848
816
813
824
838
826
807
806
816
836
845
833
832
843
851
866
868
852
848
852
859
875
891
870
866
873
880
885
865
842
839
861
879
884
862
854
867
882
889
863
845
850
861
862
847
848
863
883
896
885
863
870
879
883
880
848
840
846
868
883
874
876
892
908
917
909
881
884
890
897
893
869
869
888
894
892
875
873
883
896
893
876
854
856
871
870
861
839
833
836
846
840
813
809
833
844
853
836
819
823
826
834
830
825
826
835
851
845
831
842
857
874
864
853
858
871
879
867
854
855
860
859
848
837
844
855
866
864
841
842
847
810
768
731
715
716
735
753
774
784
786
781
762
761
758
760
747
707
701
701
711
727
739
746
753
774
796
808
821
808
793
799
798
809
817
807
789
797
809
824
843
835
814
813
828
849
855
822
764
751
762
782
801
816
791
775
782
795
823
850
867
858
847
842
846
854
854
858
828
796
792
797
819
831
784
759
765
773
798
822
817
799
802
814
834
854
862
849
838
833
823
797
763
755
764
791
822
834
804
791
792
795
784
770
775
767
755
744
741
754
788
820
840
825
818
820
820
820
823
826
815
811
817
827
842
852
840
809
805
809
827
830
820
807
811
822
837
839
810
795
798
813
827
820
782
772
776
787
787
779
783
801
803
794
787
791
787
756
734
736
756
782
810
806
808
813
819
829
841
849
832
821
825
842
853
849
828
823
830
850
856
847
839
842
852
862
865
850
843
852
852
843
813
807
804
782
773
775
779
778
771
778
802
822
835
828
834
854
866
839
801
801
832
864
879
882
871
863
873
863
849
832
842
859
868
881
884
850
836
837
850
858
871
850
833
835
845
855
856
841
836
848
873
878
849
826
823
826
841
852
839
831
838
849
858
837
809
813
798
793
782
773
740
717
719
743
752
759
771
797
817
831
823
816
821
841
850
862
852
840
842
854
867
867
844
831
848
866
865
837
830
841
854
858
846
819
809
809
815
824
820
830
850
868
874
870
848
852
858
860
842
823
826
841
846
834
830
850
871
873
855
831
833
842
854
842
822
814
827
816
819
814
807
814
817
812
803
803
811
808
796
775
768
771
771
773
776
801
827
850
855
832
814
808
797
774
765
761
763
763
768
763
766
773
781
794
779
769
771
764
737
735
739
758
782
809
826
841
847
847
831
821
821
827
848
857
834
821
822
826
853
873
878
851
841
834
842
859
882
854
827
817
834
858
876
856
845
849
846
847
846
816
796
795
807
837
886
885
865
869
882
886
886
860
851
863
879
883
860
849
849
859
867
877
868
881
894
899
881
860
851
829
810
786
786
793
805
788
777
781
797
811
794
770
770
778
790
804
808
823
829
837
841
827
832
851
856
855
835
824
829
853
857
869
843
824
832
843
851
868
857
852
862
872
873
844
829
833
830
827
820
828
849
863
867
846
849
847
815
758
751
751
764
774
764
756
760
778
793
813
806
796
806
813
829
841
827
809
811
832
854
852
820
803
807
810
812
794
788
793
807
825
847
824
817
829
833
802
801
814
835
847
840
833
854
864
867
848
830
832
841
844
833
821
822
843
856
868
856
858
866
869
869
857
852
869
882
889
860
854
862
872
857
839
843
849
848
836
848
862
874
870
869
884
882
872
861
860
874
889
868
826
827
832
852
848
832
853
862
868
880
860
843
844
849
842
819
814
836
863
869
859
851
855
861
852
828
815
821
831
850
839
837
847
856
863
858
853
860
857
831
804
782
786
784
778
778
796
810
811
795
802
813
818
808
798
808
813
822
799
797
803
815
836
822
828
834
832
820
791
784
789
791
783
780
786
812
837
846
830
813
814
813
814
794
791
790
795
791
777
788
777
752
739
739
747
765
762
751
729
720
719
732
747
754
757
749
741
749
769
796
796
784
773
762
771
781
775
771
772
790
804
828
823
805
802
802
807
796
791
806
822
836
820
805
807
820
835
852
842
830
821
815
801
788
788
802
833
847
834
840
854
855
846
818
816
814
818
813
805
807
813
827
821
816
824
832
831
808
794
799
805
817
816
819
852
873
886
869
863
873
870
864
837
828
830
831
835
819
812
822
823
823
804
803
807
810
795
789
785
786
776
746
735
743
758
780
778
774
779
793
802
799
795
797
801
807
799
782
778
785
800
813
816
813
813
811
800
773
756
755
759
766
770
766
761
739
713
678
668
668
685
716
749
744
737
747
761
775
784
771
765
772
788
806
804
805
806
801
789
776
781
784
789
776
768
772
784
796
794
784
784
789
803
788
789
794
799
802
792
782
790
800
816
828
827
833
842
821
801
807
818
830
829
816
802
803
816
821
822
810
811
821
834
840
846
832
836
843
848
850
836
829
835
849
860
845
830
831
840
849
842
854
873
877
863
830
815
823
828
814
806
796
794
804
803
802
804
811
775
754
749
761
761
768
771
772
788
808
817
813
799
801
791
798
794
779
789
801
810
821
820
821
833
836
809
786
787
750
741
759
776
796
786
780
785
795
805
790
787
791
800
817
839
825
821
828
838
831
813
809
808
830
834
808
801
783
792
781
773
786
798
812
814
813
806
806
824
846
867
874
861
836
813
815
828
851
852
849
855
872
877
877
858
834
830
838
844
841
826
825
844
873
886
879
869
886
891
898
883
851
852
869
881
886
866
859
873
892
896
883
861
870
890
897
894
894
903
900
879
820
809
828
872
902
887
902
888
875
847
821
817
828
843
828
821
832
835
840
850
845
834
832
840
839
819
824
851
862
872
855
834
837
849
864
876
824
795
789
803
832
852
813
779
755
742
750
756
772
780
771
771
775
785
798
786
778
777
790
816
832
838
826
815
812
823
840
855
840
822
813
822
840
858
854
832
822
832
837
826
816
819
838
859
866
861
844
827
834
854
873
858
839
834
850
867
884
870
848
838
822
816
775
774
783
787
794
786
756
750
730
719
705
705
700
697
683
670
661
654
642
633
630
626
619
623
632
645
656
673
690
717
742
758
767
771
762
765
763
761
751
739
728
730
740
745
749
751
765
775
782
776
765
756
758
757
755
750
743
747
749
744
732
732
744
760
763
757
746
739
739
744
742
745
749
755
754
744
740
739
741
735
732
736
741
748
752
743
727
724
722
715
717
716
705
700
688
678
674
677
692
705
695
688
682
684
684
687
691
706
713
714
721
715
710
698
696
697
693
688
683
671
663
666
683
712
754
761
760
761
769
785
795
806
784
766
763
768
775
791
792
795
807
796
790
771
729
716
728
743
766
782
779
778
782
791
800
813
805
807
816
827
836
840
827
813
819
829
841
838
828
838
842
838
839
816
813
815
826
789
768
761
745
708
697
696
697
697
689
688
699
715
724
724
721
731
740
738
724
730
726
713
704
711
706
698
687
690
691
689
684
683
684
686
687
676
672
663
660
666
681
686
689
682
683
683
678
675
673
673
685
694
706
706
691
690
683
683
673
656
658
669
677
669