786
791
800
818
819
804
793
788
790
785
764
747
728
707
693
690
691
695
689
695
702
709
713
712
713
721
742
770
788
791
792
789
799
804
809
813
813
825
838
859
832
774
774
479
279
741
737
1478
733
1418
698
1414
2237
766
764
741
687
729
759
745
724
727
726
717
725
719
722
707
711
714
709
705
695
692
681
677
674
670
669
666
661
662
417
2205
652
653
666
677
693
710
729
731
738
744
719
717
720
725
723
712
725
732
742
741
716
708
691
676
664
665
664
666
664
659
668
670
675
685
699
700
698
704
701
703
695
697
701
692
700
699
707
709
701
703
705
704
703
718
725
739
745
757
745
716
699
703
704
698
697
692
689
699
706
714
729
720
688
705
711
698
684
677
667
1303
646
660
660
679
692
718
732
743
741
728
729
746
758
778
807
816
800
800
817
861
891
912
924
893
873
888
919
940
940
871
838
838
855
884
862
815
806
772
772
771
756
754
771
813
844
867
842
833
847
868
889
894
870
857
868
896
924
934
888
873
893
853
859
840
870
891
920
911
894
919
937
951
926
896
880
899
896
886
908
941
951
960
960
930
911
932
964
1006
1008
981
934
939
961
976
979
972
942
952
968
991
1002
993
964
964
979
979
932
924
952
978
946
915
931
938
937
923
916
937
952
961
937
957
964
957
938
893
899
924
951
968
938
925
929
934
954
938
874
850
794
785
819
846
850
873
893
902
882
894
887
886
873
896
919
930
932
941
954
959
957
940
929
941
947
947
942
929
938
954
980
979
952
953
962
960
948
940
934
950
953
968
988
975
968
936
940
971
995
1012
995
982
992
994
991
979
946
944
943
957
957
936
954
966
989
978
963
974
967
959
927
926
932
943
954
945
928
942
957
966
952
938
933
929
936
938
951
944
940
939
897
887
856
831
854
879
909
912
887
854
840
834
831
802
804
814
841
858
847
821
821
822
832
861
872
873
886
917
943
969
958
947
940
925
918
912
909
898
900
895
887
899
935
968
963
930
929
918
907
886
890
899
934
951
940
927
869
845
856
870
854
853
879
907
925
943
938
935
924
912
904
909
917
943
971
937
907
913
905
910
889
880
887
900
884
817
780
751
767
776
814
854
857
842
848
857
873
888
895
884
882
896
911
938
977
989
960
916
926
953
962
971
970
947
953
967
999
1004
994
963
955
954
950
950
947
927
900
903
917
936
962
947
929
943
953
953
955
956
954
936
914
913
912
903
853
854
865
888
885
874
893
915
933
940
935
941
945
948
942
940
943
949
964
975
973
940
940
957
974
984
947
894
897
890
905
899
879
877
881
890
888
873
894
900
905
882
867
874
874
888
877
863
864
866
877
879
890
880
880
860
854
872
868
863
845
849
846
847
854
871
878
902
912
920
911
903
906
907
894
854
827
824
843
857
845
839
851
878
900
892
878
887
890
899
889
876
880
886
894
879
859
868
900
911
921
914
889
890
887
890
880
856
868
879
904
907
911
913
903
896
871
867
880
890
850
811
819
842
858
845
842
848
851
872
867
854
854
859
872
852
841
850
857
874
871
869
879
886
891
872
852
854
851
829
822
838
852
856
851
847
845
834
817
799
795
798
786
770
765
760
749
755
759
754
750
756
758
764
761
756
767
777
790
791
783
784
795
813
802
764
769
743
719
721
740
747
746
760
773
802
833
858
848
836
845
867
898
894
854
824
820
792
777
776
767
778
804
826
845
829
802
796
809
827
846
804
806
826
838
842
854
854
851
867
878
892
903
909
909
907
915
922
925
925
881
854
870
890
902
894
855
848
857
879
904
904
885
889
905
915
913
906
877
857
863
875
893
905
899
872
871
880
896
913
922
901
881
879
883
896
901
885
857
856
883
890
908
912
889
880
880
883
879
867
842
830
833
843
857
857
848
827
833
848
864
877
874
851
839
847
854
878
884
877
888
905
919
931
908
895
886
873
849
838
839
853
874
882
873
877
859
837
796
775
779
787
773
775
782
788
788
786
767
744
734
738
744
760
777
792
797
798
810
841
865
890
900
895
878
851
825
835
854
832
813
798
795
796
776
796
832
868
897
894
860
853
860
872
887
894
870
869
876
890
896
900
875
862
869
876
896
909
896
857
793
778
790
761
733
717
723
731
736
747
760
783
821
851
849
838
858
877
889
896
896
869
848
848
848
847
855
865
843
818
821
846
872
897
907
898
871
864
873
880
883
880
853
822
823
843
863
892
902
901
892
880
875
869
878
868
797
778
779
801
818
802
771
766
761
771
793
805
825
849
879
887
897
894
865
837
829
836
850
858
867
857
832
834
859
890
930
919
876
854
861
873
877
859
805
803
809
824
857
889
925
947
939
932
925
923
906
847
819
829
860
890
892
874
838
836
853
869
871
844
811
818
823
822
834
846
821
815
820
831
840
844
828
806
802
814
844
856
871
858
832
825
844
866
891
914
917
909
904
906
900
888
863
840
848
882
920
904
878
835
834
850
870
878
863
827
815
812
815
825
818
819
829
835
842
832
810
813
812
818
825
813
798
801
811
828
859
869
853
845
853
865
887
903
905
902
874
847
854
886
919
931
925
906
881
866
853
848
847
817
804
812
820
828
826
815
816
839
857
871
874
854
830
829
837
854
867
874
851
815
806
804
812
823
825
823
832
834
839
849
829
814
820
850
869
883
892
896
878
868
872
870
875
877
864
862
861
873
879
885
872
842
843
835
839
834
798
793
798
806
814
805
801
811
827
829
834
822
821
822
826
796
787
792
810
825
832
832
826
828
836
834
841
853
855
838
842
848
854
869
867
848
839
841
847
854
834
818
817
822
830
823
814
823
829
813
808
783
779
781
791
790
785
775
779
791
809
818
813
816
827
838
855
844
818
819
829
846
856
859
850
854
854
864
873
874
863
863
876
885
902
907
885
869
885
888
893
893
867
853
850
866
877
862
834
834
846
855
828
794
776
769
763
753
730
721
722
733
751
745
738
750
764
771
773
775
773
784
787
786
789
791
794
796
796
803
820
828
818
794
798
805
817
822
818
802
805
801
811
840
839
843
831
831
836
855
870
877
863
862
845
830
834
779
742
740
753
754
742
748
761
773
776
766
747
756
771
785
795
786
793
805
815
813
808
798
806
813
818
818
822
812
809
813
826
837
844
831
811
808
801
800
806
795
782
788
802
823
831
816
808
806
804
809
823
820
795
790
798
812
827
841
840
829
836
834
847
854
849
820
818
836
851
847
837
804
803
806
813
833
832
825
824
814
813
811
812
812
807
811
818
831
853
867
850
842
822
808
781
771
782
789
777
761
766
783
805
829
842
836
818
816
821
819
824
830
832
809
803
815
840
861
870
858
829
818
835
857
865
861
841
840
855
844
799
756
726
709
710
725
761
808
838
826
789
775
773
774
778
784
793
796
772
745
735
738
770
811
837
853
843
842
846
850
854
850
816
788
774
780
796
806
816
799
789
792
807
807
806
790
774
771
780
806
823
815
804
797
800
805
817
830
834
821
803
797
802
814
838
851
855
841
813
807
810
825
831
836
833
809
794
804
828
842
841
841
839
821
813
821
815
827
843
779
745
729
721
723
725
729
746
774
789
795
789
793
800
810
813
819
828
835
837
819
791
768
775
790
816
845
836
823
822
833
853
876
887
869
853
831
836
841
854
854
856
849
847
849
855
865
863
844
824
821
828
851
862
856
827
815
819
824
824
822
822
828
838
843
845
841
828
812
811
816
837
849
846
793
775
761
752
741
734
736
750
766
777
780
768
770
772
787
800
808
817
823
832
814
791
794
802
803
812
802
770
755
750
747
740
741
759
783
801
823
835
816
800
790
757
749
753
769
770
746
734
726
724
717
712
710
712
719
697
679
665
657
648
640
645
642
648
645
637
636
636
636
644
644
644
640
640
640
639
645
647
642
635
628
623
627
630
647
687
736
761
762
733
716
704
689
676
669
653
637
633
635
652
663
674
696
723
750
758
762
737
718
719
729
737
750
764
753
724
723
725
737
757
773
779
778
770
751
718
713
717
721
725
737
754
771
784
784
789
793
801
811
813
815
803
798
798
808
813
813
798
795
796
773
737
709
689
681
680
684
685
685
676
664
652
646
656
672
669
668
668
664
665
661
660
665
658
647
645
658
696
762
825
833
819
830
841
834
816
785
761
756
761
771
764
750
750
755
733
712
690
682
677
681
691
703
728
747
745
752
766
767
749
743
733
723
715
706
706
717
738
764
789
794
782
767
765
767
773
785
791
783
771
770
781
797
790
738
719
714
720
725
730
728
723
714
720
728
710
693
675
663
661
678
695
713
725
716
710
705
708
688
673
655
652
649
644
636
635
646
654
679
698
688
670
673
688
697
697
695
696
698
694
688
688
695
703
717
726
732
729
729
729
729
727
714
693
682
677
675
688
700
711
717
717
729
744
753
750
745
737
729
718
703
692
678
679
688
702
728
732
724
704
700
700
704
705
699
687
673
660
659
658
668
658
656
670
691
684
679
670
662
660
660
662
661
656
646
643
650
669
688
707
718
733
743
740
714
711
719
723
722
720
713
700
691
693
713
736
772
801
801
791
759
724
708
688
680
684
682
666
661
651
656
664
676
676
679
663
659
659
664
677
705
739
775
807
829
846
864
883
877
868
817
777
775
793
826
799
811
836
866
881
864
820
815
836
866
896
879
825
813
817
833
853
866
857
809
786
750
729
736
773
823
874
861
842
867
890
914
930
932
888
859
856
880
916
932
909
878
872
896
913
923
901
864
856
868
892
911
890
850
847
865
866
839
816
814
797
780
756
724
706
703
709
724
741
757
744
746
738
729
725
739
778
826
860
850
816
811
824
850
877
892
866
845
850
869
893
907
905
875
847
850
852
869
878
866
842
849
855
872
875
850
832
839
862
891
903
880
870
876
893
907
916
877
845
839
832
841
838
818
835
858
868
900
896
875
852
844
848
864
897
901
893
888
896
891
895
894
860
785
762
755
742
741
762
781
748
726
716
695
688
674
672
680
702
725
744
729
707
692
696
722
756
772
773
767
758
759
777
809
846
859
839
803
785
791
806
817
842
836
813
806
820
852
872
883
849
800
781
763
743
710
692
695
717
767
795
790
783
781
783
784
785
772
776
797
827
854
867
865
856
838
842
837
835
854
862
851
854
869
862
866
878
871
855
858
862
859
855
831
825
843
861
860
847
825
818
822
827
837
850
855
864
866
855
842
822
815
823
854
863
854
827
807
812
821
837
850
836
815
813
821
823
820
812
807
809
816
833
842
845
842
835
833
848
879
899
880
876
872
858
854
836
827
836
856
860
852
859
875
892
875
826
806
803
812
831
852
852
852
811
746
728
697
684
670
661
664
679
686
688
698
721
752
789
811
821
830
821
802
796
809
835
868
892
905
888
859
861
886
914
915
918
914
875
831
781
771
773
793
805
795
761
748
756
770
810
860
871
861
865
873
879
891
894
875
831
842
860
879
899
892
879
882
891
904
903
907
877
859
870
863
874
895
875