558
557
554
549
555
549
556
559
572
581
592
603
597
592
583
582
579
566
565
563
564
563
558
549
543
534
533
530
529
543
566
597
616
630
629
615
597
591
598
588
587
593
597
604
607
615
634
648
652
650
651
654
652
621
609
604
605
598
595
588
584
582
585
574
564
563
560
561
563
560
555
555
553
549
548
546
545
544
548
555
562
566
569
567
566
578
582
590
594
590
591
581
571
561
557
553
556
561
565
587
603
613
624
656
692
700
686
666
647
636
622
611
597
583
574
564
566
569
574
570
567
576
585
590
583
578
578
580
586
586
580
580
577
577
576
573
571
565
560
554
552
548
551
551
565
591
607
620
620
626
628
628
623
610
594
589
578
572
566
566
566
570
582
591
590
608
622
643
633
621
629
636
651
670
646
647
659
637
635
666
745
782
759
721
709
713
710
702
688
685
697
715
729
735
721
708
666
642
628
623
627
640
638
641
648
657
658
655
642
630
624
626
616
608
614
617
616
623
628
644
633
637
640
646
645
650
646
653
655
637
639
645
655
646
660
678
697
703
707
701
680
663
654
639
621
610
609
597
608
627
651
644
643
630
638
637
652
658
661
673
691
696
697
693
676
667
665
646
640
632
633
652
675
689
682
693
701
715
722
724
706
723
755
773
780
824
848
850
822
807
783
766
728
696
688
693
698
712
718
729
733
744
767
773
777
779
745
730
717
711
725
713
714
729
735
743
743
733
738
724
721
730
744
744
738
728
707
704
711
705
706
731
749
773
768
783
769
761
769
766
774
766
744
734
719
722
750
784
755
719
702
742
843
896
875
826
818
813
825
799
793
788
824
847
844
817
840
859
844
843
877
889
889
846
839
842
854
853
852
859
820
780
771
776
791
775
762
761
767
779
793
794
805
780
781
783
794
800
774
783
790
794
822
827
798
770
769
741
719
732
756
789
814
820
813
806
763
771
776
779
773
788
806
822
830
788
793
782
773
748
754
760
772
771
765
765
761
774
776
777
739
722
717
717
736
764
748
730
716
720
727
735
755
719
711
718
739
745
741
718
716
737
747
772
794
768
734
717
729
732
777
801
811
832
836
810
749
749
746
731
715
685
676
660
654
645
637
636
629
632
630
638
646
649
654
657
666
676
681
681
663
652
654
655
630
626
622
623
614
624
634
647
651
656
648
632
625
616
612
611
607
619
617
606
602
591
598
606
622
647
678
677
676
695
720
745
730
692
683
676
677
668
651
657
654
668
688
705
732
766
798
814
804
751
735
752
778
806
836
832
816
808
808
818
832
848
779
742
722
706
688
681
680
687
704
709
724
729
728
723
725
739
748
755
750
712
698
707
715
716
713
710
715
714
706
694
688
670
658
647
641
634
645
651
657
661
658
661
649
645
635
635
626
632
646
668
685
668
662
662
665
667
661
646
653
675
696
702
701
698
693
691
693
695
705
707
705
718
717
714
717
720
730
735
734
726
711
702
711
734
746
760
745
734
729
727
732
731
720
702
683
685
688
698
706
706
706
699
705
713
712
704
677
671
660
656
665
681
692
685
688
690
702
697
684
658
641
637
643
647
653
655
655
668
683
700
710
704
697
690
694
695
705
705
671
666
661
673
680
693
705
708
701
709
710
713
725
725
725
708
686
686
688
688
677
666
657
656
662
679
693
718
728
727
726
744
766
789
791
755
742
750
712
702
713
733
747
773
788
786
783
776
770
762
759
758
732
703
674
662
664
692
731
749
742
778
824
856
839
836
836
823
797
735
735
721
715
717
724
731
732
733
736
736
749
745
716
691
665
671
688
700
696
686
686
696
712
727
745
736
740
744
744
728
703
688
696
712
732
761
773
767
754
725
711
695
688
688
671
676
702
749
803
814
782
786
790
765
732
726
704
702
694
682
671
665
656
658
655
651
629
633
630
632
640
655
666
664
664
675
683
685
672
670
674
683
666
662
663
668
686
704
712
727
723
703
687
672
661
644
638
626
629
630
634
644
644
656
671
697
731
749
751
735
716
715
712
720
709
699
703
705
703
690
686
681
683
684
682
684
696
724
732
731
752
768
785
773
760
742
729
704
691
694
714
728
715
718
730
730
718
723
746
765
769
755
737
704
676
671
667
678
707
730
750
763
769
757
735
731
724
729
732
695
584
724
666
658
656
642
637
631
619
601
604
598
599
592
594
586
577
565
559
561
557
552
549
547
548
546
547
544
543
546
554
564
579
589
599
613
608
590
590
590
593
590
584
580
571
562
556
549
552
555
554
551
551
551
548
544
542
541
540
540
543
555
554
551
543
536
534
535
527
525
520
516
514
514
504
497
494
496
496
501
517
533
551
567
583
591
597
589
581
570
566
567
563
556
553
550
553
553
549
543
535
530
529
528
530
528
527
525
521
524
521
519
521
520
522
521
528
535
536
535
535
540
542
547
545
545
544
549
549
546
545
542
545
544
539
539
539
532
528
528
530
533
536
541
547
558
568
575
571
560
557
552
551
552
549
547
544
549
551
554
551
553
563
568
571
569
571
576
580
579
579
576
570
570
573
575
572
570
569
566
563
571
574
573
566
562
560
562
571
586
596
612
637
645
633
635
643
653
651
653
655
657
652
640
625
620
625
628
627
619
613
614
608
607
604
604
600
604
617
636
641
629
631
628
619
605
605
603
604
609
604
600
601
606
607
609
618
607
595
589
586
587
593
592
594
602
614
631
634
635
638
637
633
618
618
609
597
591
592
596
606
610
617
617
618
619
622
629
631
637
623
611
602
604
608
610
608
600
598
596
604
603
609
602
600
596
601
602
600
601
605
594
595
588
583
579
567
559
556
555
554
551
547
547
549
553
558
562
574
592
605
619
619
626
625
621
610
610
605
598
590
590
591
591
583
582
584
584
582
581
579
587
587
586
578
581
582
582
576
575
574
576
579
576
569
570
571
575
577
573
571
572
575
572
569
566
568
567
563
563
566
573
571
568
572
576
579
575
570
569
563
563
557
555
553
554
557
563
567
564
566
568
574
574
569
572
578
582
579
576
577
584
590
585
585
588
590
596
589
585
587
593
589
584
583
585
587
583
579
579
585
582
582
575
577
577
576
571
568
573
572
568
568
572
579
575
573
571
573
578
576
574
574
579
580
578
576
580
584
586
578
582
585
588
581
580
581
580
574
568
568
569
565
560
562
561
564
563
564
568
571
578
584
581
584
587
589
588
586
590
589
583
575
570
564
569
565
567
562
562
563
564
565
563
568
571
574
571
569
570
574
576
568
567
566
567
567
564
568
570
574
570
570
574
574
572
569
572
576
578
575
575
580
584
581
576
574
579
574
571
568
568
569
567
562
560
562
568
566
563
565
568
564
560
558
558
557
556
559
563
558
556
556
559
561
560
563
569
578
583
585
584
584
593
593
591
584
580
581
578
577
568
566
564
560
557
551
550
552
555
558
557
559
563
569
572
571
566
563
564
563
558
557
559
563
563
565
561
562
563
565
563
563
565
567
572
566
567
565
567
563
557
555
553
552
550
546
547
548
555
564
567
567
572
576
577
572
573
576
573
567
563
563
564
559
553
551
550
550
543
541
540
542
544
540
540
545
547
539
541
544
545
542
548
547
545
544
546
550
555
556
553
551
554
556
556
552
551
555
552
546
545
547
552
555
556
555
554
557
559
557
553
555
557
557
560
562
562
560
563
567
572
567
566
572
575
569
567
564
563
558
553
558
563
569
567
563
561
561
561
559
563
569
584
611
630
633
617
611
601
594
596
592
594
599
591
586
586
588
588
589
592
599
614
635
665
697
726
740
736
717
692
663
634
610
597
593
591
588
579
577
579
593
609
615
612
619
616
613
618
617
608
603
604
609
613
609
600
597
600
599
601
600
597
590
579
569
569
563
562
565
561
551
552
556
559
561
561
565
567
571
573
562
557
557
559
562
567
577
585
595
609
617
618
616
620
610
608
612
613
606
600
598
599
600
346
845
601
605
609
597
582
575
573
578
581
583
583
585
576
570
560
550
545
538
540
555
583
610
623
618
616
610
609
603
596
588
581
574
563
561
551
546
548
543
542
536
535
529
524
521
522
522
523
526
531
536
539
540
535
536
538
537
534
532
527
527
523
522
521
519
522
521
520
521
520
522
527
527
526
522
517
518
518
517
518
512
511
512
514
513
514
514
514
521
523
525
531
537
548
550
548
553
559
562
564
557
556
557
556
557
553
552
545
554
560
565
575
568
566
569
567
561
560
565
565
562
561
556
552
549
549
554
552
552
548
549
554
548
545
545
545
548
548
550
551
556
560
565
570
526
615
570
564
564
563
554
548
540
539
537
542
537
535
532
530
533
534
534
542
554
577
602
617
628
636
633
617
596
589
581
573
573
573
577
575
571
571
571
566
559
555
555
556
558
560
566
578
587
585
583
583
580
578
572
574
577
573
572
570
571
571
569
566
565
566
564
563
561
560
563
562
561
561
561
563
563
559
552
551
547
544
543
548
547
543
542
543
550
554
553
556
558
564
571
569
565
567
575
576
572
567
567
568
564
563
560
557
557
551
548
542
542
540
542
546
551
553
551
552
559
562
560
561
565
569
570
569
573
579
581
577
574
576
576
578
575
575
575
576
574
571
566
572
575
576
568
572
574
575
578
577
570
573
570
569
572
575
578
569
563
560
555
548
548
548
546
546
554
556
547
540
537
532
525
520
521
519
523
538
554
563
574
589
597
600
595
590
579
571
568
568
567
572
572
574
569
566
569
568
561
558
557
556
555
552
554
559
566
569
576
583
587
586
584
581
580
569
567
565
563
559
560
560
562
563
562
565
564
561
556
557
559
558
555
553
552
554
553
546
546
543
540
537
542
549
547
547
542
539
538
538
536
532
531
527
528
533
538
539
534
534
533
536
539
540
546
555
569
580
589
587
590
594
586
579
572
572
566
564
566
565
561
557
555
552
552
547
542
539
541
544
549
555
563
569
574
577
574
580
584
579
574
567
563
559
555
546
542
537
536
544
558
560
559
552
555
553
551
551
550
548
545
546
551
552
547
546
544
544
541
538
540
543
550
556
559
563
569
577
577
574
576
578
571
563
557
553
548
548
550
552
550
549
549
550
555
559
557
554
555
558
563
570
572
571
571
574
573
564
567
567
566
570
574
578
579
580
578
577
580
575
583
589
594
587
578
573
570
558
555
548
553
553
562
557
554
552
547
553
567
580
587
585
586
591
585
579
573
573
572
569
566
566
569
572
572
569
572
574
575
579
577
576
576
576
575
571
569
570
567
567
567
569
577
585
595
598
591
593
599
602
601
600
596
598
595
589
587
583
583
578
571
565
557
553
549
545
550
554
556
557
564
567
575
580
574
575
573
569
567
561
559
560
559
558
557
558
562
564
563
561
561
561
557
552
550
549
550
551
554
553
549
547
544
541
541
540
535
536
537
537
533
532
530
531
531
529
530
534
545
553
564
577
584
584
587
578
570
571
569
564
561
558
561
563
566
563
563
564
565
564
563
563
565
567
570
569
567
573
576
578
577
575
573
575
575
570
564
563
564
564
566
566
570
572
572
569
569
571
567
563
560
560
557
554
550
549
550
547
545
546
548
548
549
546
546
542
540
541
539
537
536
537
540
542
542
545
543
546
547
547
544
545
545
553
556
557
557
558
560
561
558
555
559
563
560
556
556
555
557
554
555
562
569
572
567
569
576
578
573
573
571
575
572
567
567
572
573
574
573
576
577
576
570
564
563
564
561
558
556
555
555
563
566
568
561
556
552
549
545
544
543
539
540
540
545
546
541
535
532
528
522
522
526
534
554
570
584
598
615
624
627
623
627
620
613
604
603
595
590
581
580
581
579
575
568
566
565
563
560
559
561
561
564
563
561
563
563
562
559
556
554
555
550
547
547
551
548
547
547
549
550
547
545
539
536
538
538
540
538
541
539
546
544
540
540
544
544
541
540
541
544
545
546
543
545
549
555
561
559
560
563
562
563
561
562
564
563
562
560
562
562
557
556
553
553
555
553
551
549
548
549
543
542
541
539
536
532
530
528
530
537
542
544
540
540
535
535
533
531
530
530
535
536
537
535
534
537
535
529
527
525
529
533
537
535
531
535
542
547
551
552
553
558
560
556
550
549
549
547
546
543
544
547
548
547
550
551
556
556
557
551
551
550
550
547
545
545
545
547
548
552
556
561
568
567
564
564
570
570
570
567
560
554
549
544
541
539
545
546
543
536
538
533
532
539
548
552
562
563
569
573
578
582
581
585
585
579
573
571
569
563
555
553
552
549
550
550
554
557
563
565
571
574
578
575
572
575
573
570
564
561
561
555
549
549
554
554
556
554
548
544
539
536
532
529
526
523
525
527
534
534
533
530
530
533
533
534
540
553
561
561
561
571
576
582
587
590
593
583
576
570
568
565
563
559
563
564
564
565
563
567
571
575
569
571
576
574
574
568
565
563
564
562
552
556
551
548
546
548
548
550
559
559
560
564
562
563
566
565
565
563
563
563
563
560
558
555
558
568
569
565
560
554
547
540
536
532
531
527
529
532
530
531
533
535
548
557
561
565
571
576
574
571
571
568
563
557
551
548
547
548
548
544
542
541
543
539
536
535
533
535
534
536
540
543
544
546
541
543
546
546
550
555
555
554
549
544
542
547
549
547
541
542
540
544
543
541
544
544
552
557
556
555
554
553
554
553
552
548
551
552
550
549
543
544
544
547
551
555
557
559
564
569
567
569
572
578
574
572
571
574
579
584
580
580
584
579
573
567
567
566
566
561
561
558
563
564
567
577
582
584
586
588
591
592
588
586
585
582
578
574
578
576
568
567
567
563
560
557
554
555
560
563
565
569
578
579
576
570
569
568
569
572
572
570
566
564
566
565
563
563
565
569
574
579
589
602
609
607
610
605
601
592
592
590
588
581
582
581
581
579
575
574
575
578
580
581
582
585
584
589
588
589
591
593
589
586
591
589
588
581
582
586
587
584
583
583
584
583
585
582
586
590
588
582
584
585
585
577
576
576
575
573
571
573
575
574
573
570
567
573
574
577
573
567
562
562
560
557
556
560
563
569
570
574
580
580
585
581
582
582
579
573
571
571
567
564
559
558
560
560
560
561
563
568
566
561
561
563
562
564
565
567
569
565
564
566
564
562
558
558
560
562
562
563
569
572
577
576
573
576
578
578
578
572
564
557
555
556
561
566
564
563
564
563
567
567
569
568
577
580
581
581
577
574
573
571
567
569
569
569
569
567
569
570
567
563
564
566
563
556
556
557
557
554
554
555
552
555
561
572
583
595
597
599
603
604
600
595
594
596
593
590
588
582
585
585
586
588
592
604
627
632
632
627
628
627
624
612
597
590
583
578
570
571
570
573
576
577
577
576
579
578
575
573
573
574
570
570
569
565
561
562
563
562
561
564
573
576
577
578
576
582
581
577
572
567
567
566
564
563
567
566
568
569
577
583
585
584
585
585
584
579
572
569
565
562
557
552
549
551
553
557
563
578
590
608
612
624
629
631
621
615
613
604
594
583
581
574
568
564
567
571
573
571
573
577
578
578
573
574
576
576
576
571
574
575
571
566
566
566
563
560
563
562
560
558
559
560
557
557
556
558
559
562
557
563
563
563
563
563
564
564
563
560
561
560
557
551
554
555
555
554
554
559
559
561
559
563
567
565
563
563
563
561
555
550
545
543
546
547
552
552
554
557
562
563
557
556
555
557
557
555
556
558
561
562
562
561
566
567
567
563
562
562
563
561
558
559
559
558
560
557
560
562
560
556
555
559
560
557
556
554
554
555
554
551
550
552
555
556
554
556
560
560
562
558
562
562
562
556
555
554
560
556
558
557
561
563
558
554
554
556
556
557
560
562
565
566
563
570
573
569
564
563
563
562
560
554
555
556
554
553
557
559
559
555
557
555
556
553
553
553
552
549
546
547
548
546
545
550
553
554
553
558
560
560
561
563
565
566
565
570
568
567
563
564
562
563
558
559
558
557
557
558
558
556
556
556
556
555
553
554
555
550
551
554
551
551
552
550
546
547
548
550
554
550
554
558
556
554
558
560
561
561
558
558
556
555
552
549
548
548
551
557
559
556
563
563
563
561
564
571
573
568
565
563
561
558
555
554
553
553
549
551
551
548
547
546
548
548
548
544
537
534
531
533
534
540
549
555
562
563
563
566
568
569
571
566
568
569
569
563
562
563
561
559
555
558
560
562
563
563
566
569
567
566
570
569
568
565
567
568
566
562
562
561
562
559
557
557
558
558
557
560
559
559
553
556
553
551
543
541
541
541
541
541
548
551
555
558
558
563
566
568
568
569
571
572
569
564
563
558
558
549
549
548
549
548
548
552
556
561
563
563
569
570
570
565
566
564
563
556
557
557
555
551
551
551
551
553
551
556
558
555
550
552
555
557
561
563
568
568
564
560
560
557
555
554
555
559
562
563
565
571
572
572
571
576
578
581
578
575
574
573
573
573
567
566
565
571
570
569
570
575
576
581
580
574
573
573
571
569
565
565
567
566
567
564
566
568
569
569
564
564
566
565
566
563
565
563
562
558
561
561
563
563
562
562
565
567
564
563
564
565
569
569
570
573
578
582
579
583
583
584
580
576
574
572
572
568
567
568
571
572
571
577
579
577
571
570
567
567
566
564
565
566
568
570
572
573
576
581
580
579
584
584
585
578
579
579
576
567
564
565
564
563
563
563
566
567
569
572
574
575
575
574
576
579
577
572
565
561
560
562
563
566
569
570
577
583
590
593
589
590
593
589
586
575
569
565
564
559
559
556
557
561
561
564
565
568
571
571
570
564
563
564
563
560
557
559
558
557
554
558
558
560
560
564
569
573
571
573
576
575
575
572
572
572
565
568
572
573
571
572
574
576
571
568
563
563
562
559
557
557
557
561
563
566
568
569
570
571
573
573
568
563
562
563
561
562
562
557
555
552
551
552
552
555
554
548
544
543
544
548
553
558
556
552
551
552
552
549
548
544
543
541
539
536
537
538
543
548
554
559
560
558
556
554
558
559
563
565
571
573
571
574
579
582
587
590
586
577
572
570
571
577
584
593
591
592
596
599
605
610
615
619
622
610
598
592
591
589
577
581
578
582
584
587
595
597
604
608
616
611
623
623
617
607
604
602
593
590
585
585
578
578
578
583
583
585
591
593
589
595
594
595
591
590
588
588
583
580
583
581
581
579
582
576
572
572
570
567
563
565
563
563
560
563
560
560
558
562
563
560
559
558
561
559
550
551
549
548
546
549
550
551
548
548
548
551
552
551
551
554
556
557
558
558
561
561
563
562
563
561
561
556
559
560
559
554
556
555
555
552
549
548
551
549
548
547
546
547
543
543
543
545
544
541
541
537
536
532
530
531
531
526
524
525
521
518
520
520
516
511
510
507
511
510
511
509
508
507
504
504
506
506
509
503
504
507
505
516
509
508
510
505
508
508
508
508
507
511
516
521
521
518
516
513
513
508
504
506
506
504
499
497
497
495
492
490
491
493
490
486
489
491
492
488
487
490
486
482
481
482
480
483
481
481
480
480
483
481
479
479
481
479
481
480
479
478
477
480
478
475
473
476
477
477
473
473
474
473
475
469
470
472
471
475
471
472
472
474
474
477
476
474
474
474
472
475
471
470
470
469
471
469
468
467
468
470
468
468
466
467
468
469
471
470
469
467
470
468
471
469
469
470
470
470
472
469
468
470
472
474
474
474
478
479
482
481
481
484
484
489
489
490
489
488
492
492
493
492
494
500
500
501
503
508
509
510
508
507
509
508
505
505
503
507
504
506
507
509
514
516
516
518
519
521
522
520
519
519
521
522
524
524
527
535
539
541
547
552
555
561
563
557
554
556
555
550
545
543
544
548
549
551
557
565
571
572
567
566
567
567
567
567
571
577
582
588
603
611
614
610
612
612
613
603
602
599
592
584
577
580
582
585
582
590
594
600
599
603
600
601
594
592
593
592
589
589
594
598
587
591
589
597
580
584
599
603
604
599
596
577
567
556
547
543
536
537
537
547
553
555
554
555
552
552
555
555
565
577
590
592
598
604
606
604
593
588
584
579
573
574
575
573
571
574
583
583
572
568
566
572
571
570
564
562
563
563
562
563
560
563
563
565
562
564
567
567
568
566
573
576
581
577
581
585
588
591
587
588
586
587
584
578
579
574
569
566
572
574
575
578
581
586
587
584
587
589
584
580
573
570
570
571
569
568
574
574
578
573
570
569
567
567
564
567
558
552
543
543
541
540
535
536
539
544
545
546
548
550
557
557
558
555
559
563
568
567
567
568
573
572
574
570
565
569
564
562
558
558
558
558
555
557
562
567
567
569
572
579
578
574
575
576
573
564
563
563
564
561
559
559
561
560
558
558
563
571
575
575
569
564
564
563
558
553
550
552
555
557
556
553
556
561
559
560
563
567
570
570
570
569
570
570
570
566
566
570
569
572
572
575
579
579
580
584
582
580
577
570
571
571
570
569
567
573
582
599
615
623
623
620
615
616
608
603
597
589
582
580
590
599
609
619
624
619
614
614
613
612
612
603
593
593
595
590
586
584
590
599
606
610
619
621
621
619
615
616
618
619
616
607
604
603
602
595
594
594
598
603
605
615
625
634
638
638
637
638
637
627
618
618
616
619
625
633
641
652
668
678
683
679
665
661
668
676
691
690
679
657
652
638
629
633
637
626
623
626
634
636
624
617
613
611
614
623
628
642
653
663
665
669
668
667
659
658
650
648
648
634
628
621
614
611
601
598
592
589
593
597
610
629
638
641
638
640
645
647
655
666
666
659
671
679
670
655
658
658
655
646
642
646
650
648
640
634
632
628
628
627
631
634
634
629
624
622
619
622
627
641
652
665
670
667
658
651
639
627
623
622
617
617
611
616
625
628
631
631
633
632
628
620
617
614
614
613
612
606
607
606
608
612
615
629
644
665
682
690
692
682
675
665
664
669
669
658
654
652
655
659
657
663
667
677
676
678
678
678
677
669
670
666
666
662
658
651
646
652
655
664
669
669
670
674
672
671
667
662
659
661
665
677
681
681
678
681
686
691
693
687
688
687
681
672
655
649
643
641
641
645
652
657
665
667
677
675
680
674
663
651
646
648
650
657
662
659
652
649
646
647
655
664
666
656
654
654
655
655
649
648
653
651
649
650
650
649
646
649
654
662
666
663
664
671
675
675
668
660
652
646
640
638
634
638
642
644
650
651
650
654
656
651
649
647
649
649
650
642
639
642
646
652
660
662
658
666
674
679
688
689
679
675
668
668
665
661
654
652
648
646
648
646
646
656
664
665
662
653
648
644
641
648
646
651
649
647
645
653
650
653
658
653
650
647
642
639
637
639
629
624
622
627
627
630
629
640
648
654
655
655
652
647
646
646
646
653
657
656
653
649
646
645
637
637
636
631
627
627
629
623
610
614
617
624
635
650
664
679
681
682
683
684
681
677
674
677
682
689
696
699
695
697
698
683
657
651
654
661
664
667
665
662
663
666
663
663
656
642
643
648
665
676
688
694
690
689
686
679
675
666
652
646
642
637
623
612
608
605
606
612
625
645
668
692
712
720
723
718
712
709
709
696
704
702
705
696
688
679
665
655
652
649
650
650
656
661
667
674
678
680
671
668
663
659
659
656
653
648
648
650
656
660
660
649
646
646
651
655
664
673
688
685
688
682
685
677
669
666
657
650
650
649
658
663
675
677
679
684
682
674
668
659
652
641
639
638
638
637
640
639
640
638
639
638
645
649
652
643
642
649
657
662
659
660
662
661
665
668
666
660
650
633
621
610
613
617
623
627
635
632
636
639
646
651
645
633
630
629
627
622
616
610
611
612
607
604
604
604
612
620
625
627
622
620
620
619
615
618
619
618
613
615
612
610
605
602
604
604
604
599
595
597
598
604
613
618
628
636
643
642
641
640
637
640
642
642
639
643
647
659
678
689
688
688
687
688
689
680
662
648
646
640
638
638
632
627
632
643
660
683
695
688
702
701
690
673
654
643
645
644
651
652
653
663
672
682
690
688
679
670
672
675
684
681
679
684
690
690
681
683
682
680
674
664
660
659
666
678
679
686
686
687
688
680
676
678
678
674
678
677
671
666
676
699
708
694
699
697
699
688
675
666
665
670
673
671
663
654
652
652
647
654
656
656
658
663
667
675
678
667
663
670
675
679
687
680
672
673
679
690
696
702
702
691
682
678
684
684
682
680
666
660
666
686
707
716
720
729
745
732
726
711
711
705
701
700
693
688
683
682
680
679
691
702
707
705
684
681
677
677
677
675
670
665
664
659
659
658
660
658
665
676
685
685
671
663
663
657
652
646
638
640
636
642
649
661
678
691
697
694
696
698
695
685
672
667
668
660
658
656
646
635
641
651
659
673
676
675
662
663
672
676
678
674
670
663
662
659
662
660
657
664
671
677
676
667
654
648
650
652
658
664
669
660
656
660
670
684
694
713
701
703
706
713
715
715
716
703
698
694
698
695
688
672
662
667
675
688
701
700
690
696
709
707
707
712
693
687
683
676
679
669
657
659
658
664
660
655
655
662
655
651
645
642
644
653
664
681
687
694
690
684
686
688
697
700
688
670
664
668
678
688
697
701
698
699
700
703
694
685
685
683
680
674
669
665
672
688
705
689
659
657
661
670
685
688
688
686
654
639
638
646
665
681
698
704
716
711
715
706
708
694
690
689
685
690
696
697
684
676
674
684
689
703
707
691
683
678
682
686
688
675
660
658
672
678
684
688
685
676
675
677
681
681
688
682
677
683
687
687
681
678
667
668
673
667
677
681
688
692
690
690
681
672
662
649
639
638
646
673
709
708
688
675
671
673
669
664
657
652
648
650
657
663
675
683
697
714
724
727
722
705
698
680
674
662
667
683
682
671
676
682
688
705
704
697
682
670
662
660
657
661
669
682
690
697
714
738
750
746
735
710
689
681
687
697
708
706
692
692
697
700
696
695
684
679
679
683
681
683
683
670
680
688
697
706
702
684
679
679
681
683
684
682
671
659
663
671
690
707
707
710
721
721
727
730
726
716
714
712
716
716
718
706
705
696
695
688
677
670
675
683
699
702
684
683
686
687
690
693
687
685
688
683
689
692
704
710
716
716
714
707
700
684
679
673
674
678
677
688
695
694
686
692
699
708
704
688
683
678
670
658
655
654
656
667
676
691
704
712
707
703
694
685
675
669
671
678
684
695
701
705
709
714
703
699
694
688
676
665
660
666
675
677
684
691
688
685
685
676
672
665
665
665
665
661
650
646
654
665
681
703
702
688
689
687
684
677
672
664
660
656
659
657
667
674
684
684
691
707
717
718
716
693
685
682
680
675
680
683
688
694
701
707
703
707
698
684
684
687
681
686
675
674
677
683
689
698
687
671
663
669
679
687
686
684
683
679
674
667
664
662
662
656
655
652
652
655
654
661
671
683
696
695
699
707
702
690
678
671
664
661
660
661
655
661
670
685
697
706
708
691
682
678
678
681
683
680
680
679
687
698
698
701
700
701
699
692
684
679
675
673
669
668
671
669
668
672
673
668
667
673
677
678
678
669
674
673
674
678
677
672
669
669
670
674
672
679
688
689
692
691
696
700
698
687
670
663
660
663
667
663
660
668
681
682
688
692
690
688
692
690
684
678
679
685
690
697
696
700
698
690
681
686
696
700
704
684
682
680
681
683
669
644
637
636
635
637
642
646
646
646
641
627
620
613
604
589
582
571
573
564
564
561
562
562
564
568
570
578
583
589
593
596
601
605
603
600
599
597
596
595
589
587
585
586
584
581
578
578
577
578
579
581
580
584
585
584
583
582
581
580
582
584
580
580
580
579
572
570
569
565
568
567
564
561
556
554
551
552
558
563
568
569
564
564
563
567
571
570
578
592
591
597
594
587
586
587
593
595
595
584
580
575
574
574
576
568
568
567
572
572
572
571
569
575
576
579
574
572
568
570
570
571
568
569
571
571
574
573
573
575
578
577
575
570
569
571
574
576
576
573
573
578
584
584
579
578
581
584
586
584
582
583
584
586
588
584
592
593
598
603
608
618
619
614
603
596
594
588
583
575
572
571
570
570
567
564
559
554
555
564
579
594
598
604
608
607
604
607
605
605
604
596
597
594
596
595
593
594
598
600
595
591
592
591
591
587
586
591
595
599
597
595
595
600
604
602
600
605
604
602
598
594
590
594
594
595
594
599
605
613
615
613
618
622
618
612
616
617
620
615
613
615
616
618
613
611
606
610
611
607
607
610
611
607
605
613
615
609
612
609
606
599
594
588
591
593
598
595
599
604
606
609
607
609
615
616
619
616
604
593
583
574
565
565
567
571
575
575
575
581
587
596
596
598
605
608
608
607
609
614
616
613
619
617
612
605
594
591
589
589
587
588
592
594
592
593
598
599
594
585
588
590
595
592
593
589
579
577
577
572
569
562
557
554
552
553
547
544
544
542
540
539
535
536
538
542
540
539
538
536
538
538
534
532
530
530
526
522
526
528
523
520
519
516
520
518
515
513
512
516
514
513
509
508
510
507
507
506
506
506
503
505
505
501
498
499
497
498
496
497
494
494
495
495
494
495
492
493
497
496
493
489
489
490
489
488
486
488
485
485
485
482
481
480
481
480
479
479
476
477
475
475
475
471
470
472
473
471
468
467
469
468
471
471
470
472
471
473
477
480
484
486
484
482
484
485
486
489
486
488
487
488
490
488
484
485
485
486
490
492
491
491
491
497
498
498
497
499
495
500
500
500
498
497
502
500
500
500
500
503
505
506
508
507
510
513
510
510
510
512
515
515
515
515
517
519
520
521
520
519
521
524
522
523
522
526
532
536
539
540
542
543
541
541
545
548
546
545
542
546
552
552
551
554
558
561
563
566
562
563
570
573
577
575
571
575
578
583
583
585
594
603
608
606
604
604
608
605
601
597
601
602
605
599
603
605
608
609
607
615
617
622
622
619
625
633
627
623
628
626
621
608
612
610
609
603
601
606
611
613
612
616
617
618
612
611
612
610
610
602
604
607
615
619
619
629
636
639
634
640
640
636
635
635
639
639
634
633
637
635
635
627
635
639
640
629
629
633
637
640
637
638
638
638
639
626
629
633
639
639
631
632
629
629
629
622
620
620
622
623
619
624
629
635
638
639
639
635
637
636
641
643
637
627
626
617
606
600
600
608
624
635
646
664
678
685
670
667
662
652
629
619
616
610
609
607
608
606
599
594
585
585
587
592
597
593
591
596
597
606
608
602
604
610
613
609
615
615
609
600
601
599
597
594
587
584
584
584
586
586
590
599
610
621
622
629
633
637
629
616
612
611
611
604
604
606
610
606
602
605
608
606
602
603
604
601
596
595
598
593
589
588
590
592
587
589
591
588
587
586
591
591
594
590
589
593
595
595
592
588
586
585
583
577
575
574
575
576
573
574
577
582
582
582
577
577
578
577
580
574
572
572
572
570
568
569
572
576
580
576
581
587
587
586
582
581
584
580
576
577
578
581
579
577
578
578
577
571
569
567
567
564
560
562
566
569
572
573
581
588
592
587
592
593
597
587
586
583
574
567
563
564
559
558
559
564
572
582
592
602
615
623
624
614
611
613
607
599
593
590
589
579
574
574
575
572
568
570
571
570
573
571
573
578
579
581
580
585
589
594
591
594
598
595
587
585
585
581
578
582
582
579
570
563
564
564
573
582
589
589
587
590
594
594
586
586
586
589
585
585
588
590
593
588
594
594
599
597
599
608
611
603
592
585
586
587
593
593
598
597
595
593
593
593
591
587
586
587
591
591
592
591
604
623
645
643
645
654
659
658
653
640
642
633
629
619
614
612
609
602
594
592
593
600
604
610
612
617
627
636
641
631
626
624
621
616
604
599
595
596
597
595
595
599
605
614
615
615
618
624
626
622
614
613
616
618
616
610
608
609
609
613
616
613
617
618
621
615
612
615
617
618
616
612
612
616
621
622
617
618
620
627
625
619
624
628
633
637
635
627
625
628
627
628
627
620
611
605
600
596
592
590
593
598
602
607
606
610
619
626
622
611
612
614
614
616
609
604
603
600
600
600
599
604
610
615
612
609
609
613
611
604
601
599
595
590
585
585
587
589
591
592
596
596
598
594
595
600
603
603
596
599
600
598
596
595
599
603
601
598
599
603
608
610
602
597
592
591
593
590
591
596
602
605
604
611
616
617
615
617
623
620
612
607
607
599
590
585
584
589
592
593
589
591
596
596
598
596
595
594
595
593
590
587
590
594
594
593
590
585
581
579
578
574
575
577
585
588
593
589
587
586
586
586
587
583
582
585
591
594
595
597
603
603
604
596
591
588
592
595
593
588
588
592
588
590
591
593
595
593
588
589
588
584
577
575
578
575
571
570
569
571
578
579
579
584
585
589
584
585
584
585
579
578
578
579
580
578
579
579
583
585
585
582
584
587
591
587
586
588
588
590
585
583
584
585
585
585
589
590
588
584
583
586
587
585
588
591
596
597
595
599
603
603
599
598
601
604
604
600
593
591
592
592
590
589
592
593
595
591
591
595
599
596
591
591
592
594
591
588
591
597
596
594
595
600
602
604
599
600
600
602
593
585
584
585
584
583
581
585
587
589
588
593
601
603
603
603
610
612
608
611
615
615
613
605
608
612
614
607
599
592
598
611
621
637
645
645
631
618
611
604
596
586
577
576
578
582
590
607
630
648
641
633
634
627
612
598
589
586
585
587
588
593
604
614
626
639
636
638
639
643
639
626
626
624
621
612
606
605
608
610
610
610
610
610
615
611
612
616
613
616
604
602
602
603
602
595
593
596
595
597
596
596
601
605
610
605
598
598
593
595
597
598
597
598
603
612
618
623
618
619
617
609
609
616
619
619
613
614
617
620
611
605
603
597
587
581
584
581
582
588
597
606
613
606
605
608
610
604
603
611
621
627
626
618
618
622
622
620
613
607
606
613
615
615
610
605
607
611
612
609
603
601
604
603
597
591
588
585
578
573
577
579
577
583
586
592
593
583
577
573
574
574
569
566
565
564
566
568
566
570
574
578
582
576
579
582
583
582
576
572
571
572
573
576
578
581
588
589
589
585
587
589
585
578
580
580
579
576
574
575
577
577
576
577
581
589
589
594
595
598
598
594
599
597
595
585
582
583
581
576
576
578
585
588
587
586
591
596
600
598
593
594
593
593
591
590
592
593
591
587
591
595
595
594
595
595
593
583
580
579
579
578
573
573
577
578
570
568
568
566
567
564
565
572
573
571
572
573
574
571
570
571
573
568
565
565
566
567
565
568
570
575
573
570
573
574
576
574
578
581
582
583
579
587
587
586
581
576
581
583
582
580
580
579
577
570
570
571
566
561
559
558
557
559
556
561
563
567
565
566
570
572
568
567
571
563
556
553
552
554
556
562
561
563
566
571
568
563
561
561
559
558
553
558
561
563
562
561
562
567
571
569
565
566
569
567
563
568
569
567
564
566
567
565
563
564
566
569
566
568
570
577
582
583
579
583
584
584
583
579
580
578
579
572
570
572
572
571
566
569
569
567
564
560
559
563
562
561
560
563
563
565
561
563
569
570
568
561
559
563
569
579
584
580
580
577
569
563
562
563
558
555
554
557
557
548
540
533
532
528
530
531
539
536
538
543
550
554
558
566
571
564
557
550
553
552
547
552
558
568
579
583
590
595
594
599
593
586
574
568
565
567
576
592
604
611
610
605
600
594
589
587
577
566
561
563
585
624
641
634
627
628
622
621
628
617
609
604
608
608
598
596
577
581
577
579
582
576
584
590
586
575
566
557
553
555
557
548
551
557
560
561
563
568
580
603
616
614
600
580
568
556
546
539
541
546
562
590
607
602
593
589
588
589
594
596
587
589
582
582
587
594
597
597
599
601
599
600
603
608
614
617
617
604
588
578
578
579
573
565
573
581
596
604
613
602
589
586
599
623
650
694
704
705
695
659
645
643
642
637
620
615
635
655
667
648
643
656
670
686
689
696
702
715
706
696
688
681
670
662
655
645
622
620
605
590
582
582
577
577
573
576
583
600
636
691
729
751
768
757
746
729
706
688
668
653
635
622
610
598
592
591
595
612
622
610
619
638
665
664
642
629
633
640
639
632
629
626
622
616
608
601
590
587
585
581
577
570
569
564
562
557
562
564
570
570
571
579
586
602
605
607
614
600
590
580
573
575
584
586
597
604
619
635
645
644
615
597
589
594
611
620
638
646
633
613
594
575
568
576
583
592
588
586
586
586
580
585
593
598
607
616
622
614
613
616
599
595
594
575
566
563
558
559
569
570
574
572
573
567
572
579
581
576
579
581
580
573
576
574
571
563
564
561
555
548
549
547
546
549
551
552
552
552
556
554
547
553
552
545
543
545
545
542
541
542
543
541
541
542
544
541
540
540
543
544
538
537
535
536
530
525
522
526
526
524
524
521
518
515
515
521
517
514
516
521
519
520
520
515
516
517
514
513
518
523
525
522
519
516
517
519
517
519
516
512
510
510
507
508
506
503
502
504
505
506
510
515
521
527
529
531
526
530
531
529
527
531
533
529
526
517
514
512
516
524
533
539
538
545
557
575
579
560
555
550
549
544
542
528
429
616
534
526
530
533
536
542
544
549
558
565
570
563
557
559
570
597
643
667
664
641
639
646
664
668
674
652
650
652
666
680
692
693
683
653
646
654
642
640
656
680
712
728
740
739
739
725
716
696
689
690
704
725
720
708
698
690
681
639
611
604
592
586
587
595
615
623
633
643
649
647
622
605
607
606
611
615
623
607
600
601
605
608
612
614
619
613
604
604
606
621
646
665
674
653
629
611
605
618
624
632
657
711
752
761
765
751
729
702
677
659
648
648
656
642
627
604
594
604
627
677
731
787
826
844
860
854
838
764
720
704
697
699
711
715
697
669
650
627
607
604
611
627
655
661
698
707
708
703
706
709
711
700
692
684
676
678
664
662
667
683
705
726
737
732
728
727
739
730
686
682
676
673
666
675
670
668
660
664
676
695
723
730
736
736
718
701
701
695
693
690
688
684
666
664
650
645
642
637
635
631
634
637
641
645
641
641
636
625
614
615
631
635
645
655
670
677
684
691
687
663
651
651
651
658
661
662
665
654
640
638
643
650
645
632
633
640
647
657
644
628
620
609
593
596
600
606
618
629
639
647
663
670
675
652
630
623
626
638
655
662
646
638
636
643
651
657
675
690
700
712
722
712
693
682
677
677
678
671
676
688
700
698
711
716
717
716
714
729
728
721
714
696
682
670
651
647
645
650
664
679
695
720
748
762
766
758
746
719
701
695
701
719
723
713
708
716
718
719
707
698
700
708
703
697
686
677
675
678
673
665
664
683
693
705
734
728
716
725
721
713
722
719
723
717
720
711
719
724
708
675
674
678
687
686
676
668
668
669
676
665
659
661
658
663
670
680
675
674
671
673
687
701
709
719
731
736
735
738
735
728
703
695
695
689
700
707
701
700
706
718
729
714
716
726
726
721
712
711
706
697
680
668
673
702
743
767
757
751
755
745
745
723
712
697
679
677
683
698
722
723
704
696
704
710
721
729
731
724
725
714
715
717
709
679
671
674
701
745
764
764
783
797
797
770
748
720
707
698
704
693
703
717
737
744
744
755
758
752
735
729
724
710
703
711
724
735
728
712
720
730
737
732
729
719
713
690
669
671
665
665
674
673
665
662
673
676
692
701
697
698
703
688
702
726
745
761
754
745
740
724
715
709
698
700
703
704
697
680
695
706
719
724
689
693
688
700
703
704
706
686
688
689
698
711
723
734
728
696
696
692
708
724
713
710
715
724
737
734
719
712
708
705
695
691
692
696
707
698
690
696
700
700
693
678
671
674
668
662
681
700
710
702
697
703
716
741
748
731
699
690
682
682
682
662
664
670
690
732
771
791
807
817
819
810
810
806
797
761
708
681
646
643
647
661
680
693
700
713
713
707
707
725
744
754
756
749
740
731
719
713
712
718
716
715
725
754
788
771
747
740
723
695
694
711
727
721
708
706
730
767
793
812
807
787
758
756
763
783
813
832
837
836
829
805
805
814
822
794
784
772
771
766
741
737
734
741
743
732
733
733
715
709
693
691
682
674
676
676
680
695
735
780
812
820
831
820
784
774
771
763
740
738
751
765
790
809
819
830
821
766
744
755
742
724
729
755
788
786
789
787
788
762
753
760
769
794
785
776
774
756
767
763
761
752
739
709
702
718
745
776
798
811
809
777
757
751
754
776
799
811
794
798
820
847
844
838
803
764
759
767
798
831
856
854
846
841
819
801
789
784
786
810
822
806
784
772
760
740
731
702
680
678
677
681
687
705
733
759
775
758
741
738
729
731
753
785
824
834
836
839
836
834
823
782
774
775
771
762
764
775
773
763
741
750
774
800
784
793
770
745
718
716
712
694
672
667
662
663
674
690
721
761
794
812
831
851
845
785
804
817
823
803
814
806
800
794
759
747
756
780
815
835