771
764
785
818
871
912
927
938
910
887
810
813
804
824
856
856
790
793
811
825
817
811
811
817
793
807
809
814
813
812
804
811
826
869
886
887
867
853
866
876
891
886
865
813
815
820
848
840
813
813
838
826
813
843
854
845
829
797
803
815
841
843
838
849
857
854
788
786
821
824
809
775
766
778
800
860
815
812
831
859
871
874
853
817
819
829
850
875
882
850
828
822
832
835
849
839
811
827
849
854
856
824
793
800
830
873
910
911
895
904
928
928
927
928
869
834
832
849
881
939
945
920
932
934
880
817
813
835
862
884
857
836
853
866
897
909
920
911
885
894
899
912
913
916
868
828
822
808
800
800
775
785
801
823
809
854
886
896
886
892
890
903
905
899
866
858
890
915
945
962
892
862
846
839
864
850
871
882
899
918
915
906
863
821
815
812
849
876
886
907
923
917
905
896
877
873
873
871
829
808
813
834
837
807
818
834
848
866
879
856
863
875
888
908
889
856
860
858
862
806
785
771
763
773
762
719
713
699
695
702
696
692
692
689
693
690
690
700
719
753
780
816
811
813
820
813
836
837
779
747
726
722
708
707
709
722
735
733
762
768
739
730
726
725
740
757
774
734
729
734
705
710
728
745
754
761
767
762
737
705
701
713
745
735
718
717
701
693
753
844
857
838
856
811
782
767
766
752
764
766
785
809
825
830
793
797
829
871
909
926
898
857
794
760
758
734
740
752
771
777
770
773
804
836
847
791
766
808
838
865
842
820
831
871
912
938
950
920
882
882
910
931
938
939
910
899
910
913
914
931
900
885
901
912
927
936
915
880
842
844
858
878
874
854
848
846
856
862
852
827
837
850
850
855
850
820
822
835
841
867
886
890
859
862
867
869
859
830
839
858
873
895
888
879
874
889
892
892
886
869
889
910
916
922
924
920
866
834
845
865
900
925
917
884
851
845
854
860
860
848
819
821
829
860
880
858
859
856
834
803
784
789
797
797
781
798
818
846
869
872
879
882
846
807
814
829
844
869
898
893
857
855
862
875
895
892
897
871
847
851
855
873
889
888
867
870
880
891
900
889
882
854
845
859
878
890
902
865
849
845
847
860
844
848
866
887
890
907
924
883
884
902
914
910
904
882
850
852
868
904
924
910
888
888
887
890
893
883
845
819
827
832
840
845
834
849
845
854
835
831
846
853
853
856
862
836
818
810
825
840
864
863
846
852
867
885
889
880
852
843
851
865
891
881
863
852
863
895
893
899
867
841
846
835
850
880
888
838
836
850
857
878
875
845
840
846
863
882
875
868
876
892
898
892
891
841
845
868
882
905
909
877
851
850
851
878
913
927
886
845
852
867
864
867
874
855
880
903
919
914
910
858
832
834
850
868
897
912
898
887
888
895
900
881
849
845
850
864
887
867
853
873
891
909
913
924
914
900
896
907
906
885
830
845
857
893
887
862
842
868
900
920
896
854
875
893
895
900
906
923
906
893
904
928
949
949
956
959
934
905
909
936
945
953
953
896
869
877
880
893
882
846
861
874
887
899
904
891
858
855
860
870
893
902
876
884
872
891
886
816
777
733
728
723
735
748
754
763
786
822
832
836
847
843
812
777
772
779
813
845
869
879
849
834
838
851
869
870
845
808
803
813
850
874
879
827
813
819
838
855
828
801
814
839
857
835
807
813
833
855
872
852
838
854
866
873
870
844
835
842
851
865
845
824
856
880
902
912
864
835
833
845
856
851
829
831
817
766
768
759
756
741
748
741
720
722
711
711
706
697
701
700
710
713
704
717
743
760
779
794
780
764
750
751
758
749
763
771
793
779
758
751
759
778
797
824
798
787
788
788
788
763
741
737
738
733
730
746
763
786
770
761
766
780
777
757
738
742
761
797
813
798
780
786
804
822
831
814
821
820
813
813
789
782
736
718
760
805
831
802
806
813
843
854
801
796
799
792
795
765
775
800
824
849
830
802
799
813
824
831
830
805
796
801
807
823
820
809
827
850
843
842
814
800
804
808
813
809
784
795
795
798
809
808
804
807
818
824
810
796
797
804
812
794
782
803
813
822
820
798
794
799
811
826
835
815
821
825
823
833
830
795
808
821
838
841
794
782
787
792
827
841
828
839
853
867
870
834
814
814
811
817
819
804
812
822
842
852
812
813
819
821
812
812
833
839
833
811
786
793
806
829
851
820
800
826
851
876
858
832
818
816
822
830
838
810
790
787
800
814
819
812
822
850
856
854
849
800
791
797
824
847
863
880
909
897
831
799
781
772
740
733
729
739
735
753
769
794
794
779
775
781
798
809
824
839
856
853
838
809
775
769
783
798
823
802
768
730
751
811
848
813
800
810
835
819
812
778
750
759
772
814
850
877
857
843
857
864
860
853
819
791
794
808
836
857
829
839
859
873
884
862
810
806
803
810
813
817
814
814
841
875
887
892
883
857
823
827
867
925
971
990
945
928
934
929
919
911
880
867
870
881
908
908
865
868
872
891
915
936
896
877
884
887
900
905
859
824
821
841
873
911
894
861
868
885
896
894
872
830
828
845
855
861
882
861
842
850
872
917
939
933
913
919
909
901
879
835
832
848
861
886
883
854
856
871
888
901
902
860
842
854
880
906
913
865
853
836
789
771
758
750
740
755
775
791
776
774
781
793
804
782
759
770
784
813
840
835
825
829
838
839
839
813
779
778
780
797
821
815
786
788
803
814
829
832
791
793
819
845
857
827
798
810
820
823
822
797
773
772
795
816
841
838
802
799
811
825
838
785
761
758
773
809
833
802
786
804
842
880
898
911
888
849
844
835
832
801
781
793
822
892
935
918
888
899
904
894
874
849
826
845
870
914
938
926
900
901
898
881
865
829
826
831
848
865
877
846
855
856
868
881
865
838
839
839
831
809
779
776
801
836
865
855
832
839
864
882
899
911
899
857
855
876
901
884
854
835
846
861
877
882
852
855
865
879
870
834
831
848
857
865
882
892
871
856
866
852
802
787
787
794
813
799
810
828
849
858
861
835
838
854
876
892
897
892
861
837
852
887
919
937
890
803
807
813
843
871
837
806
821
831
852
869
861
825
838
850
877
895
907
864
848
851
870
882
883
889
865
848
853
862
878
860
810
811
822
863
900
885
845
817
823
831
846
835
839
842
874
885
889
879
857
863
866
880
895
862
842
851
864
877
869
850
859
862
865
875
870
841
836
838
838
820
786
787
802
822
845
826
832
845
858
882
881
845
812
803
818
849
886
893
858
873
894
894
843
785
775
775
793
822
840
819
826
845
867
903
916
930
920
883
810
799
789
772
805
824
833
796
783
784
803
833
852
854
843
824
828
857
891
913
930
934
914
878
874
875
863
753
646
727
683
682
683
667
669
669
671
680
672
677
680
687
694
700
709
712
707
711
711
708
712
708
710
717
700
687
700
722
757
777
771
769
749
705
687
679
699
740
796
823
846
842
799
785
788
804
814
827
833
795
766
761
768
785
814
846
828
812
801
801
803
797
778
752
750
760
787
817
845
828
794
792
798
795
791
766
744
741
761
787
814
786
755
759
754
713
708
747
792
825
833
783
773
779
778
784
787
757
743
753
779
805
832
823
799
807
823
814
817
830
785
773
774
803
822
821
795
769
780
791
815
836
829
796
771
758
765
772
783
779
771
789
797
813
818
797
771
767
778
793
811
798
776
773
786
800
804
813
800
793
792
787
782
765
742
735
743
767
811
815
805
828
833
833
818
798
788
798
806
785
753
737
738
718
729
739
748
766
767
759
752
738
748
754
768
790
799
806
801
804
777
771
779
754
734
734
721
716
729
729
722
716
699
684
672
666
668
681
694
709
700
707
726
759
800
834
848
849
842
831
822
813
777
749
757
785
827
804
766
756
760
767
791
782
762
780
794
815
833
835
818
776
737
698
675
682
692
722
729
726
747
769
787
796
788
747
734
729
751
793
839
854
860
830
802
791
813
856
896
914
895
835
825
835
862
886
882
853
845
818
774
759
771
798
829
839
813
826
844
866
877
859
864
879
888
896
887
876
840
845
850
849
821
832
829
857
852
822
838
844
849
861
841
820
834
854
854
868
845
851
867
886
909
915
902
856
853
850
861
877
877
849
845
878
921
935
949
929
891
880
898
895
908
883
856
865
875
890
898
904
854
854
881
896
903
908
863
851
872
877
897
898
855
837
845
884
925
870
816
834
852
856
819
818
829
851
855
851
858
828
796
769
782
773
790
760
751
736
726
725
728
736
749
758
722
722
709
692
693
696
698
697
708
709
712
725
734
764
784
811
833
850
845
859
859
848
842
809
794
809
826
854
879
863
861
843
807
812
821
829
830
806
774
778
801
855
899
917
915
871
821
813
797
784
744
748
731
717
707
711
712
720
729
734
747
759
764
764
762
743
723
726
725
706
704
702
700
700
691
685
672
655
652
668
688
694
715
719
719
730
725
712
699
689
681
679
681
688
696
698
699
701
701
709
725
748
768
759
730
707
677
673
662
656
635
636
631
632
631
624
630
629
627
630
633
629
630
657
705
756
795
825
798
757
751
770
805
816
817
783
755
753
775
796
813
839
842
801
769
752
729
727
733
747
740
729
730
760
803
834
859
824
837
859
834
785
752
752
739
726
736
760
802
848
862
834
812
812
810
812
815
797
786
804
797
817
847
828
811
818
815
832
824
807
793
791
802
798
803
787
788
796
804
830
843
800
786
787
804
824
832
816
821
840
873
823
766
745
751
739
730
744
770
796
820
802
797
809
815
832
841
840
828
820
805
797
802
816
833
811
819
820
824
857
870
844
858
840
776
733
728
720
714
706
712
722
737
741
726
700
693
685
682
689
703
714
724
719
710
718
717
724
725
710
687
681
691
707
723
747
730
706
701
718
729
750
779
759
790
818
868
857
837
781
768
755
735
716
694
677
667
668
671
663
670
693
727
763
757
756
764
787
800
787
795
758
752
766
800
815
766
729
709
721
704
706
697
691
688
698
707
725
738
745
737
746
759
758
767
770
760
754
748
745
739
712
691
709
734
756
754
750
730
716
700
703
691
679
660
654
652
659
674
687
702
702
689
688
687
697
701
702
709
709
691
686
671
654
666
689
729
741
738
711
707
709
705
705
689
674
673
678
692
702
705
695
696
701
709
712
709
708
699
681
674
673
678
691
704
696
680
683
702
722
740
764
744
726
712
713
724
737
735
718
694
684
679
663
655
671
722
765
765
774
784
808
831
840
817
777
753
763
731
721
701
691
683
685
696
703
708
700
691
685
673
653
654
644
639
636
629
624
618
614
609
603
601
603
606
603
608
622
621
626
647
691
728
724
697
676
694
697
710
690
670
646
635
623
611
603
604
614
610
601
604
612
609
611
621
638
646
661
660
661
661
653
659
664
691
718
729
732
727
739
735
719
689
694
671
681
697
712
721
706
716
720
732
713
710
704
698
704
716
728
746
754
773
757
722
712
716
755
798
841
856
802
800
817
860
843
848
876
926
951
927
893
901
901
903
894
866
831
830
855
869
844
833
856
847
814
776
756
749
766
808
823
777
746
726
712
736
782
804
823
807
784
759
730
710
695
674
671
666
662
670
691
718
752
773
729
708
712
750
789
831
873
887
901
894
883
876
867
874
818
777
746
712
725
752
811
839
802
832
870
886
889
876
817
783
787
814
866
921
959
963
960
927
881
877
897
930
942
949
921
870
867
877
899
932
947
938
890
903
924
930
922
858
815
794
767
746
737
738
754
771
787
811
827
816
781
793
783
768
749
743
752
776
795
811
818
828
852
866
870
879
903
886
891
865
806
808
821
851
879
882
870
823
812
815
825
835
856
846
814
810
768
741
758
779
759
769
796
820
844
875
854
826
835
847
844
858
836
854
855
872
896
891
891
838
789
789
781
777
757
770
741
735
729
733
733
747
762
740
741
733
738
759
770
775
778
767
742
746
759
797
830
853
836
826
852
879
879
875
867
871
862
861
839
846
850
859
888
883
857
876
900
837
825
829
849
881
897
893
846
844
824
801
816
832
775
734
729
735
775
837
880
902
914
887
879
873
819
816
836
874
890
903
855
868
883
912
918
892
858
873
869
882
898
872
884
860
875
877
894
891
874
869
896
920
938
951
953
940
911
882
882
882
889
903
855
852
853
852
866
869
847
813
801
790
756
757
777
816
846
824
810
810
827
864
903
921
887
897
917
926
914
905
890
876
903
929
948
960
961
908
873
886
937
986
1010
1000
939
920
938
956
983
992
983
941
903
911
930
945
945
895
864
876
897
889
900
909
874
868
867
872
884
869
813
794
821
866
887
882
841
859
873
885
891
899
896
865
869
893
929
951
964
964
931
900
909
931
951
966
962
916
884
894
911
926
861
822
801
798
816
795
791
812
853
885
921
933
922
846
777
764
761
782
771
802
840
886
895
859
833
791
785
804
817
859
897
916
926
932
910
896
904
905
909
911
873
876
891
907
922
914
878
878
909
940
965
973
967
961
948
938
912
865
846
853
892
949
983
985
967
920
900
911
919
931
956
950
875
861
893
933
966
965
944
902
908
916
931
940
940
950
919
909
922
948
971
974
965
943
903
900
927
960
972
973
917
884
898
906
912
906
880
898
918
941
961
954
943
891
879
877
890
914
937
913
890
897
911
923
936
920
893
907
920
926
928
936
904
905
937
953
961
948
924
926
940
952
960
929
909
920
937
952
951
896
875
891
912
922
919
890
903
920
932
918
916
911
904
897
867
829
838
854
873
900
923
929
896
849
836
841
819
801
788
780
763
757
766
790
825
854
871
851
865
895
912
932
926
941
892
839
857
888
942
984
1001
979
965
943
912
870
880
900
916
916
850
825
879
936
917
883
893
906
892
848
874
901
924
928
915
937
953
958
952
931
896
893
913
940
929
937
953
959
914
890
895
884
893
900
885
895
908
900
920
937
939
948
946
939
946
932
934
933
932
886
880
903
940
967
976
947
902
848
847
874
905
952
954
902
912
926
940
952
958
944
938
890
896
917
934
953
956
945
905
911
916
928
941
946
903
898
915
941
949
967
932
898
907
924
943
952
950
910
901
900
880
837
840
853
850
824
796
769
727
711
704
707
725
770
823
849
852
851
840
824
805
787
782
786
766
761
751
776
807
838
846
826
825
816
840
860
881
896
868
852
879
893
909
910
854
795
757
741
731
742
746
754
767
788
810
813
785
779
780
802
843
870
873
837
842
848
878
897
844
801
850
880
897
911
882
828
834
844
859
870
898
873
849
871
895
919
936
933
934
935
939
854
836
854
891
940
940
888
833
791
784
792
839
860
889
881
883
887
859
883
904
934
955
949
935
924
929
928
924
917
916
866
837
867
925
971
971
896
855
833
793
752
740
725
721
718
719
725
730
732
714
701
694
690
676
661
654
654
651
653
659
661
660
668
682
699
709
703
698
688
698
705
717
724
727
727
689
688
680
674
678
688
712
736
725
726
727
719
718
703
692
688
689
683
694
686
687
700
721
726
761
754
749
754
762
767
736
713
717
724
726
713
705
703
697
690
681
664
643
646
645
644
644
641
641
643
653
660
668
677
685
678
675
687
701
739
785
806
788
788
783
773
741
761
768
755
727
731
736
746
747
747
771
818
845
864
832
841
835
837
820
783
803
831
862
877
868
831
847
875
886
910
877
851
868
886
905
900
850
861
881
894
887
854
833
868
880
882
859
849
881
892
889
862
887
908
916
931
914
896
912
920
930
938
921
906
927
939
966
943
896
927
927
938
963
977
915
912
927
918
885
897
901
930
910
930
937
923
882
889
905
930
948
901
871
901
938
958
979
979
972
979
975
985
977
986
910
839
845
864
883
832
823
859
911
958
951
962
966
960
960
947
941
913
914
932
957
978
986
934
896
905
932
983
1003
1019
987
984
989
980
963
957
924
901
910
928
932
943
903
886
903
904
919
916
877
873
913
918
926
933
894
892
878
882
870
889
904
927
944
970
945
925
939
959
979
977
905
874
896
910
942
963
977
913
902
932
938
954
955
945
897
894
926
944
967
964
941
886
872
866
883
910
933
941
934
896
898
914
922
926
941
932
889
881
890
915
938
904
867
887
944
963
976
929
932
863
854
870
874
879
864
892
927
954
965
987
999
1008
1005
1001
990
977
940
880
881
911
892
838
844
867
854
843
861
903
935
943
911
928
948
963
970
974
973
948
937
942
962
979
998
993
935
905
921
934
941
927
888
893
912
950
962
909
893
924
957
975
944
918
925
947
964
986
979
934
941
898
876
811
807
805
817
817
827
855
884
912
930
915
897
915
928
935
931
937
918
885
888
896
941
960
964
914
881
882
911
948
948
953
914
888
897
915
936
949
919
874
896
919
947
961
970
925
904
918
935
960
955
956
935
930
929
878
869
830
817
847
883
918
939
922
894
900
913
931
960
967
940
917
937
958
982
979
957
910
903
922
952
961
927
885
897
929
959
970
956
928
942
940
959
978
966
917
900
913
900
896
871
894
935
967
977
938
914
925
942
971
987
951
911
915
927
944
958
960
959
927
906
915
912
863
829
808
783
752
739
780
851
871
856
877
909
926
932
897
832
836
868
913
956
965
941
918
936
936
952
960
959
920
894
916
945
974
980
969
920
909
923
928
941
945
891
873
879
864
881
866
840
861
888
913
924
893
871
885
921
943
960
969
927
889
892
912
931
939
922
901
923
950
974
965
957
917
912
922
948
969
933
906
924
940
952
932
874
885
888
896
862
874
910
955
979
979
976
974
971
968
962
899
827
846
868
915
950
923
901
913
947
977
978
961
924
932
945
966
983
995
1000
956
941
962
983
1005
995
960
929
945
973
973
888
878
867
862
825
809
853
884
910
906
867
874
883
905
934
932
920
895
898
921
943
962
955
932
895
901
918
938
956
973
904
882
894
926
943
931
879
891
914
936
947
923
882
891
911
927
944
921
896
914
883
835
867
899
926
896
873
888
918
936
953
959
935
914
926
942
964
976
976
963
927
891
911
923
943
947
903
889
897
905
909
867
852
875
904
915
894
865
885
897
918
934
938
898
872
880
896
909
926
901
865
884
905
927
933
898
863
876
883
814
813
796
760
745
749
758
733
724
714
702
698
690
690
686
674
675
656
642
628
622
625
628
636
639
646
650
654
645
646
676
710
723
736
742
742
745
744
729
730
729
737
749
760
761
767
737
718
700
680
674
677
689
700
724
732
730
730
743
756
773
781
773
768
776
771
755
741
735
726
734
751
774
777
770
778
793
784
772
780
787
787
778
773
769
754
751
739
742
735
720
713
713
724
728
721
726
715
704
700
698
700
704
709
697
676
661
656
650
646
641
637
625
618
612
613
619
649
709
729
735
791
819
831
875
883
878
870
849
839
804
798
805
806
801
780
771
777
784
775
781
761
736
730
734
717
707
704
712
713
709
707
706
705
703
706
727
750
756
772
815
841
847
858
847
795
764
727
710
710
711
715
723
735
738
765
755
745
738
747
746
746
722
724
717
711
709
714
710
723
724
723
732
729
725
728
745
759
759
744
730
733
717
721
733
745
743
739
752
757
773
783
792
766
750
739
735
720
723
730
727
726
726
729
742
747
751
745
755
771
798
808
812
788
758
737
711
696
688
696
698
718
708
691
724
775
793
816
851
867
855
847
799
782
768
764
761
778
806
803
817
813
828
819
808
785
758
751
750
758
761
755
743
739
731
736
742
759
774
800
788
775
768
775
780
774
777
756
732
734
733
740
748
754
744
751
777
791
768
777
785
784
773
761
758
762
776
788
784
789
784
794
755
750
765
788
829
804
772
736
729
723
729
733
741
720
717
706
714
738
772
760
757
751
756
757
760
752
750
766
770
780
776
744
737
731
733
744
719
717
704
702
699
722
747
760
773
788
796
781
793
806
822
828
834
829
805
792
779
766
771
791
808
792
812
816
795
768
773
778
762
764
761
756
742
736
740
755
772
750
744
728
729
730
736
736
741
732
766
835
856
805
791
746
702
676
662
651
652
661
673
681
679
688
697
685
681
675
650
646
639
647
654
665
655
664
662
652
654
667
674
680
682
696
700
684
687
694
715
742
755
751
766
770
775
769
808
795
807
762
711
716
745
785
800
770
728
721
723
749
795
797
809
809
827
841
837
842
844
795
781
789
767
754
729
708
692
693
701
722
736
743
739
745
736
728
731
730
719
715
726
751
789
813
791
794
800
813
803
778
772
769
781
808
809
837
837
809
778
754
724
718
716
716
725
744
736
709
692
707
733
774
823
847
848
839
810
804
803
817
834
840
839
819
819
835
850
858
878
866
815
797
770
738
727
718
728
742
765
766
760
755
768
779
787
801
804
814
810
781
789
799
810
815
781
765
778
795
787
803
774
753
740
749
747
752
763
776
769
789
804
826
816
794
805
813
832
845
852
847
851
834
797
749
747
747
753
745
750
734
747
741
727
696
708
702
714
713
729
735
741
758
762
777
790
797
796
786
771
787
782
770
739
729
729
729
733
741
762
754
744
747
730
724
716
705
697
704
705
701
718
722
726
731
721
726
724
722
726
715
701
712
717
709
702
701
702
707
706
719
716
715
722
731
728
725
725
699
678
657
663
654
647
644
643
640
644
636
642
651
659
660
660
675
677
672
679
683
682
664
668
667
663
662
665
665
665
667
674
690
718
727
729
729
724
720
722
710
703
704
696
674
668
640
627
630
637
648
651
651
661
677
682
681
682
688
686
664
645
628
623
622
632
662
677
664
655
631
619
606
600
607
613
619
616
617
628
639
651
657
662
680
698
698
688
688
689
689
680
659
643
652
672
717
754
760
741
702
687
669
663
664
663
656
644
627
613
603
604
611
633
668
690
677
674
671
688
693
689
685
683
670
644
639
637
635
631
626
622
620
612
602
595
594
598
609
626
633
639
653
657
646
632
627
634
639
641
644
653
655
666
672
669
669
672
667
676
676
685
697
720
725
726
717
709
712
696
687
693
712
698
685
686
692
707
713
724
765
829
874
898
883
852
817
825
848
871
872
841
841
836
821
840
873
827
838
848
901
921
844
832
815
804
812
791
776
793
822
869
916
937
896
883
863
853
827
792
756
725
700
688
706
738
779
780
796
788
766
785
780
764
748
756
749
744
752
760
751
736
734
724
752
791
845
884
899
868
833
835
856
885
918
922
887
870
877
869
891
917
905
867
867
876
886
897
857
833
845
864
888
900
860
825
837
868
907
933
939
908
893
909
928
941
924
872
830
838
869
894
913
881
848
853
875
886
879
872
853
873
896
914
932
913
872
879
893
900
898
810
774
769
795
815
816
828
881
908
928
929
899
855
852
841
843
854
867
849
822
835
868
880
904
909
854
823
834
854
869
883
853
835
852
864
883
899
876
845
845
858
875
882
844
814
823
839
869
881
860
838
855
875
890
898
860
821
831
842
870
882
834
813
815
857
873
893
894
843
848
857
855
855
830
798
808
838
864
860
862
866
828
823
826
841
854
865
849
824
829
854
875
889
858
836
837
845
843
846
820
810
814
842
865
882
840
836
847
859
875
866
846
847
849
864
877
846
832
843
866
895
906
872
848
846
861
889
917
899
865
872
896
911
923
895
855
856
861
860
863
839
823
831
846
870
875
845
859
872
893
905
876
846
855
860
854
857
837
818
839
871
891
910
887
854
852
862
863
864
853
827
825
838
850
875
868
855
866
897
896
899
869
836
843
859
869
879
868
863
864
879
871
884
872
862
840
821
825
843
837
803
791
811
846
878
869
855
867
862
874
867
849
852
854
866
879
857
837
833
839
861
869
855
862
870
858
852
874
873
875
857
833
842
847
860
882
879
858
871
877
881
881
848
813
822
857
887
897
869
842
845
849
865
872
853
855
866
877
890
875
860
853
851
859
861
849
838
839
861
881
840
838
813
758
735
762
803
828
813
790
795
825
852
868
861
826
809
820
844
877
899
896
871
880
866
844
826
834
847
861
819
800
823
840
860
862
851
825
825
842
855
861
862
845
847
861
867
893
896
881
877
882
891
899
900
854
813
804
822
860
896
884
841
850
849
855
857
842
828
847
874
879
863
832
842
866
885
898
888
884
886
893
897
899
886
825
814
832
861
889
886
867
849
856
867
875
878
841
802
821
866
925
943
945
933
902
889
886
902
910
883
853
857
863
875
880
855
820
816
842
876
905
874
852
860
881
904
896
861
834
830
856
888
933
955
939
922
915
913
888
788
756
766
768
765
770
789
771
781
794
824
838
849
853
860
864
840
796
783
789
801
776
757
734
735
743
751
755
767
778
782
776
750
714
705
717
752
800
841
858
878
896
900
896
890
870
795
775
792
838
866
879
843
808
814
851
879
883
860
846
860
884
896
902
904
817
766
737
702
689
720
771
795
838
865
892
892
865
866
863
856
836
803
807
842
889
909
915
885
845
838
843
873
898
905
892
863
869
893
913
933
928
878
821
787
773
771
790
797
789
802
806
825
847
862
854
834
835
860
872
894
892
891
865
865
883
872
838
805
786
788
809
833
832
789
787
798
811
831
844
860
818
803
809
817
846
868
847
835
866
849
816
772
749
726
703
672
656
656
660
675
683
690
690
679
675
664
657
650
641
635
634
628
632
623
615
615
615
618
621
625
635
647
654
670
688
701
712
706
699
689
688
683
681
680
679
677
673
696
708
710
710
711
706
703
703
700
696
713
719
723
722
730
731
732
733
731
720
719
723
718
715
692
689
680
683
694
705
707
722
735
764
798
783
792
772
732
713
701
694
697
698
699
693
674
681
688
704
715
734
747
731
733
746
736
719
699
690
689
688
689
713
747
804
822
807
788
774
763
743
740
721
727
734
745
751
728
701
706
724
727
731
713
708
712
713
703
699
687
682
679
689
705
717
728
731
698
674
659
659
661
673
683
694
692
710
741
783
792
761
745
743
736
719
736
780
828
849
845
851
836
836
816
812
790
775
788
813
855
827
802
800
804
813
815
773
729
720
720
701
686
688
687
688
698
704
718
724
729
732
705
703
704
704
698
698
677
675
677
689
701
700
684
686
694
700
717
700
729
745
744
749
747
728
701
697
700
711
737
738
711
689
686
692
701
720
736
729
722
703
688
681
672
682
699
712
720
730
749
771
779
785
777
772
756
740
704
689
684
688
698
696
686
664
658
658
658
671
678
689
693
714
717
732
732
731
729
723
701
689
686
688
687
686
675
682
685
691
685
684
664
648
659
679
668
668
677
690
711
731
750
744
729
736
756
744
736
735
714
707
705
702
710
719
729
733
692
692
691
688
678
663
652
653
663
675
685
695
693
712
733
751
782
799
798
767
752
733
732
737
744
771
765
772
785
811
799
760
720
717
712
701
691
693
686
682
673
682
687
703
720
734
743
746
724
729
723
720
724
718
708
680
671
638
624
627
641
650
656
653
653
659
670
689
705
720
694
677
652
646
649
670
688
680
685
696
708
727
749
749
708
693
710
736
758
721
694
692
682
694
701
718
716
697
694
695
702
714
726
734
739
745
755
763
774
803
841
823
756
735
737
762
769
737
724
734
747
741
731
747
766
783
771
751
749
750
759
767
775
760
740
747
771
813
851
823
794
801
814
828
843
814
807
811
820
845
839
810
820
849
880
906
876
854
844
845
847
818
791
810
831
833
810
799
824
841
862
868
870
852
822
822
835
851
871
890
862
831
835
869
895
900
863
825
819
825
847
859
856
829
840
871
894
903
866
826
817
827
846
876
889
863
877
896
911
932
935
907
891
892
908
917
925
891
853
856
876
901
919
892
872
884
898
916
919
916
918
929
926
932
918
870
863
885
904
890
826
802
760
736
745
820
874
863
836
818
822
834
811
782
763
751
762
779
783
789
801
805
824
792
732
718
718
724
722
705
696
699
716
726
749
764
774
758
765
773
773
768
768
763
770
775
743
697
698
704
730
796
875
901
914
917
921
907
887
859
855
799
772
757
747
735
706
700
695
703
725
753
789
812
822
840
834
836
837
838
818
776
729
700
679
665
654
646
651
656
653
659
670
670
672
672
681
700
696
719
727
728
723
725
739
752
751
720
692
686
679
688
707
711
720
725
734
752
759
768
773
765
764
770
783
785
771
759
738
714
708
716
741
763
771
756
739
734
703
656
652
654
670
688
710
703
723
737
758
787
809
801
748
733
740
783
835
823
806
762
771
798
839
882
896
849
849
861
895
913
910
873
843
859
892
919
934
917
861
855
850
859
881
852
813
817
834
878
941
927
922
915
920
917
870
877
861
858
851
866
905
926
927
919
895
891
897
940
945
952
928
890
882
884
904
915
873
842
865
914
951
955
922
916
932
943
929
921
888
869
887
907
935
923
883
888
893
916
942
925
899
913
928
938
953
944
913
916
896
884
856
834
854
874
893
905
910
915
918
914
916
901
836
813
836
908
949
946
922
873
878
890
912
931
937
871
843
816
825
844
858
832
812
832
854
885
886
861
849
861
876
904
924
937
941
952
946
941
904
913
930
917
854
836
820
843
851
862
886
892
915
893
889
895
907
918
884
839
820
795
791
775
777
802
827
854
881
894
904
909
898
885
904
930
944
952
908
865
869
905
935
954
950
939
938
914
856
835
837
883
929
944
938
932
938
954
972
969
961
958
949
956
991
1021
1034
919
885
1730
845
843
854
835
802
779
788
814
852
872
877
856
839
839
840
850
851
859
857
854
822
821
848
883
920
936
915
875
854
832
817
818
815
824
838
859
893
898
904
907
919
864
849
896
943
968
968
919
901
886
854
827
847
854
842
868
897
914
952
950
946
937
895
861
864
885
904
858
826
821
834
854
845
855
875
892
905
924
935
942
939
935
938
909
874
877
891
867
890
922
925
892
895
903
899
901
879
871
863
871
893
906
923
923
909
918
928
950
973
968
952
918
928
953
976
973
911
915
908
903
876
864
879
889
890
876
849
839
846
875
886
871
864
836
816
829
865
846
809
793
790
778
767
750
742
714
694
690
715
750
745
742
776
842
898
916
844
844
851
853
838
856
892
922
937
928
933
929
931
930
895
868
875
887
906
915
896
874
876
887
905
927
948
932
918
925
923
927
932
907
875
889
919
939
950
935
910
910
932
945
959
941
915
909
921
925
943
915
888
896
900
911
922
899
882
884
898
916
925
925
901
881
880
881
887
868
864
877
884
898
880
858
866
874
896
879
854
861
878
891
901
915
910
893
906
932
942
953
957
928
895
902
909
926
902
872
868
882
900
915
902
908
926
946
941
932
902
875
872
875
854
852
871
884
896
877
877
876
881
879
864
858
857
869
887
900
884
868
874
890
891
894
882
862
869
875
880
863
837
840
845
828
835
837
840
825
819
822
837
826
832
841
844
844
854
856
865
850
857
863
854
846
842
846
853
856
867
875
887
893
869
872
876
889
877
863
861
867
885
887
884
882
859
852
848
859
852
848
855
869
875
866
865
881
901
876
880
881
892
881
872
871
887
880
892
877
860
860
878
899
911
881
881
895
904
900
905
912
900
894
869
882
890
903
913
918
927
901
880
886
905
915
901
886
881
886
911
924
918
904
898
911
923
924
903
891
892
887
875
864
868
865
883
886
894
902
929
932
924
923
922
910
901
905
890
851
857
872
843
838
844
823
810
811
826
832
822
840
857
860
852
846
846
864
883
899
877
853
754
617
782
760
800
770
751
733
708
687
672
664
659
659
662
667
666
667
667
668
661
664
666
661
665
666
681
690
687
681
681
675
661
661
661
660
666
679
687
693
671
670
660
659
668
674
686
686
678
695
696
702
706
690
692
687
668
658
664
680
685
709
739
763
791
804
780
784
779
773
780
767
770
775
755
751
755
742
754
749
716
714
729
726
713
726
731
720
718
713
692
698
706
724
738
743
740
706
689
684
682
684
703
708
702
689
680
673
673
671
675
679
680
679
673
682
682
694
691
686
682
677
670
669
664
686
704
720
685
669
660
657
693
743
786
740
734
754
778
744
706
684
678
700
758
782
800
865
932
957
967
900
878
886
893
899
862
832
849
876
905
929
876
863
836
804
799
817
834
843
847
889
933
937
937
943
899
853
864
876
907
925
909
938
973
993
979
977
964
959
979
1008
1014
979
892
903
933
970
939
914
922
926
938
914
913
931
928
908
830
803
774
740
764
844
930
928
896
916
944
969
975
927
896
910
943
981
971
971
998
1015
1008
1001
964
912
922
949
989
979
928
941
984
1003
1017
973
930
926
911
900
885
928
970
996
993
961
917
912
914
938
961
977
979
960
943
951
970
979
986
954
934
939
961
979
995
888
835
788
797
815
841
817
796
805
822
852
847
850
866
892
917
942
943
921
912
920
946
964
981
999
960
939
954
969
988
938
894
894
911
902
896
887
904
931
949
954
952
938
910
905
907
882
918
932
905
881
885
894
888
885
873
884
903
919
924
920
893
890
876
870
877
893
913
877
870
897
921
942
948
922
902
911
909
921
927
913
889
895
908
905
903
896
893
897
907
913
913
917
919
908
891
901
931
935
940
926
877
866
884
896
932
938
913
899
884
868
842
839
861
892
907
914
926
930
816
772
739
705
666
670
664
668
681
688
695
688
699
704
702
689
693
703
705
698
703
717
721
728
752
766
816
822
816
811
774
770
769
773
788
803
783
753
745
747
755
777
764
779
789
799
766
769
801
858
895
867
872
830
779
738
712
688
677
675
677
674
667
668
677
691
682
674
683
705
710
726
711
706
689
671
663
671
698
744
761
793
824
817
823
819
791
771
774
761
749
721
716
719
739
747
729
737
767
792
816
822
788
793
831
896
951
974
938
909
924
957
990
1000
961
936
951
935
877
873
837
823
815
811
792
765
742
729
730
737
741
753
737
730
761
837
905
896
891
829
810
816
820
825
768
744
746
714
681
674
687
720
757
779
744
734
741
761
769
774
777
781
749
722
701
707
709
729
771
792
771
751
756
758
763
773
752
749
753
757
753
760
768
776
785
781
780
749
744
732
743
766
771
798
836
809
802
800
770
749
735
716
713
703
715
728
739
733
737
732
724
706
711
709
726
730
738
729
723
729
747
769
811
826
826
800
769
773
752
731
717
739
763
811
866
901
896
860
837
774
744
708
685
685
714
699
686
688
686
686
679
678
703
734
791
779
783
823
854
858
838
810
766
771
768
761
724
732
725
746
766
767
749
758
752
744
759
770
781
772
753
728
723
737
753
791
803
812
827
818
786
768
757
754
758
747
718
706
707
722
741
740
739
719
708
711
712
730
724
735
793
851
891
864
815
812
813
809
794
797
778
749
761
793
837
849
867
850
831
802
788
752
712
718
765
851
911
926
932
929
910
906
890
909
924
855
808
830
827
857
861
873
837
837
835
836
796
819
856
892
909
886
890
877
874
884
889
893
864
838
767
745
746
773
822
854
850
811
792
777
772
778
765
751
764
781
799
817
835
854
843
817
809
804
792
765
769
791
814
833
833
786
798
794
796
791
787
778
759
758
766
762
763
778
786
788
801
811
783
758
779
815
832
845
839
841
857
854
863
868
871
867
819
816
855
914
955
951
926
913
841
828
813
816
798
800
819
851
861
861
866
886
901
922
934
929
913
868
858
826
831
853
866
874
923
948
969
979
978
949
910
853
813
812
815
841
851
859
861
854
836
853
868
905
919
917
869
852
835
801
801
793
794
771
750
759
734
723
737
770
790
774
786
788
802
823
838
796
761
757
757
752
756
773
780
771
772
781
776
778
757
782
800
816
834
843
834
805
808
797
789
762
767
778
800
817
825
818
809
795
786
749
729
724
727
762
799
821
813
798
805
820
830
819
821
796
785
752
734
741
773
785
772
782
764
736
733
742
755
755
770
764
768
763
779
747
752
777
815
834
839
829
815
761
734
714
717
739
774
787
746
736
741
745
756
760
751
744
715
713
716
737
778
819
832
841
791
796
806
827
824
867
910
903
863
857
818
795
761
755
754
771
799
821
822
780
805
824
854
865
862
847
839
799
757
748
770
827
867
886
854
848
840
813
816
815
848
853
866
894
898
845
829
818
829
849
870
844
877
869
875
888
904
910
908
850
860
885
902
902
885
845
844
841
810
843
889
914
930
931
928
909
869
851
847
859
868
834
854
865
892
900
882
902
919
936
932
878
887
888
878
872
863
857
853
809
822
850
880
908
904
922
920
910
859
864
876
861
865
837
840
846
841
805
812
815
829
850
846
848
855
863
853
846
823
834
838
838
838
773
745
746
762
786
824
813
839
861
859
813
770
750
749
739
749
756
775
768
760
750
729
724
722
734
764
804
839
840
837
842
852
869
879
869
860
867
848
830
790
798
787
749
737
748
792
854
874
883
865
849
800
766
748
738
741
745
745
738
739
729
732
723
735
742
745
739
752
771
764
740
733
744
754
757
762
768
759
735
724
729
732
750
731
707
697
698
698
705
706
698
693
685
683
660
653
657
672
704
748
777
774
730
700
669
640
643
657
666
667
679
668
664
664
661
651
650
651
657
655
667
672
673
672
682
686
678
685
685
684
669
673
687
692
688
697
686
670
666
662
664
663
676
681
691
703
713
719
728
724
714
711
687
669
653
647
659
678
688
721
743
743
787
809
828
840
854
847
825
805
793
787
778
780
791
801
804
807
788
773
757
742
724
701
687
696
730
771
816
822
831
831
813
805
768
754
739
741
734
728
733
760
778
806
830
821
826
846
819
785
796
802
747
730
733
730
722
728
759
783
785
787
795
803
817
850
873
887
864
879
880
879
878
880
899
899
888
903
910
901
896
893
903
901
889
886
882
845
804
801
750
737
740
757
782
771
772
770
748
731
724
722
729
731
741
757
747
739
758
760
757
792
844
882
899
896
878
888
889
880
854
870
895
906
893
913
929
905
891
900
919
898
900
905
896
882
871
883
891
902
914
923
930
907
905
916
930
918
869
882
877
894
893
907
907
923
896
912
921
922
906
896
918
931
910
910
940
938
944
917
911
896
909
898
907
930
951
936
948
958
955
945
951
955
941
930
941
951
944
931
948
956
943
936
967
970
948
950
960
972
930
928
929
920
894
921
938
938
920
924
931
917
891
881
862
841
864
894
906
923
946
938
920
908
904
899
900
915
920
941
942
956
965
973
959
938
909
902
897
929
964
981
987
958
880
813
830
905
965
944
901
930
941
965
954
924
923
925
895
887
902
916
915
941
934
916
880
879
893
912
912
919
925
927
905
898
891
897
873
875
895
918
885
826
803
795
796
806
798
817
842
858
872
871
879
889
888
889
890
880
897
915
922
925
916
900
908
896
872
873
884
851
837
875
903
890
867
892
910
908
915
920
923
913
932
933
941
938
944
960
974
951
951
951
938
927
934
944
945
934
930
927
895
883
862
884
896
926
935
938
929
923
924
921
896
902
931
951
935
920
928
928
919
891
907
912
896
891
921
942
938
936
959
958
935
926
924
932
914
919
915
928
907
906
919
933
920
920
928
933
924
917
914
905
886
889
880
873
888
931
936
932
897
887
901
906
885
859
870
893
887
869
893
916
898
854
849
859
872
863
840
852
859
875
870
880
877
884
872
877
901
904
902
902
913
935
915
905
919
938
965
946
934
938
936
933
942
935
916
900
916
919
922
924
938
945
925
932
935
915
879
851
866
885
902
903
897
903
905
908
882
881
907
900
865
840
844
880
912
932
938
952
952
885
839
834
831
833
825
854
877
895
873
874
894
905
913
904
899
922
937
955
948
924
895
894
894
883
887
897
918
935
950
955
952
939
901
900
915
932
937
910
904
919
912
888
881
916
942
938
938
924
926
916
896
905
915
936
918
906
912
922
922
925
937
941
945
919
922
942
955
944
920
919
925
912
893
897
906
901
897
910
917
924
884
885
887
894
885
875
880
887
883
880
891
894
891
871
874
886
908
905
907
921
927
906
874
865
822
806
809
831
865
862
861
878
888
890
873
876
888
886
893
861
833
835
850
846
852
860
876
886
883
886
871
852
853
855
868
835
831
844
864
894
889
897
880
858
813
774
793
822
837
851
866
881
882
892
893
897
895
887
872
879
796
746
710
696
697
695
701
706
708
703
694
681
668
652
654
646
647
651
647
640
640
644
652
671
695
705
706
731
744
762
775
767
734
729
733
742
744
734
733
761
795
819
811
812
828
822
821
794
771
772
773
784
777
770
780
797
804
792
780
761
764
785
800
828
830
820
836
832
800
772
772
774
780
771
767
778
792
813
837
837
846
838
812
811
826
831
819
809
830
839
861
858
876
877
886
886
880
871
866
857
849
842
831
852
896
926
932
902
879
887
902
915
904
892
900
922
936
943
893
887
898
902
894
877
894
903
913
865
844
854
852
883
869
876
882
889
875
874
864
846
834
828
824
851
850
849
869
888
877
841
824
818
811
809
808
815
830
846
857
878
886
845
814
810
782
751
739
742
746
749
783
817
843
857
859
840
837
846
866
889
903
877
840
865
895
923
925
909
919
920
921
908
899
912
919
907
914
907
885
877
833
815
816
826
801
759
754
761
798
830
829
828
860
882
912
918
908
897
893
875
862
869
888
911
924
906
886
904
919
932
942
932
914
901
912
934
947
942
936
910
896
916
923
927
896
881
873
868
858
851
865
877
872
867
874
877
872
864
870
865
878
877
859
869
884
905
885
868
878
883
890
877
868
882
891
879
860
860
873
883
863
852
837
835
846
844
839
849
827
808
822
846
826
811
807
809
807
795
806
810
820
812
814
835
852
874
858
832
834
837
851
854
841
828
838
854
865
869
853
851
849
849
856
839
827
835
847
858
851
843
841
845
869
879
871
870
874
875
862
852
851
840
837
836
849
856
865
870
854
854
853
847
838
826
838
853
853
852
846
857
857
851
831
826
830
851
863
850
829
830
841
855
871
849
848
856
864
858
852
833
845
866
885
896
858
834
837
844
837
816
823
841
845
836
829
841
852
857
863
861
844
823
826
834
846
854
840
814
825
855
894
855
800
777
765
768
746
738
759
791
813
820
802
787
788
805
821
842
858
863
834
841
871
892
903
896
865
850
873
894
904
846
812
835
840
851
826
813
837
849
877
863
850
843
860
869
871
867
861
845
850
878
898
927
915
889
848
839
844
807
771
767
779
798
806
794
825
858
874
874
875
854
837
839
858
887
899
898
878
850
860
877
891
908
913
870
839
855
868
889
905
875
865
877
898
920
933
939
899
861
872
883
904
900
869
874
865
871
858
846
855
863
886
877
858
866
873
887
911
896
872
872
881
891
907
914
884
852
859
871
886
896
887
857
871
878
886
889
860
823
835
846
855
864
862
851
859
865
868
854
828
824
838
856
878
885
864
881
898
873
809
783
757
735
736
746
760
759
749
760
770
747
752
772
761
795
818
825
833
802
777
771
773
796
812
814
807
826
843
864
879
883
885
878
844
844
852
877
881
884
870
847
855
870
891
908
889
867
854
854
862
856
817
820
847
874
885
869
857
857
866
864
872
880
855
816
790
777
770
755
764
779
810
819
808
823
838
856
863
870
867
860
854
843
813
825
876
896
904
893
868
877
888
894
894
876
870
882
892
896
897
866
835
848
872
885
908
894
879
883
888
893
894
893
874
859
859
869
901
918
889
866
868
879
891
892
894
857
846
860
863
864
845
820
834
828
828
820
836
852
863
858
837
814
812
830
834
854
865
840
823
826
835
862
887
907
894
854
855
856
852
864
866
852
855
881
916
923
937
896
872
852
827
819
828
853
864
858
849
849
856
889
892
895
884
868
873
874
869
872
850
824
826
852
873
885
878
857
856
845
850
851
849
832
849
845
863
872
880
875
879
901
890
878
856
834
842
841
854
859
844
828
814
829
830
828
856
885
905
904
884
894
890
899
893
895
873
857
861
875
890
894
877
849
857
877
897
897
884
883
896
896
899
882
858
872
872
872
863
844
840
855
868
885
874
867
873
875
878
862
837
849
844
854
845
829
838
851
854
858
855
864
873
881
881
815
762
734
729
732
724
711
717
743
777
809
833
813
823
828
833
841
840
845
826
808
813
838
861
885
881
867
851
840
850
864
851
852
870
891
883
873
844
843
849
858
857
838
859
880
896
899
879
868
859
866
866
860
846
858
862
883
896
876
865
861
868
883
889
867
862
865
863
879
873
829
787
749
751
771
787
758
744
755
764
786
790
778
756
760
775
802
824
845
846
845
838
815
754
724
726
764
777
790
800
778
737
733
710
695
702
716
736
754
762
768
777
792
795
787
784
772
715
712
719
738
755
759
772
785
794
784
762
754
755
740
727
741
762
769
796
789
791
788
788
764
733
708
723
771
827
854
829
809
830
854
873
887
862
828
838
861
866
883
851
837
848
866
885
891
854
826
843
861
814
779
779
806
835
812
795
787
797
812
802
766
773
783
808
843
876
892
898
897
861
838
844
854
861
870
856
833
850
859
873
883
863
834
842
854
862
856
841
849
848
859
851
819
788
779
806
803
809
829
844
853
834
831
837
845
856
858
856
838
845
859
870
880
885
859
837
846
861
892
909
919
881
857
848
846
855
833
813
827
853
872
858
855
865
865
858
853
854
853
835
818
828
835
847
845
829
846
856
870
869
857
852
871
848
830
820
806
800
820
843
837
847
863
860
856
836
840
854
871
871
855
858
858
866
875
881
867
854
851
864
871
869
823
825
826
839
841
818
783
759
740
750
785
858
854
811
791
778
780
773
728
708
703
717
742
772
780
777
768
757
728
697
683
668
666
676
688
697
727
766
809
842
819
800
790
785
783
802
793
765
733
702
687
688
705
723
720
696
688
684
699
712
701
692
697
702
682
681
722
769
817
815
795
799
817
847
863
845
818
821
813
841
862
852
829
813
828
847
866
880
857
863
873
897
921
928
895
871
873
896
905
912
905
853
831
839
854
828
816
811
835
859
879
880
868
856
864
862
844
846
833
824
829
840
857
863
847
813
818
824
844
813
824
834
846
855
844
849
843
849
846
829
840
852
860
878
873
849
842
846
848
846
820
835
844
839
785
771
754
717
718
718
725
729
707
713
700
683
679
673
666
654
644
629
617
610
606
599
591
586
587
600
625
645
667
706
786
861
865
822
805
755
744
715
722
712
704
749
738
739
742
752
753
772
785
793
801
808
798
764
770
806
840
874
895
875
856
861
851
862
844
823
824
842
825
796
813
843
865
871
861
852
853
878
907
896
892
900
897
914
901
891
904
898
894
863
845
858
868
861
874
898
908
903
881
878
877
882
854
850
854
859
828
785
792
817
847
880
875
858
864
861
869
886
894
869
861
878
899
926
917
910
880
850
812
815
819
833
827
837
858
871
863
867
878
890
886
866
867
860
864
860
877
890
860
858
872
887
903
888
879
869
861
855
869
877
912
911
904
896
893
868
857
829
789
783
773
787
787
802
804
810
808
798
776
740
732
706
686
689
720
727
759
784
806
785
736
718
737
741
752
750
729
715
713
715
708
722
722
722
715
700
708
707
706
697
690
688
685
696
726
809
886
928
948
927
905
900
893
893
883
859
824
822
824
829
838
824
801
798
793
813
813
813
810
813
809
816
808
789
773
759
741
716
710
714
732
750
742
741
730
723
721
737
759
779
791
794
804
810
811
808
804
786
790
821
852
874
860
853
857
855
859
850
831
832
836
847
842
845
848
853
858
819
783
776
803
865
889
889
842
804
767
758
747
724
719
710
712
711
721
740
773
807
835
854
856
854
848
805
794
802
795
785
778
771
742
743
740
711
730
738
758
774
817
827
847
826
832
821
817
832
862
870
846
806
802
826
881
918
896
863
853
852
861
858
826
834
859
881
899
907
902
885
906
936
947
955
943
908
882
884
912
923
947
920
901
921
938
958
930
896
896
901
926
901
897
924
937
943
909
882
889
901
910
922
882
878
897
925
944
944
911
904
917
928
938
934
902
916
938
960
964
929
909
918
927
936
921
896
902
930
940
940
923
932
945
957
957
923
895
900
910
925
932
906
900
914
940
967
954
921
918
931
955
959
928
891
894
913
937
969
967
956
974
982
967
961
896
874
882
904
929
920
910
920
935
939
930
903
903
913
921
922
908
910
926
897
877
845
1684
832
827
837
851
849
870
903
923
930
924
924
922
928
933
945
938
912
910
930
965
977
938
897
900
914
931
947
937
915
905
909
862
792
764
778
814
874
929
970
980
980
953
926
909
899
896
906
903
908
900
919
940
952
931
931
946
946
921
857
857
872
913
940
955
974
938
908
915
900
898
909
883
857
861
881
906
924
911
887
885
890
908
915
901
862
854
880
891
892
862
847
863
887
896
909
888
861
860
866
889
915
938
909
894
893
902
927
953
974
974
976
967
928
906
915
939
952
947
907
918
925
951
968
965
932
913
926
930
945
930
898
880
889
901
908
900
878
872
881
899
916
924
909
888
892
915
932
926
909
884
884
904
933
943
932
903
890
898
918
930
916
895
905
912
919
933
912
883
887
911
936
945
929
922
923
892
874
884
875
853
836
813
813
805
785
785
794
795
786
789
807
825
837
842
854
870
889
911
907
921
929
913
924
944
967
967
955
902
871
883
914
940
951
926
909
927
943
959
928
912
908
907
920
938
930
933
938
933
921
930
932
927
873
845
834
827
823
838
853
854
829
826
829
812
817
840
856
860
858
851
851
822
802
806
823
833
835
829
845
857
883
898
907
902
891
880
885
906
930
947
951
919
888
882
893
884
879
889
903
898
886
897
894
905
896
893
893
890
899
885
806
740
713
682
679
679
666
662
668
685
697
688
692
696
696
688
689
685
675
674
669
678
687
696
696
706
714
706
693
692
698
710
720
725
732
728
719
709
689
692
698
713
728
718
720
742
771
787
763
728
729
739
743
738
725
733
743
741
773
810
801
780
766
762
766
737
712
710
707
704
708
713
723
724
725
739
748
762
752
767
772
792
794
812
846
868
882
879
859
868
865
841
800
790
793
792
763
779
789
787
786
773
773
779
786
800
799
781
798
813
831
855
854
828
790
779
798
843
859
794
781
821
846
818
831
848
854
857
857
863
878
898
881
868
837
854
880
892
872
849
862
896
916
897
897
911
927
934
906
895
897
897
905
905
896
905
909
842
827
820
794
768
758
741
744
733
741
763
792
833
833
827
847
869
887
910
910
882
871
881
896
915
905
893
907
892
854
800
781
742
707
700
713
712
719
752
793
800
788
788
799
800
802
828
862
895
908
911
928
927
921
915
890
872
872
880
891
890
884
891
889
883
860
830
832
820
812
788
802
796
793
799
786
775
771
786
793
802
802
770
754
745
733
748
747
746
742
714
701
702
715
745
789
836
865
896
898
866
869
870
875
877
839
831
845
864
882
912
895
861
880
896
938
965
947
923
927
944
942
951
929
912
931
938
953
959
958
932
901
903
940
970
989
1003
966
940
949
963
976
985
994
961
948
965
985
981
963
924
928
935
951
960
936
911
931
953
972
975
947
910
921
945
962
975
981
955
935
939
941
944
956
917
906
930
944
967
962
937
913
930
917
942
959
942
912
921
936
943
922
923
932
930
921
904
899
917
928
944
950
928
936
953
960
968
959
933
930
939
952
962
944
924
939
958
985
1000
974
960
962
973
977
981
961
936
950
972
989
997
977
971
978
964
969
968
979
981
981
961
948
958
950
957
943
930
933
942
955
964
958
923
911
924
942
954
938
922
933
925
925
908
893
905
919
917
912
884
884
903
927
936
938
913
886
890
896
910
920
932
903
900
908
921
922
920
911
910
913
896
874
876
884
889
876
875
892
899
907
896
904
914
925
925
918
922
923
926
924
905
899
923
952
945
950
935
911
909
921
936
936
926
935
929
943
947
946
895
864
858
820
813
827
844
849
833
853
880
885
900
897
885
887
877
897
923
928
891
892
904
922
926
926
907
905
915
927
938
948
910
884
903
933
951
968
947
913
924
938
953
963
968
939
943
957
979
1003
996
975
961
976
992
974
940
923
942
961
973
986
982
979
979
961
956
941
908
918
938
950
965
932
921
934
946
951
935
918
922
935
949
946
938
933
924
905
894
919
931
953
947
936
938
945
949
923
897
906
932
950
957
960
974
976
974
959
926
917
926
938
947
933
915
927
938
951
954
948
920
936
947
963
982
979
948
933
945
965
981
1003
984
956
954
973
991
982
974
924
905
921
922
896
888
868
894
910
913
898
898
909
908
905
911
895
901
916
923
923
926
930
870
880
895
881
856
883
904
901
868
834
847
867
895
914
937
918
835
812
795
792
776
736
732
721
716
717
713
702
678
664
653
644
632
623
615
612
612
612
622
636
643
642
652
686
734
825
869
873
865
877
893
892
886
873
808
752
732
695
670
664
674
686
697
730
765
795
790
799
825
854
867
863
843
836
858
877
890
903
893
873
872
883
898
932
952
934
916
912
901
902
906
887
846
830
796
800
813
835
840
807
795
779
786
772
761
766
771
760
749
728
712
712
724
746
753
746
747
762
778
791
792
795
796
780
766
742
720
700
704
717
735
777
817
802
753
768
780
768
777
795
780
785
784
778
778
787
819
820
829
855
864
825
822
806
813
830
828
801
791
793
803
822
806
818
840
856
847
856
849
848
860
865
854
864
855
840
793
736
704
706
721
746
761
791
803
778
756
757
770
743
752
725
688
683
685
702
736
783
813
848
858
867
877
878
883
898
879
806
796
816
865
908
918
887
866
887
927
944
956
931
925
940
938
948
938
901
861
861
889
903
913
881
892
903
905
900
870
848
867
882
903
912
902
893
907
932
954
962
965
924
899
910
920
949
954
911
880
890
912
918
935
894
862
869
890
889
854
845
871
900
921
925
926
923
929
919
903
869
835
844
882
928
938
916
915
922
930
929
874
810
780
777
789
821
827
814
829
850
859
865
846
849
867
882
889
900
898
900
904
909
879
878
845
831
843
845
787
754
747
746
737
734
734
738
737
729
731
730
706
717
717
729
739
739
735
751
753
756
757
762
764
762
750
755
768
791
833
875
884
872
858
819
776
776
772
752
739
735
733
734
738
740
741
737
737
729
709
711
698
689
693
714
723
710
716
728
733
720
727
729
735
747
769
782
784
742
747
773
833
854
830
859
893
922
918
890
886
908
907
889
852
853
885
897
916
910
926
918
912
909
890
878
887
910
884
887
916
915
905
878
878
880
878
877
865
896
895
882
878
908
918
878
877
874
908
953
945
932
936
957
977
982
950
934
918
942
961
964
912
912
913
906
896
920
938
955
925
921
914
917
902
909
935
952
929
889
896
905
921
906
905
919
926
943
948
939
935
947
944
962
967
955
900
897
910
938
902
884
911
907
865
868
897
901
899
906
932
959
971
957
940
936
935
926
938
962
974
966
932
897
912
930
949
940
930
939
951
971
944
948
966
979
982
959
934
937
939
958
979
978
950
938
954
973
972
958
958
955
953
938
949
952
953
949
933
926
880
842
831
835
864
853
850
886
898
903
913
920
895
901
929
959
986
1000
988
969
948
955
956
968
943
916
884
866
854
851
844
809
796
780
781
744
724
707
699
727
762
785
783
771
778
811
833
875
854
813
830
848
802
789
812
813
868
915
952
920
895
909
921
938
953
939
926
946
957
968
977
1004
966
932
913
899
885
818
819
822
837
870
900
922
936
897
869
866
894
937
963
951
930
953
952
957
955
959
921
855
815
765
760
846
938
962
942
967
960
957
960
967
940
908
923
945
965
974
954
912
859
868
884
891
916
943
919
919
943
969
982
978
965
929
867
849
842
864
880
886
868
890
892
893
912
932
934
947
957
970
973
968
955
922
872
885
925
966
992
990
928
910
924
954
976
980
967
946
962
975
994
996
995
987
921
908
910
922
943
967
934
911
917
937
949
971
974
936
940
960
965
971
968
956
921
915
936
954
979
979
974
943
943
954
962
977
1000
966
925
935
965
997
1036
1043
1005
1003
1017
1037
1058
1058
1021
951
946
966
887
820
784
790
839
858
872
881
889
896
900
866
852
854
868
871
871
882
896
906
897
897
894
891
910
920
857
815
794
777
761
757
746
727
726
757
794
773
772
760
759
752
745
746
736
731
723
722
715
708
706
707
707
713
712
705
702
685
674
672
679
694
724
750
751
781
815
823
816
791
768
756
740
739
737
730
740
757
770
775
774
772
767
762
758
752
754
745
729
716
712
729
761
759
754
743
744
748
756
760
783
787
808
813
814
788
783
816
840
845
833
817
798
774
749
745
743
742
747
749
745
739
750
746
739
742
744
730
718
706
714
727
739
751
739
716
748
773
775
802
792
773
781
780
779
785
778
772
771
763
777
813
822
813
804
785
780
761
763
750
743
779
820
832
842
847
821
794
777
765
754
742
732
723
730
734
764
812
813
829
768
739
729
748
792
838
849
847
856
830
816
773
743
739
741
720
699
725
743
761
755
733
729
692
699
698
703
708
688
678
672
678
705
717
744
762
747
741
763
783
801
771
769
798
855
904
946
945
928
931
938
939
896
869
877
871
896
932
947
899
892
925
960
999
1006
974
938
929
941
957
960
921
946
960
960
913
879
917
931
940
960
959
932
916
943
969
975
956
919
929
964
1016
1022
1015
963
927
946
980
993
970
946
972
982
974
950
963
979
1000
996
964
960
961
988
996
966
932
956
986
1001
1020
1027
1003
1005
1015
1020
1034
1001
982
983
999
1019
1007
998
990
1010
1021
998
1003
1017
1024
1036
1037
1013
1025
1012
1004
993
1007
1003
1013
1010
986
986
1010
1021
1034
988
992
994
995
984
930
860
850
874
896
929
906
874
892
920
974
986
983
949
934
958
971
981
987
991
1009
1024
1022
1027
1029
955
913
933
983
1014
1023
984
975
985
1012
1016
1021
993
995
994
959
973
993
1017
1014
1007
973
955
970
987
1018
1026
1025
1019
1014
1020
1020
1021
1005
969
941
938
966
991
979
896
913
898
906
889
856
857
864
890
909
928
873
825
826
808
766
735
726
718
721
721
722
728
726
734
736
722
723
731
734
719
715
735
733
751
771
775
769
764
752
755
730
721
711
713
727
742
732
729
728
727
727
716
714
713
700
702
716
729
748
777
802
808
804
775
760
764
762
765
770
786
800
781
798
830
867
887
859
879
883
870
851
808
813
835
868
894
904
891
869
852
837
841
842
800
795
805
829
847
818
833
849
879
881
895
896
900
896
853
864
883
888
895
917
926
938
936
893
901
896
838
826
786
725
727
696
712
718
719
716
728
738
734
757
776
784
791
799
806
807
805
803
809
806
791
774
790
855
915
938
950
923
916
854
840
849
863
882
896
890
886
853
864
882
905
919
914
918
877
861
859
830
839
893
914
926
895
882
867
857
823
781
771
767
783
799
822
835
813
825
848
864
867
869
863
845
822
777
773
778
764
735
767
818
854
867
862
858
840
794
760
759
776
835
895
927
900
878
859
833
801
813
831
842
840
797
803
812
853
883
884
849
828
828
823
812
795
817
851
847
822
837
835
817
805
763
721
726
735
775
806
818
813
815
807
804
780
797
819
860
914
936
918
852
870
924
915
936
970
986
982
962
938
889
882
879
868
866
901
926
929
928
920
940
953
929
913
852
843
813
788
766
766
750
752
755
766
769
773
768
796
817
842
861
836
818
830
851
860
879
869
850
829
809
788
781
737
737
737
767
813
856
854
858
876
865
860
844
841
845
804
812
825
808
807
812
807
805
793
750
737
758
795
851
894
897
897
900
904
896
815
773
785
802
783
802
830
875
891
831
842
861
894
921
928
904
862
854
855
875
871
859
839
815
807
816
819
792
799
813
817
821
792
778
785
810
850
839
801
814
836
808
768
772
779
803
816
826
854
865
869
844
848
845
816
806
799
783
757
745
736
730
741
769
784
793
771
807
831
884
910
912
889
817
791
792
801
806
813
829
834
830
820
818
784
792
793
787
828
855
860
849
836
813
806
814
821
797
773
774
791
791
782
789
773
774
760
755
729
711
715
719
748
799
814
785
818
840
865
890
903
884
891
906
917
895
891
834
844
837
845
828
797
788
798
798
805
802
835
857
844
853
867
884
855
864
861
849
846
839
832
851
855
828
827
808
788
772
799
846
827
781
793
799
775
768
743
729
709
688
678
662
646
635
626
614
621
624
646
720
803
894
912
884
884
884
870
864
854
841
834
802
768
777
807
851
867
876
879
877
830
856
889
913
904
909
918
891
868
856
863
861
856
845
834
831
858
877
850
863
878
846
865
896
916
928
945
946
888
872
870
873
877
890
887
869
854
808
803
795
830
888
919
932
899
892
905
931
961
959
943
902
888
895
935
967
991
992
978
921
868
814
817
842
895
884
901
913
917
917
906
913
918
922
929
924
921
909
911
911
874
866
871
881
893
862
850
847
866
864
897
921
927
872
883
897
892
836
803
812
834
860
887
903
922
917
926
936
942
904
875
860
848
855
870
884
857
829
847
875
924
937
896
885
880
893
879
879
912
941
958
958
951
950
925
889
857
828
795
767
777
789
809
832
838
850
836
838
847
856
852
851
857
798
769
769
783
828
890
874
876
891
936
931
933
932
922
909
915
925
892
870
859
864
891
921
934
920
920
907
895
929
935
948
917
871
868
859
866
863
831
816
794
788
784
761
774
766
769
788
813
854
859
867
871
873
887
907
911
920
927
953
977
993
954
951
961
987
955
961
945
917
902
895
888
907
943
953
919
885
882
872
856
858
864
853
869
878
861
843
855
873
886
907
907
909
908
894
863
825
794
791
802
821
854
876
885
845
833
850
886
938
966
969
950
924
895
882
883
878
857
875
896
933
947
969
977
960
922
916
920
935
944
901
840
826
784
782
786
778
791
825
855
857
872
907
928
942
947
947
953
941
901
896
870
882
918
953
931
950
946
916
894
885
871
832
810
817
824
837
819
795
785
787
793
821
838
859
841
869
894
909
896
864
849
843
854
880
871
853
874
907
950
971
962
944
917
921
930
915
895
840
839
837
842
850
844
824
826
806
786
802
815
830
855
873
874
888
865
802
810
819
842
876
880
857
863
869
877
883
870
852
854
857
875
882
881
881
840
828
790
759
759
741
743
742
736
718
715
723
736
763
796
793
804
811
817
794
775
757
739
741
727
720
703
692
692
688
693
734
792
813
888
910
878
807
802
817
795
817
828
821
804
814
820
825
807
775
771
772
779
801
783
770
768
753
745
764
781
774
733
725
713
710
712
710
716
719
741
786
845
868
878
813
795
820
859
866
808
800
816
880
938
943
944
979
987
1007
1006
929
872
873
876
856
883
891
910
896
875
882
878
882
899
882
881
893
907
937
951
936
908
938
965
982
917
892
895
869
771
752
758
764
780
806
811
831
848
855
828
788
775
777
779
774
767
767
747
718
718
702
689
689
698
698
708
729
752
768
839
880
912
885
901
883
875
834
795
771
770
762
767
736
709
698
698
700
709
712
707
726
737
731
707
689
689
682
677
674
701
747
806
842
846
826
812
797
777
771
753
728
724
705
685
687
681
672
672
677
690
679
683
684
682
675
674
671
658
647
643
633
631
626
627
627
629
630
630
627
614
612
608
612
626
646
651
667
700
745
771
760
740
740
725
715
712
722
744
764
774
775
771
733
698
683
712
743
749
738
739
737
729
749
749
731
720
719
712
709
705
695
691
694
692
692
716
725
706
699
707
705
711
721
716
708
714
703
688
691
676
665
665
664
659
644
643
641
650
660
675
678
693
699
700
700
704
713
714
703
714
715
727
738
778
812
810
802
800
794
788
755
762
741
729
722
730
736
751
743
723
722
723
733
766
779
775
769
747
707
683
668
680
693
713
719
722
717
703
685
662
645
636
637
645
662
674
708
767
812
817
818
797
785
768
751
743
743
750
736
749
764
751
766
767
769
747
744
752
755
744
732
748
756
796
818
841
856
858
854
831
803
754
742
734
729
720
726
744
758
763
735
712
694
685
686
689
687
700
713
726
747
797
838
801
782
748
747
744
700
724
723
716
720
723
702
703
726
769
817
854
867
909
892
899
918
927
914
849
862
880
914
900
856
852
861
852
860
888
906
866
820
834
864
899
920
902
913
932
938
902
897
892
856
846
848
888
910
923
875
871
881
898
933
942
924
920
892
837
846
864
878
855
883
852
845
844
812
823
826
844
850
857
862
852
851
860
872
865
851
827
799
811
835
876
848
840
795
777
795
793
812
831
868
892
871
820
787
802
804
807
814
829
815
849
872
910
944
955
971
969
950
916
925
945
951
905
903
887
871
887
900
899
916
947
963
959
978
952
919
917
920
922
936
960
972
975
999
1004
1012
1011
995
1016
980
963
996
1012
969
940
967
953
966
994
998
1002
1006
1017
975
909
864
860
863
872
879
909
880
854
813
816
840
901
940
950
938
902
854
830
804
778
770
761
753
755
774
788
796
787
797
836
875
863
836
836
834
827
836
855
864
887
884
850
837
845
863
863
870
870
861
858
857
833
846
832
844
870
886
901
879
861
851
837
834
823
854
889
907
922
916
901
885
862
864
846
838
854
887
896
886
881
868
862
867
872
873
885
884
867
824
795
782
792
795
779
797
845
865
856
838
818
782
771
731
689
689
703
718
742
764
793
757
764
775
791
809
828
835
810
817
809
805
785
806
842
895
908
909
872
895
795
749
747
764
784
832
871
907
939
966
989
972
939
912
850
770
766
757
744
739
761
803
856
854
838
833
824
836
872
892
835
856
863
887
923
874
884
929
987
1013
1012
1004
943
940
961
987
998
1008
980
942
954
972
993
1016
1013
1012
1021
1016
992
919
902
898
885
858
926
951
963
941
951
965
981
986
1014
1019
1016
1012
1017
1014
1021
971
933
962
1004
1043
968
969
970
958
937
948
943
909
900
915
932
964
952
948
966
981
974
976
978
994
974
943
944
975
1005
973
909
918
927
898
865
854
818
830
839
858
868
875
878
889
896
893
849
817
850
889
959
992
1012
1021
1021
1021
1022
1019
1023
1021
976
934
958
1013
1042
987
973
1011
1029
979
974
1008
1030
1041
1027
1025
986
979
998
1015
1024
1032
1027
988
934
917
897
844
869
889
883
846
866
859
847
813
798
771
752
771
788
807
821
847
849
835
825
809
797
788
771
793
841
905
930
885
909
948
971
933
896
928
956
977
987
992
994
984
954
938
962
982
960
922
923
952
914
862
847
807
820
848
872
889
905
909
921
942
965
979
985
996
1000
994
985
949
951
925
957
981
1000
980
957
972
962
948
925
964
996
985
937
930
950
962
969
977
978
976
969
963
964
954
917
916
951
999
1033
965
926
899
883
821
784
779
841
917
921
892
931
960
984
997
991
950
924
936
963
1006
1034
1036
1024
1002
1000
1014
1021
1044
1021
933
937
972
1002
999
945
933
943
967
969
967
915
930
953
976
1014
1035
1033
1004
983
1001
1016
1016
1008
969
918
927
946
971
1006
1013
985
979
1001
992
978
979
944
948
976
992
1026
1040
997
955
964
974
981
992
983
991
995
996
973
948
966
978
1001
989
971
998
1009
1011
1006
988
970
980
999
1025
1043
1049
1017
984
997
1025
2108
1019
983
1013
1014
1019
1025
995
993
970
936
933
963
995
1000
968
973
972
946
950
968
986
981
952
946
956
967
969
970
958
983
991
996
991
952
909
913
944
983
1002
1012
1018
998
984
970
955
946
908
880
912
954
979
1003
1020
1032
1011
1003
1023
1040
1053
1063
1068
1071
1039
1020
1030
1038
1007
975
912
920
926
927
896
939
965
976
954
953
973
987
1006
1017
1020
1030
1024
1021
1027
1027
999
958
950
988
1036
1070
1015
987
1003
1016
1015
1023
982
969
987
1016
1034
1049
1047
1021
1010
975
964
907
916
916
937
932
919
946
946
948
972
950
944
939
934
916
938
945
964
994
1002
994
963
961
979
1006
1038
1032
1037
1038
975
978
986
985
982
970
946
927
913
880
891
899
844
829
852
872
920
965
994
1005
1016
998
969
949
938
922
915
879
891
902
923
928
909
920
925
915
947
982
1005
1009
1025
1039
1040
1029
1023
1011
986
984
991
985
952
951
967
969
958
929
892
916
943
972
989
953
902
904
920
944
978
999
999
1001
977
938
941
960
975
985
988
960
934
895
874
838
845
848
850
887
917
911
912
942
963
981
980
978
943
919
904
925
950
973
998
1008
999
992
979
986
987
991
978
946
953
948
953
952
916
906
924
937
942
930
921
906
927
966
994
1019
1015
1010
1001
948
901
871
862
888
935
973
987
986
940
911
915
927
984
1005
988
948
954
968
985
995
991
965
941
960
982
1006
1020
1029
1024
1016
1022
1022
1022
1015
975
922
930
945
950
963
932
938
970
997
998
978
961
964
964
962
949
932
939
934
884
903
905
885
879
901
921
902
888
866
863
883
892
885
912
925
947
954
967
982
956
926
900
912
938
968
991
959
928
912
911
921
887
891
886
882
794
794
803
837
850
850
852
844
826
787
736
727
703
690
704
729
752
767
752
799
827
855
830
806
789
794
794
778
774
774
764
771
780
811
817
832
855
839
826
816
804
804
787
770
781
794
813
806
828
850
856
828
839
851
851
834
829
815
799
795
831
874
868
854
877
895
912
897
889
871
854
844
832
802
822
797
765
746
748
747
749
751
750
726
715
730
744
726
703
700
714
748
793
849
832
784
752
756
771
773
756
788
833
874
839
848
880
917
923
900
902
928
961
966
910
896
915
935
952
954
900
896
911
829
824
890
909
928
904
927
958
982
995
999
972
941
952
977
1011
1019
1018
975
955
958
978
996
1004
962
962
979
1000
1010
1010
990
941
941
964
983
985
949
973
1004
1015
1012
968
938
948
966
968
946
937
959
963
970
935
941
917
930
947
907
911
941
956
982
982
944
908
923
941
960
968
973
966
931
912
920
936
964
905
890
904
907
841
817
868
904
906
900
926
943
962
983
967
954
979
994
998
997
946
922
939
978
1005
1018
1032
992
969
980
957
948
948
918
902
928
937
946
969
950
920
949
970
981
996
998
1004
976
957
966
986
1008
1014
958
918
914
930
956
984
972
925
938
953
977
993
966
926
946
968
987
957
940
947
957
962
966
948
956
977
989
1011
1018
1017
1021
1016
1003
935
906
917
936
963
967
935
944
958
973
976
971
915
907
938
941
921
918
937
949
972
913
903
916
934
943
938
951
970
960
948
909
916
925
948
963
977
965
936
919
931
958
995
997
969
938
970
958
932
877
896
914
941
962
974
957
936
939
960
985
996
1013
1022
1021
988
941
936
956
979
1012
1010
1004
946
929
941
970
966
956
908
910
924
946
956
936
913
916
932
969
992
1003
1014
998
963
938
941
944
931
944
895
899
931
960
983
968
896
874
881
898
953
991
977
968
989
1007
1006
1023
1018
1020
1021
1018
1019
1021
1018
976
944
895
921
976
1013
1022
956
971
969
979
959
938
934
953
945
960
985
1007
999
965
975
994
1007
1033
1035
1026
1032
1021
1008
968
935
969
996
1021
1042
1027
996
966
974
989
1009
1026
1007
961
959
975
1012
1013
1001
953
939
942
940
956
915
917
949
991
1010
1020
1022
1009
991
1002
1004
1003
991
986
967
924
937
976
1012
1021
982
911
933
943
966
979
975
942
943
979
994
1008
1007
999
972
981
996
996
1004
1003
1009
957
933
954
970
1001
1021
990
973
990
995
1001
993
955
935
893
910
895
927
959
974
956
957
957
963
917
925
935
953
966
979
971
933
930
944
962
985
988
991
932
884
856
879
844
811
857
887
854
839
873
911
945
973
972
948
898
899
919
959
1000
1012
997
949
910
931
960
968
973
975
972
935
929
945
965
971
968
944
892
908
924
938
946
942
929
896
907
927
948
918
922
909
931
951
972
989
988
988
965
919
917
945
976
999
1020
1024
1017
1007
999
970
889
832
829
816
834
840
846
801
788
806
831
865
899
925
951
959
974
955
893
859
884
915
964
950
911
901
913
920
961
994
985
983
962
954
922
889
917
973
1004
1003
1003
953
964
958
969
965
913
911
932
957
973
990
1000
1008
963
927
936
966
996
1021
1034
995
897
920
932
953
969
924
910
926
941
962
950
932
957
977
997
1003
1011
1007
1008
973
926
888
904
898
921
908
877
928
970
989
998
954
918
926
932
947
935
892
921
945
972
993
995
999
959
937
952
957
979
1012
1004
959
929
960
974
1005
1015
996
955
959
982
997
990
994
959
936
948
989
1006
1031
1017
978
1004
1016
1021
1023
1024
982
939
947
973
996
1014
1027
1029
988
966
970
986
1000
1024
1015
964
938
949
978
993
1001
968
931
943
961
974
956
920
943
972
985
992
1001
968
956
973
990
997
1004
999
958
930
944
975
997
1002
989
942
944
951
967
979
982
949
930
967
990
997
1009
1013
987
953
959
985
997
1009
1028
1008
972
975
981
993
1003
1016
1015
984
1000
990
987
984
938
898
921
938
945
959
935
946
963
972
973
987
984
960
924
921
942
965
946
896
896
911
922
919
881
850
872
892
923
951
961
968
961
956
950
963
971
990
997
1003
946
930
957
995
1015
1009
1004
959
920
943
967
989
1005
965
924
905
913
886
876
913
945
966
966
931
953
971
992
1007
1016
1022
1028
1025
1012
1010
1013
932
846
876
923
936
959
965
973
965
977
974
988
999
1004
1012
1002
1007
1013
1015
1011
1006
1007
1010
951
870
871
875
898
914
913
871
907
923
957
990
1005
1013
1006
997
986
979
979
978
976
973
923
896
904
934
965
983
977
936
910
924
954
974
983
984
942
902
895
903
919
940
937
909
926
922
940
948
946
913
909
915
928
953
963
981
970
937
935
946
960
976
986
979
974
972
965
976
964
962
919
882
901
934
947
961
960
907
922
931
951
969
970
940
902
913
946
960
975
974
975
976
977
938
908
931
937
953
952
926
883
889
901
922
936
939
936
920
922
925
934
938
936
944
946
941
930
901
891
905
942
959
967
965
932
900
909
924
937
931
954
950
967
993
1013
1006
1007
1000
985
946
906
887
854
830
802
803
812
799
786
748
740
730
712
701
713
715
703
694
706
712
719
723
737
753
772
811
850
885
898
910
913
868
862
899
945
986
1006
972
923
907
937
954
957
896
837
825
829
857
884
918
913
890
912
953
972
990
989
984
987
995
1001
1001
1006
984
929
929
966
998
1016
1021
978
964
984
1014
1023
1027
990
961
918
931
927
896
845
857
848
847
841
835
825
797
782
768
768
756
758
762
745
755
766
778
811
850
885
910
920
931
939
896
903
932
956
940
852
813
787
801
801
825
856
861
837
864
898
937
953
968
974
975
980
952
966
1002
1021
1029
1032
986
944
900
915
955
991
1014
972
938
964
998
1030
1047
981
949
972
994
981
946
932
936
963
989
985
961
921
932
939
945
968
994
991
944
910
872
863
908
983
1021
1043
1039
1022
1020
1011
1018
1028
986
964
988
1020
1054
1067
1049
1010
974
982
1018
1056
1075
1093
1072
1006
961
977
991
1005
1012
983
966
975
975
956
959
972
922
925
948
986
1007
1011
1014
1026
1032
1035
1047
1052
1047
1041
980
975
996
1036
1051
1052
998
987
984
1003
981
926
923
945
968
994
1017
1024
1023
1018
1016
1014
1013
1018
975
970
996
1022
1046
1049
1013
964
961
981
1010
1005
960
966
981
999
1008
936
952
952
964
981
955
953
960
979
1004
999
987
980
936
930
926
936
952
974
938
933
965
988
984
995
992
990
949
951
973
1010
1044
1052
1042
1002
946
948
972
1005
1025
1021
992
943
951
960
979
987
1001
955
954
971
975
987
987
957
928
955
972
947
938
948
916
933
962
969
967
985
991
1001
995
985
940
925
948
971
988
1007
1001
991
958
971
992
1002
1022
989
945
951
971
992
1000
960
946
960
973
986
988
1000
996
959
946
970
1010
1041
1055
1058
1054
1039
1037
1038
1029
986
963
972
1015
1027
1032
982
947
967
1001
1018
1030
1010
965
967
994
1027
1043
1053
1029
992
1010
1047
1058
1053
1041
1036
1033
1039
987
914
921
937
964
971
928
938
932
943
944
934
952
989
1007
1015
1022
1032
1031
1028
1021
1016
995
1002
996
952
932
944
983
1012
1019
986
961
980
997
1005
993
965
930
949
964
990
996
992
979
946
947
969
994
1008
1019
914
892
890
890
912
931
930
900
913
936
967
992
1002
1005
995
942
924
923
932
936
936
894
874
905
962
1002
976
944
960
979
989
1010
1005
990
1008
1033
1035
1043
1052
1046
1039
1035
1005
941
909
896
836
847
883
924
953
909
914
932
959
976
960
965
947
934
957
979
985
949
934
958
984
995
1008
1015
999
983
987
980
993
995
1001
1009
991
985
916
893
916
985
1019
976
983
1011
1017
1008
994
1014
1015
1018
1024
1027
1001
997
1017
1031
1039
990
938
947
956
968
974
948
944
966
968
988
1016
1027
1042
1042
1041
1044
1057
1056
1062
1055
974
874
878
907
925
959
985
975
960
984
1008
1021
1025
1026
1031
1023
1017
1021
1011
1005
1013
1001
957
883
878
876
878
885
840
816
824
828
854
888
906
918
913
927
937
966
967
978
937
901
885
895
911
917
910
896
880
844
840
849
883
915
936
909
892
910
915
923
928
926
919
895
881
893
902
923
938
938
926
893
889
899
916
939
950
935
945
942
941
951
946
943
903
850
841
837
842
823
808
816
825
854
885
873
902
929
939
949
965
961
969
971
977
994
992
996
949
916
914
946
979
995
975
912
914
946
979
999
1007
970
981
963
891
827
798
758
734
725
713
704
693
685
678
677
681
682
679
674
657
649
646
645
646
653
667
692
727
728
766
778
778
818
828
828
828
823
828
828
823
804
793
767
770
754
744
745
745
754
756
760
771
795
802
812
816
822
815
788
764
766
780
795
770
765
753
747
738
718
714
711
719
741
763
771
757
732
729
714
709
735
758
749
768
783
757
761
787
796
790
791
774
778
795
813
807
789
809
843
867
866
876
877
866
862
853
843
821
821
838
855
873
874
834
824
826
841
854
867
864
831
815
791
763
796
851
884
900
905
899
916
854
854
869
904
928
914
872
860
881
897
902
885
826
808
814
784
793
793
802
810
813
802
813
822
844
848
846
835
841
838
840
847
852
857
867
853
842
847
845
853
871
876
838
823
836
839
845
840
830
824
817
807
799
793
794
797
784
790
805
823
826
801
775
800
816
837
822
787
801
821
853
863
876
856
807
813
827
854
884
877
873
851
849
859
883
914
906
894
839
820
864
895
915
889
859
870
901
924
956
965
944
919
922
944
979
986
995
938
910
908
904
898
868
882
913
920
940
918
875
858
813
802
826
851
828
834
856
895
930
932
914
893
919
933
961
974
967
976
945
931
937
950
966
905
864
854
850
851
829
836
837
852
859
835
827
842
847
856
872
874
881
844
823
809
822
838
847
849
849
852
846
843
831
827
817
798
789
799
822
858
825
783
803
834
825
844
859
877
889
890
839
841
862
899
933
943
939
921
892
903
942
995
1028
1034
1028
1005
969
969
965
899
874
891
925
960
968
965
903
894
909
939
958
960
948
905
903
894
854
813
851
893
931
941
916
881
883
922
990
1011
1016
989
952
966
960
943
923
894
910
953
969
965
983
989
984
1000
953
896
861
873
895
930
937
907
879
896
906
913
940
956
955
939
916
896
916
939
956
954
948
922
928
953
982
1004
1006
1013
1003
937
918
936
971
981
972
973
954
951
953
970
966
905
859
819
850
920
951
954
907
899
918
942
961
979
986
952
938
966
986
997
1005
1004
1002
963
928
943
963
990
1014
1031
1026
1031
1011
989
949
953
963
992
947
875
820
820
804
820
876
924
945
960
898
848
868
912
909
924
909
881
898
925
962
979
985
994
994
981
932
882
905
915
939
904
863
865
890
919
944
973
1003
979
980
991
1007
1017
1014
1010
979
976
994
1005
1029
1028
997
957
945
901
903
884
874
886
896
906
925
922
902
902
926
946
966
984
995
968
939
954
979
1008
1014
1019
1007
963
931
938
990
1040
1060
995
952
927
917
930
944
905
896
917
934
939
950
911
888
912
938
969
974
976
971
915
881
815
791
815
840
879
854
857
888
926
956
977
986
986
984
987
981
929
930
960
989
1015
1024
1033
1026
1027
972
952
961
981
1010
1017
1030
1012
971
979
988
1003
1021
1019
1007
964
944
966
1004
1045
1057
1057
1042
1039
1036
983
906
895
904
946
990
988
951
957
940
924
916
918
931
938
919
924
949
972
982
986
993
1002
999
996
995
992
991
1017
1019
1021
976
919
927
963
974
992
959
912
924
950
974
973
959
939
934
958
982
999
1009
999
1001
1000
1014
999
997
1013
981
925
923
943
964
991
962
952
991
1013
1015
997
974
989
991
996
1010
938
905
927
898
858
889
911
941
965
963
934
944
949
938
939
945
921
892
897
904
915
939
940
904
884
894
913
946
950
944
925
896
902
920
908
885
892
906
940
960
963
956
935
946
949
975
972
911
897
930
977
1004
1007
989
894
846
843
863
875
848
863
881
907
943
946
953
923
887
899
915
935
896
890
848
854
881
941
972
987
995
993
1000
971
926
930
967
1008
1038
1041
1042
986
927
931
961
999
1012
976
880
833
833
812
823
822
835
844
875
901
920
919
914
883
879
858
822
803
807
813
837
885
910
896
858
852
864
889
911
938
937
940
943
947
949
952
961
914
914
850
850
878
918
938
900
879
884
902
915
931
919
888
887
904
927
941
938
926
893
897
916
934
948
960
960
956
940
945
919
878
888
913
928
952
951
941
892
882
890
910
950
977
978
937
945
958
969
978
939
876
823
808
846
901
882
847
883
909
947
952
930
896
895
917
946
966
969
956
927
933
943
967
973
984
935
880
876
897
922
947
974
978
935
921
928
943
971
1000
1006
1003
997
1002
984
935
929
957
996
1031
1038
1033
1003
958
954
975
1000
1035
1051
1040
1003
968
979
1009
1023
1025
1024
992
950
957
925
906
872
905
909
914
911
902
920
919
936
928
907
924
946
931
914
888
876
900
929
963
995
1003
981
968
937
942
960
985
996
972
953
924
922
947
978
1009
1020
1022
1017
1029
1032
989
935
935
938
942
976
998
920
855
852
838
843
818
794
803
813
819
824
847
869
880
887
877
874
860
904
937
970
965
926
942
956
979
987
968
989
953
917
909
919
948
988
1013
1030
1031
1024
928
874
824
845
920
921
900
917
953
962
963
980
988
963
940
943
965
999
1026
1025
1029
974
961
978
1008
1036
1043
1040
1031
1034
1028
1021
1010
979
973
1002
1029
1067
1075
1063
1063
1062
1056
1061
1056
1046
986
938
958
1023
1070
1068
1055
1018
995
1007
1023
1036
1025
936
918
938
954
982
1009
1028
1007
971
973
991
1018
1036
1054
1047
1049
1063
1063
1046
966
947
934
923
933
912
843
816
781
774
778
791
801
792
777
754
777
819
875
904
875
883
919
953
991
995
995
993
979
956
979
996
978
988
974
881
839
843
839
849
881
936
973
988
989
964
925
937
968
993
1010
1007
988
958
965
987
1011
1029
1016
960
919
923
941
931
854
851
893
919
925
910
930
959
962
980
999
985
945
952
966
984
999
992
972
946
963
965
945
941
939
894
900
929
958
976
987
988
982
986
980
972
950
922
917
939
964
1001
982
952
960
956
962
959
962
941
905
883
893
942
991
1007
1023
1032
1030
975
943
952
975
1006
1030
1045
1007
989
969
930
946
947
960
958
961
975
970
937
940
959
986
1002
1004
1017
1019
1013
1012
985
920
874
866
854
882
897
888
913
943
956
974
985
990
988
978
971
979
984
1000
994
997
1012
1018
998
946
938
947
981
1015
1012
1004
971
942
959
986
993
996
1007
999
984
938
910
914
932
962
996
996
980
949
932
933
958
1002
1021
1025
1013
1001
1010
1001
989
949
888
863
874
899
936
941
931
911
911
868
823
795
808
875
928
905
869
882
903
934
967
981
990
1002
993
997
1002
994
999
1000
1007
1002
932
925
945
979
1010
1018
1011
966
946
958
979
1003
1030
1038
1040
1039
991
980
982
992
996
935
933
960
996
1013
1016
985
958
961
979
1009
1027
1044
1054
1051
1047
1041
1013
941
882
859
862
884
917
941
921
916
950
977
976
989
990
993
950
950
946
903
891
909
942
973
993
997
1006
1010
1003
982
943
928
950
982
1016
1033
1023
1013
1009
1021
1026
1034
1000
956
945
962
979
961
928
873
874
892
918
926
914
942
968
981
993
987
980
972
960
956
951
955
965
910
874
899
938
977
992
979
943
936
957
978
1007
1024
1034
1043
1039
1039
1023
962
891
900
929
946
959
934
899
927
965
977
943
905
906
923
935
949
964
971
963
965
966
961
962
970
974
955
941
957
979
989
990
993
950
928
950
979
1007
1023
1023
1036
1021
1021
1012
998
982
936
947
973
991
970
924
912
928
934
951
971
991
1007
1009
1003
977
936
932
950
970
998
1006
992
961
966
997
991
1013
1019
1028
997
950
934
953
979
995
1022
1040
1035
1043
1031
1018
1018
1024
1035
1025
899
829
821
812
803
832
877
880
896
936
955
977
972
951
896
888
898
904
923
933
938
934
937
936
945
956
964
999
1002
975
925
911
921
940
954
968
950
936
954
959
969
974
985
990
996
990
987
986
978
982
984
933
861
867
872
917
936
947
902
899
924
939
969
989
990
1005
1017
982
945
942
930
928
908
864
863
879
918
957
958
946
878
856
845
853
866
881
903
929
946
957
948
910
894
916
944
979
979
980
970
947
943
930
948
965
969
926
907
922
940
977
995
1011
1006
997
981
977
971
969
978
961
927
914
939
979
1032
1021
976
962
964
975
989
983
967
968
962
952
971
986
984
990
999
1002
1008
1015
1014
954
951
981
1010
1019
993
953
963
974
1000
1016
1033
1033
1035
1023
1015
1007
1007
994
978
889
877
863
859
883
899
878
878
909
922
956
980
974
990
989
997
1000
988
999
1002
994
968
977
1004
1010
1013
1013
1001
974
976
982
994
1005
1016
1029
1004
975
976
983
989
996
1002
1005
975
975
974
1001
994
990
973
944
950
973
997
1021
1024
1038
1034
1014
1005
1019
1000
1000
963
957
972
1002
1015
968
940
971
999
1027
1000
1011
1034
1035
1033
1019
991
998
993
992
1000
1002
995
968
932
915
931
959
979
960
946
952
962
965
943
938
954
948
953
952
968
961
940
952
978
989
994
986
960
972
977
982
985
988
987
953
931
923
930
961
979
988
976
961
972
979
982
968
853
787
752
744
739
745
749
763
759
762
752
745
734
724
711
709
712
704
702
710
730
753
762
757
769
779
777
805
849
885
866
819
809
819
825
791
805
818
818
808
798
805
832
830
824
818
812
809
796
791
784
774
773
774
786
816
846
878
880
865
847
838
826
817
809
802
797
767
750
739
734
735
736
717
709
709
725
741
756
763
767
790
812
804
781
754
739
737
733
742
745
756
778
808
808
796
765
745
737
726
711
702
695
684
682
683
688
693
687
682
680
674
678
674
658
653
649
638
624
621
625
631
634
647
656
659
640
648
658
655
662
659
656
653
647
637
636
625
622
618
613
610
606
602
598
593
587
582
580
575
572
571
572
581
592
597
592
587
592
612
629
653
668
670
687
700
704
692
690
694
689
683
681
677
671
667
667
677
690
701
706
679
666
686
682
672
674
664
661
663
661
649
644
636
625
617
613
607
604
604
611
622
619
620
613
606
592
616
646
690
733
727
726
707
697
682
666
654
652
643
645
646
641
629
624
618
609
604
601
594
591
594
617
661
701
724
743
775
810
831
818
764
737
733
749
768
784
802
778
753
761
767
805
834
808
768
773
779
781
800
809
795
770
767
767
776
799
797
794
799
799
771