696
694
687
680
676
682
684
668
646
632
630
625
623
630
633
634
641
635
631
637
641
652
648
645
638
631
622
619
614
612
607
605
603
605
606
604
604
604
613
623
629
639
645
658
668
675
672
668
661
664
673
683
690
682
681
684
693
690
676
668
667
678
691
682
671
668
676
674
661
649
645
642
641
641
635
627
622
618
619
619
620
625
626
630
637
630
627
625
634
642
658
672
696
692
672
653
635
623
615
612
613
609
610
607
608
608
609
606
605
604
602
601
599
1194
606
616
619
624
627
629
624
1251
633
635
644
647
646
642
634
637
640
644
643
643
637
635
635
632
639
649
664
664
664
670
670
673
667
666
665
669
673
673
668
666
669
673
673
667
659
657
647
640
626
620
619
619
621
613
608
611
608
612
616
611
604
600
593
587
579
587
588
595
601
607
617
632
631
624
634
648
667
670
655
644
640
643
646
651
659
673
693
722
749
753
753
739
729
704
701
696
689
678
661
656
658
652
650
652
649
656
664
666
665
668
669
667
661
653
650
654
659
667
678
682
681
678
676
673
669
668
669
657
639
628
621
617
613
610
604
603
597
1183
583
584
583
584
591
598
608
611
610
604
604
604
606
610
610
607
604
604
613
629
647
656
661
665
679
670
657
642
637
635
636
636
640
646
644
639
646
657
666
676
668
664
663
660
656
650
653
654
653
646
643
646
659
674
677
676
684
696
707
704
699
697
694
688
680
666
659
647
645
646
657
663
668
687
693
694
688
679
665
654
654
656
662
659
650
641
641
642
642
631
621
613
620
637
654
690
720
754
782
781
773
763
761
749
731
729
732
718
712
711
702
690
688
685
688
694
716
733
734
706
695
674
684
687
695
699
696
683
679
676
680
677
671
660
658
659
663
670
665
674
675
683
679
683
684
677
675
675
675
679
671
662
656
663
668
692
725
743
760
766
749
758
755
335
345
768
722
699
681
673
660
647
634
619
607
601
593
587
581
580
577
586
594
610
618
626
627
626
627
628
629
630
621
610
604
599
595
590
589
588
587
584
583
587
588
587
592
594
601
610
615
618
616
616
618
617
617
614
606
600
597
597
596
596
593
588
586
587
591
596
597
592
588
586
587
585
583
581
576
571
571
573
581
590
600
604
603
601
603
609
613
618
613
602
595
592
593
599
604
604
604
597
600
604
608
610
608
604
604
604
604
605
612
612
614
613
614
621
631
637
639
630
630
630
621
614
612
604
601
601
602
604
607
614
617
1245
623
620
625
631
636
630
623
624
623
627
628
617
610
610
607
607
624
641
660
687
709
717
724
711
693
673
665
664
662
661
660
666
679
684
685
688
684
685
687
690
690
681
681
685
690
693
692
678
663
650
646
643
638
642
643
660
658
658
677
681
685
690
677
671
663
665
667
664
657
654
652
648
647
648
649
649
645
651
650
658
656
667
671
678
679
685
688
687
683
683
683
684
684
682
685
684
687
688
691
688
693
688
690
683
673
673
669
672
671
660
650
644
639
632
624
615
612
609
612
618
619
619
624
631
639
642
644
635
633
633
629
624
621
617
613
607
604
603
598
590
583
578
576
577
575
575
574
575
571
570
571
576
578
578
583
590
601
609
616
618
618
617
612
607
604
601
598
596
598
598
601
602
600
605
605
610
626
634
651
664
674
679
682
677
667
659
650
649
642
638
635
634
627
629
630
630
626
617
615
610
606
608
608
614
618
622
628
639
635
624
616
611
607
604
603
601
602
599
595
597
602
608
611
614
621
627
621
606
604
608
621
633
651
663
650
645
638
636
633
622
619
617
619
620
616
618
620
610
605
599
597
601
610
623
634
638
642
636
643
645
637
646
650
654
641
639
633
627
620
618
622
626
628
636
643
640
656
664
671
670
659
653
663
677
688
695
701
692
670
666
662
674
693
703
706
677
673
674
657
652
657
663
657
663
674
683
690
689
685
671
672
663
665
670
673
667
659
662
672
674
679
680
685
695
701
717
720
711
699
694
682
671
661
657
654
658
662
661
659
652
657
680
699
702
699
694
691
685
683
685
683
667
660
651
652
645
635
631
629
626
625
625
631
643
650
648
647
648
641
639
638
635
635
631
627
619
611
613
616
620
627
631
637
639
643
641
637
639
639
645
646
642
636
624
621
620
624
639
659
668
671
668
661
647
641
637
634
634
622
622
624
628
634
632
629
619
614
608
602
587
583
583
592
600
610
610
605
604
606
610
609
609
610
609
608
610
617
615
610
607
606
608
607
609
605
605
604
602
597
592
584
580
577
578
580
584
584
582
580
582
581
581
580
576
569
568
568
568
572
578
580
578
579
577
576
577
581
585
585
590
591
585
582
578
572
572
574
576
582
580
580
581
581
575
577
573
570
570
576
579
582
583
588
597
602
602
602
597
590
583
576
575
573
575
579
578
577
577
584
585
592
590
589
585
587
589
592
594
591
587
580
578
576
578
577
574
572
568
564
561
563
563
563
566
569
570
576
578
578
582
579
577
573
573
574
579
581
580
581
578
575
574
568
568
571
569
572
566
565
565
563
559
555
550
545
543
541
544
542
542
543
540
537
535
533
536
541
541
542
545
547
549
552
551
548
546
543
544
546
547
549
547
544
544
545
546
548
551
549
547
548
546
544
541
538
536
533
532
531
527
526
523
523
526
529
533
532
531
532
538
541
539
538
537
534
533
529
525
521
519
515
511
509
506
504
503
506
509
516
520
520
521
527
535
537
542
541
539
538
536
534
532
530
530
529
525
524
521
518
515
513
513
510
510
511
513
517
521
523
522
521
521
524
529
535
539
535
534
534
532
529
528
526
523
521
520
519
520
522
530
543
545
546
545
545
542
541
542
547
545
543
540
539
535
534
534
533
533
534
537
544
550
558
557
559
562
563
564
563
560
552
550
548
547
545
544
542
541
539
539
542
546
547
547
549
550
557
562
563
566
564
562
560
559
556
555
554
555
559
561
558
553
550
546
546
549
552
557
559
559
557
557
560
563
567
568
571
572
569
564
559
558
559
561
560
562
558
558
553
549
544
541
543
547
552
555
556
551
549
546
544
544
546
548
545
543
543
541
540
538
537
535
536
536
537
538
535
535
534
531
531
533
535
535
536
538
537
537
543
546
548
548
547
549
547
546
550
548
548
548
548
550
554
559
562
565
572
575
578
576
573
567
564
562
557
555
552
550
551
554
558
562
560
557
556
558
557
554
554
556
560
558
558
560
561
570
577
581
579
577
576
574
579
584
581
573
569
566
563
563
562
564
562
560
558
554
551
547
543
538
535
532
528
526
524
521
520
521
527
536
538
542
550
555
561
562
561
559
563
563
559
555
552
547
543
541
537
534
532
532
533
532
536
538
543
545
544
541
541
542
541
540
537
535
533
535
539
543
548
552
554
557
561
563
566
568
569
568
565
563
561
556
553
551
549
547
544
540
537
534
531
532
536
541
548
553
555
564
572
579
581
578
575
569
571
573
574
585
596
598
597
602
598
598
592
588
580
573
571
571
577
582
582
582
584
585
585
581
579
574
575
578
578
574
572
570
570
575
575
575
570
566
564
563
561
560
561
564
569
567
572
572
578
582
582
577
576
578
577
573
572
571
572
575
576
575
574
573
572
571
570
567
567
564
563
561
561
567
568
571
577
578
582
580
578
580
582
579
579
577
573
573
577
580
586
586
584
581
578
577
575
570
565
563
563
563
566
571
569
569
571
572
577
582
584
581
579
580
583
588
584
590
592
589
592
591
591
591
584
580
579
576
575
573
573
578
583
594
594
590
599
607
607
611
608
604
601
596
595
591
585
580
577
571
567
564
561
560
560
563
564
567
571
575
579
580
582
579
579
581
582
587
585
584
582
580
583
583
578
574
573
574
574
572
574
576
578
579
577
576
574
573
575
576
578
579
579
580
577
572
570
570
570
570
572
573
571
571
570
567
568
568
571
569
570
568
572
578
582
586
587
587
578
575
571
565
561
559
555
554
562
566
570
568
568
570
572
576
577
575
575
577
577
577
577
576
575
572
573
574
574
574
574
572
569
568
568
572
578
584
584
577
574
573
573
573
572
575
579
581
578
578
575
575
577
585
589
587
586
585
585
585
585
587
583
578
575
573
572
573
573
573
573
573
571
571
566
563
560
564
566
566
571
571
574
578
579
579
580
580
577
570
569
569
567
569
569
577
581
582
580
577
575
573
571
575
575
572
573
576
574
579
589
596
596
599
600
602
605
608
616
620
614
612
607
608
606
608
607
606
605
604
601
604
604
604
600
596
592
592
593
599
603
603
602
598
598
596
597
590
584
580
577
570
566
562
557
554
550
546
546
542
539
536
533
528
525
521
521
518
518
521
524
529
533
534
539
540
538
545
536
541
535
537
531
531
526
525
521
520
517
512
510
506
502
498
496
494
492
494
492
492
489
487
485
485
484
484
486
488
491
495
500
503
501
502
502
502
503
503
504
502
503
503
503
501
500
499
498
498
497
496
498
501
507
515
521
526
530
528
528
530
536
542
543
541
541
539
538
537
537
541
543
543
543
540
539
535
531
529
528
526
527
527
526
523
520
521
520
521
523
525
527
530
526
526
527
527
531
529
526
527
527
526
526
524
523
521
520
518
520
535
561
587
615
620
617
614
614
610
604
591
578
565
558
553
548
547
548
547
548
553
557
560
563
564
562
563
563
565
563
560
560
560
564
568
574
575
576
576
582
587
592
596
598
598
591
585
582
582
583
588
589
589
586
586
582
577
578
582
584
588
587
586
583
582
583
585
591
598
604
604
602
595
591
586
579
573
571
570
566
562
559
558
555
555
554
554
554
555
560
563
562
562
563
567
573
577
577
571
567
564
561
557
554
556
555
554
551
550
548
547
544
541
538
537
535
533
534
541
548
552
561
565
566
566
566
563
560
558
555
552
547
544
539
535
532
530
529
527
525
522
521
522
524
526
526
527
536
538
539
540
537
535
534
533
530
527
526
526
527
527
529
530
533
531
532
533
533
530
528
526
526
523
521
519
518
516
514
511
511
511
510
510
509
514
518
524
533
535
539
540
543
545
546
543
541
538
536
534
532
530
527
524
523
523
524
523
524
526
528
531
530
528
525
525
526
527
525
523
522
521
522
521
521
521
521
521
520
524
526
529
528
526
523
522
522
523
523
521
521
522
526
526
531
537
539
538
537
532
531
528
528
528
529
527
528
527
526
528
528
530
528
530
529
528
526
527
529
530
530
530
529
527
525
524
528
534
538
543
546
543
545
549
545
547
546
542
538
535
531
530
528
528
532
535
538
536
536
539
538
536
537
536
538
538
535
534
535
535
536
536
536
534
534
533
537
539
540
541
538
536
534
535
540
546
555
565
569
573
578
579
579
578
572
566
561
558
556
551
549
546
541
539
538
538
537
538
537
537
540
541
540
538
535
535
536
537
536
536
537
535
537
538
536
534
532
531
532
540
549
553
556
559
562
565
571
574
575
571
574
572
568
564
563
559
555
553
549
546
546
544
545
547
543
546
548
547
545
543
539
540
539
537
537
535
536
538
536
532
530
527
528
530
532
536
541
547
552
564
571
572
570
572
574
577
578
581
575
576
579
582
584
584
578
575
569
559
555
549
546
548
550
552
554
559
559
557
554
552
546
540
534
529
524
522
522
524
526
526
525
529
532
539
545
549
551
551
551
545
543
540
534
532
534
536
536
539
539
543
545
547
546
544
542
540
539
534
529
528
524
523
520
518
514
510
507
503
502
501
499
499
497
496
498
497
496
496
498
497
498
498
500
500
501
503
505
506
506
508
510
514
515
517
519
521
527
532
540
544
547
548
554
558
558
557
560
558
556
550
547
550
552
550
545
546
541
537
536
536
535
537
536
535
533
530
533
544
547
546
548
548
549
544
540
538
535
536
537
539
541
544
549
554
555
555
556
561
554
551
546
541
538
532
528
523
518
514
515
512
511
513
523
541
564
589
618
638
646
647
639
625
621
612
606
602
592
583
574
572
565
566
570
569
568
568
563
559
552
548
546
547
545
546
545
548
550
549
548
546
547
547
545
543
540
536
536
536
535
536
533
533
535
534
532
532
530
527
527
527
525
525
522
521
521
517
519
518
518
517
515
514
514
515
514
513
512
512
511
511
512
513
514
516
517
515
519
514
515
516
514
513
511
510
510
508
508
510
512
511
511
511
509
510
510
514
514
514
517
518
523
530
547
556
556
556
551
548
547
546
543
541
540
536
534
532
529
536
535
535
539
537
537
538
540
541
543
543
544
543
546
554
557
557
560
558
559
563
564
566
566
565
559
555
553
555
563
580
592
591
586
586
580
571
569
566
569
570
578
584
578
579
579
579
577
578
581
580
575
570
560
551
542
537
535
536
543
551
556
564
574
586
590
600
601
600
598
598
598
599
598
600
600
594
594
593
592
591
595
597
591
589
587
583
581
586
591
600
606
621
629
630
623
614
604
598
597
599
604
604
598
591
579
573
572
569
576
585
580
576
571
571
572
582
597
602
613
629
641
624
613
609
609
611
610
607
603
600
601
603
608
609
604
595
594
594
597
597
600
601
595
588
584
586
586
582
581
579
573
572
572
571
573
573
576
582
596
615
635
631
636
635
642
639
628
627
621
618
612
611
610
610
608
609
604
602
602
602
604
606
610
624
639
649
653
648
646
639
638
632
626
620
616
608
610
610
619
632
629
626
620
618
614
612
611
610
610
606
604
598
597
600
609
620
630
634
627
623
623
617
604
591
586
585
585
593
610
618
622
626
635
640
641
642
640
635
627
618
608
604
604
599
601
602
605
609
616
612
621
630
630
619
617
612
612
606
604
603
599
601
607
619
627
632
645
651
653
648
645
633
619
606
599
601
605
608
604
605
607
614
619
625
622
608
598
593
596
604
612
614
631
637
655
662
660
652
651
651
654
652
647
644
638
632
625
623
620
611
604
600
599
606
615
621
635
646
652
655
656
659
658
648
647
641
631
623
615
609
608
611
613
611
610
612
615
615
611
616
617
618
613
612
608
605
598
605
600
602
601
599
594
591
595
599
601
600
602
599
598
603
602
603
599
602
602
603
600
596
592
590
587
581
578
576
576
577
579
578
577
574
574
571
565
563
562
556
554
558
556
560
560
556
553
550
546
545
539
538
539
540
544
545
542
539
538
536
536
538
535
533
530
527
524
525
523
523
523
521
522
529
530
531
530
530
531
530
530
528
525
524
521
520
515
512
510
512
514
516
518
520
520
519
521
519
516
515
514
516
516
518
520
521
524
525
525
525
525
523
522
521
519
517
519
517
518
519
518
517
515
513
511
509
507
506
505
507
505
506
508
509
510
512
512
512
509
508
511
513
515
517
521
524
525
525
522
520
516
515
513
513
513
513
510
510
510
510
513
514
516
517
517
518
517
517
517
516
517
518
521
521
523
525
523
523
521
520
517
519
519
517
517
517
518
516
516
521
527
532
536
539
546
554
559
557
552
549
544
546
550
552
548
548
551
550
546
541
535
530
525
522
519
519
521
530
542
550
565
576
585
585
582
577
574
569
563
558
550
545
542
539
538
534
535
535
537
540
543
544
547
551
554
558
557
560
559
562
557
554
550
540
538
534
532
533
532
530
529
529
529
533
536
534
537
539
540
544
546
544
545
543
540
538
535
535
533
534
533
535
535
537
539
539
534
535
526
529
525
525
523
523
524
527
528
526
528
531
531
530
528
527
525
526
527
527
529
529
535
538
542
547
551
556
557
562
563
562
564
569
576
577
569
567
564
565
563
566
570
577
577
582
586
595
595
590
590
589
585
579
580
580
577
575
573
574
575
572
573
573
573
573
576
574
575
574
575
575
576
573
572
573
574
571
565
565
563
563
563
560
559
558
554
551
547
544
542
543
544
543
542
546
545
547
548
553
556
555
551
551
557
566
577
588
591
604
617
625
637
633
633
628
622
610
601
599
599
597
597
598
594
588
583
586
593
600
603
602
601
597
595
595
598
601
602
596
592
590
590
591
594
594
590
584
587
595
601
611
619
618
615
613
612
610
609
607
604
602
593
591
595
596
604
614
610
604
599
598
594
592
588
590
587
590
595
602
612
622
623
623
621
614
611
612
621
622
611
604
602
600
603
600
604
611
622
631
637
632
630
627
633
637
641
643
646
643
634
629
631
637
640
642
639
635
625
617
612
617
625
630
632
629
621
614
605
604
605
607
610
610
605
598
594
598
596
593
593
589
588
585
587
595
599
608
619
626
620
615
610
604
599
600
599
597
595
589
583
577
573
569
567
565
570
578
585
592
597
600
601
603
601
594
589
590
593
592
584
582
577
575
573
573
574
575
578
581
582
583
582
586
597
604
612
609
601
596
595
600
609
617
622
624
622
620
627
629
631
629
626
622
618
613
613
615
614
615
621
623
621
615
614
617
628
643
644
639
639
640
640
631
623
617
612
606
597
590
585
577
574
574
582
589
597
604
601
596
589
587
585
584
585
588
587
585
588
581
579
576
574
574
573
579
580
578
578
578
578
577
581
587
593
597
599
595
590
587
582
577
575
569
564
563
567
576
582
591
593
599
599
603
607
611
615
615
616
614
607
602
602
604
607
605
600
599
602
605
604
598
597
598
598
598
599
597
598
604
608
615
614
605
611
606
607
608
610
609
607
599
597
593
596
592
600
604
610
619
631
641
646
643
633
620
612
605
599
597
596
598
604
612
620
623
624
630
633
633
620
606
598
593
595
604
615
625
629
631
637
640
646
649
643
629
627
629
635
636
635
630
632
635
640
643
641
634
622
611
602
599
595
591
589
586
592
591
593
590
590
583
579
574
574
578
586
592
600
607
608
607
607
606
605
608
605
598
594
594
602
611
617
615
609
605
605
607
607
604
608
613
618
621
620
619
618
613
608
611
615
624
626
638
646
652
667
690
704
712
697
674
663
652
651
655
661
662
657
654
653
665
687
707
712
701
695
689
689
696
693
689
683
672
670
665
649
635
635
634
630
623
622
625
626
620
611
604
601
597
595
594
596
596
590
592
594
596
603
610
612
608
605
604
604
599
597
597
598
602
606
609
611
610
612
618
626
628
631
631
627
626
622
623
626
634
634
631
628
628
636
642
650
658
665
668
668
664
653
645
633
625
623
627
635
639
644
642
636
629
619
614
613
616
619
627
634
634
636
638
634
632
629
632
631
630
632
635
632
624
622
625
632
630
621
615
611
602
599
592
584
583
588
598
612
623
630
633
630
618
601
598
594
596
602
608
608
602
601
600
603
613
624
641
663
668
668
674
683
687
679
678
674
659
654
651
642
631
620
619
629
644
649
650
656
671
679
683
656
647
644
635
630
623
619
613
616
617
621
631
641
649
660
667
673
671
678
684
689
688
682
670
658
646
646
640
645
647
657
660
656
652
640
635
633
639
651
675
690
688
688
674
663
651
640
638
641
634
629
625
629
636
643
642
638
629
626
625
633
650
671
688
695
702
705
704
688
680
663
643
632
632
635
639
644
646
642
642
638
641
639
640
641
646
657
673
683
687
680
667
655
650
637
626
625
627
626
625
631
643
647
650
648
650
653
659
662
652
644
645
646
649
645
643
637
634
629
624
622
623
623
625
633
635
643
640
630
616
607
605
611
619
621
628
641
654
662
660
667
668
672
680
673
664
657
648
645
641
638
639
646
648
651
647
641
632
633
631
631
640
650
668
678
680
675
663
647
636
632
632
635
636
628
634
636
638
645
640
632
622
627
639
650
662
672
679
691
699
699
680
674
680
673
683
690
705
711
718
718
722
716
694
688
686
680
669
668
667
667
672
671
671
668
667
665
667
672
660
660
654
660
662
667
676
684
670
663
659
661
661
670
670
660
654
651
647
647
646
645
640
629
622
618
623
636
643
648
651
663
679
696
713
714
704
699
697
696
703
710
706
697
694
693
703
718
727
706
697
690
705
711
723
730
725
708
704
703
706
709
702
683
680
675
670
670
672
670
657
653
652
656
660
657
661
662
671
681
683
684
688
697
703
708
707
682
674
665
670
685
698
705
694
695
688
688
673
664
659
658
661
669
673
677
686
689
688
688
672
660
653
658
664
669
671
661
659
659
664
669
674
682
689
697
696
697
694
688
683
668
664
662
673
680
694
704
693
685
682
683
690
699
709
716
714
710
693
693
693
674
652
644
648
647
652
639
633
623
615
611
602
597
591
583
574
572
568
565
563
557
553
547
545
543
539
539
539
542
542
541
544
549
552
552
548
546
544
542
542
543
550
555
558
561
559
555
553
555
555
551
554
558
557
556
552
553
555
561
571
582
595
597
592
590
590
590
590
587
589
590
590
591
588
584
579
575
576
579
583
584
578
578
574
569
561
559
566
582
628
750
870
855
837
834
814
796
772
768
747
718
707
706
721
726
706
694
697
705
712
724
752
752
756
760
755
738
739
707
694
679
657
660
682
701
701
688
687
676
665
663
659
645
634
633
630
621
613
610
604
596
594
591
592
594
597
600
604
607
611
616
624
629
631
628
630
624
618
616
611
610
607
607
605
599
598
604
617
644
698
755
794
818
834
838
825
813
797
792
790
795
792
792
806
743
699
717
759
796
784
744
740
705
692
675
681
697
716
709
711
723
730
730
705
697
697
705
719
735
739
729
720
726
747
768
784
769
752
749
725
701
685
669
650
638
624
610
604
599
596
591
585
584
578
578
573
571
569
568
568
568
575
591
613
647
677
690
694
678
671
657
653
638
631
631
627
617
610
609
607
602
596
593
593
595
597
604
615
619
627
632
633
634
629
628
620
619
614
608
603
599
597
592
591
595
590
590
589
589
591
589
592
593
598
595
593
595
595
592
588
588
592
597
597
600
597
595
594
589
583
579
579
583
591
590
584
581
580
578
579
575
574
572
574
577
579
580
582
585
587
588
587
585
583
582
578
575
572
575
580
585
588
581
575
568
567
564
563
562
563
563
566
567
570
577
584
587
593
595
600
603
604
606
604
602
594
590
578
568
560
559
556
558
563
561
554
548
542
538
535
532
534
535
535
538
540
541
541
544
548
550
552
556
562
568
571
570
574
576
568
568
570
573
578
576
574
576
576
570
568
566
566
564
562
557
560
557
553
553
553
559
561
569
581
582
590
597
607
605
605
608
605
602
603
602
596
600
595
592
592
590
585
580
575
573
577
582
585
597
610
616
618
615
608
602
598
591
584
589
587
584
587
587
587
589
590
590
593
592
588
579
581
588
605
617
604
606
604
608
602
602
591
585
581
581
579
575
573
574
572
574
577
582
587
593
604
620
625
629
631
623
606
596
585
578
577
582
591
595
594
602
604
615
625
646
666
666
668
665
659
659
667
686
690
680
671
673
677
684
686
674
669
668
651
642
643
645
638
639
634
634
636
629
624
623
633
646
675
685
671
671
661
667
674
679
666
645
638
626
627
629
632
633
635
639
640
644
637
639
640
638
645
635
637
644
646
651
654
661
675
692
714
729
740
758
768
769
768
755
737
714
703
705
716
723
706
679
665
658
661
660
667
676
683
684
677
663
655
658
656
651
651
649
646
641
638
642
655
674
677
670
658
649
645
648
657
666
671
662
657
647
628
622
629
637
644
637
627
630
636
645
654
661
650
643
643
648
653
645
646
652
664
677
681
677
663
649
647
650
650
645
643
639
625
619
613
613
616
615
612
614
623
637
646
657
653
650
649
646
652
657
665
662
653
639
630
620
617
626
636
646
646
639
638
642
640
640
647
662
675
681
680
680
671
662
662
660
661
663
660
657
651
648
651
662
686
708
720
709
701
688
675
679
679
679
686
682
681
674
670
665
668
670
675
679
679
671
672
669
667
662
655
646
644
647
652
661
663
659
652
640
632
628
624
627
635
641
646
643
630
628
626
629
632
638
644
642
643
638
641
635
631
624
628
633
644
656
659
655
645
640
641
643
644
654
669
680
672
667
665
668
675
679
676
681
688
682
673
664
660
659
659
656
652
658
673
705
740
737
730
725
702
680
666
662
660
656
660
664
671
669
667
666
668
662
642
618
610
609
618
629
639
646
655
660
664
666
671
686
705
719
712
688
684
684
697
702
697
688
677
665
652
650
658
681
705
713
719
722
710
692
668
651
644
645
641
645
653
666
685
722
761
783
784
786
775
739
718
699
679
667
664
654
643
638
640
641
648
659
675
691
691
686
683
691
702
709
719
726
713
703
706
722
733
717
700
693
685
683
685
692
707
709
708
718
720
716
707
710
715
714
695
686
672
665
663
675
697
705
699
706
720
729
732
729
721
717
711
709
703
695
688
682
686
688
694
696
687
674
670
674
685
701
707
705
691
676
668
667
671
675
677
676
671
666
664
669
673
679
678
671
658
649
648
651
654
657
655
644
640
641
644
649
649
653
660
667
675
676
671
659
639
625
620
622
635
653
664
673
670
677
685
686
666
662
656
652
649
646
646
653
664
676
690
702
705
696
688
683
681
688
699
703
696
683
667
653
645
641
641
648
658
671
657
647
639
633
634
632
630
631
639
644
646
653
654
661
650
644
642
646
650
646
651
649
652
670
684
705
710
717
740
755
761
762
744
734
739
749
759
742
744
761
773
786
783
747
739
733
732
732
744
753
739
745
741
737
726
707
690
668
674
666
669
693
727
727
712
702
697
690
704
706
719
736
757
739
740
740
763
806
822
812
775
763
761
772
787
768
738
736
743
776
811
823
810
758
738
725
729
723
724
732
743
741
743
743
754
746
747
735
715
701
698
688
688
689
698
693
702
714
723
720
713
715
716
696
692
703
732
719
693
684
694
701
707
717
730
741
753
756
755
754
755
758
764
769
749
724
713
716
724
716
701
693
701
722
755
768
787
809
812
810
801
790
769
743
734
737
745
767
761
756
757
765
766
769
767
760
759
746
718
722
716
722
714
695
676
662
647
640
627
614
604
596
590
583
579
579
574
572
569
567
568
569
570
567
564
563
563
562
559
560
560
561
559
555
552
552
553
556
556
556
560
562
562
563
571
572
575
578
580
575
574
576
579
580
578
571
574
568
563
561
561
563
572
578
582
582
578
570
567
566
568
574
577
574
570
569
576
590
609
629
658
684
704
724
735
736
731
740
708
696
703
730
789
811
805
813
834
837
825
798
787
788
777
778
762
732
727
701
669
664
649
637
627
619
611
606
608
607
604
602
599
592
586
584
583
583
583
585
588
593
598
600
601
599
599
602
606
611
611
611
613
613
615
609
610
607
606
608
612
615
623
632
636
630
626
633
640
645
642
627
618
611
606
604
598
597
602
611
620
622
617
608
604
603
601
600
599
596
596
596
599
601
609
617
626
630
635
632
630
631
634
637
635
639
641
638
630
628
626
632
643
650
652
649
639
632
631
633
632
636
646
650
661
665
666
655
637
632
629
633
632
623
621
618
620
629
639
639
627
627
635
639
850
419
613
611
606
603
604
595
596
593
586
583
584
588
586
588
587
588
588
589
591
594
596
595
600
608
615
619
616
610
599
592
594
591
595
598
599
597
597
595
590
594
598
600
604
604
602
594
593
586
583
581
583
580
573
565
563
566
572
579
595
605
614
616
623
620
612
601
596
591
584
579
579
576
575
575
580
575
569
567
563
555
551
547
551
554
558
562
554
548
543
543
542
543
540
536
533
533
538
542
551
557
559
568
570
566
564
565
567
564
563
563
560
563
567
575
574
575
588
587
585
581
584
579
583
589
589
595
603
603
598
594
594
593
592
595
596
604
606
609
612
621
636
642
637
636
635
629
619
620
626
630
637
638
638
634
627
624
619
622
638
675
691
675
662
652
643
643
646
646
642
643
638
633
634
644
653
667
670
670
676
683
685
686
689
690
685
673
676
678
669
678
679
663
655
646
639
639
634
628
629
633
624
623
622
619
609
612
608
611
612
611
603
601
595
590
585
584
586
588
597
607
624
626
632
635
633
632
629
625
625
619
613
622
622
622
622
633
636
637
622
617
606
604
604
600
596
599
600
603
605
614
628
627
623
630
629
619
612
608
606
604
602
599
595
595
592
591
590
581
583
601
621
626
625
625
619
618
609
604
601
599
598
597
598
604
607
612
614
620
629
634
633
619
615
613
608
604
601
602
602
600
604
614
630
628
627
626
625
614
613
614
606
605
604
604
600
599
601
602
599
602
602
599
601
604
614
620
629
637
647
651
655
666
662
660
659
655
645
638
635
629
614
612
609
612
617
621
620
620
627
628
637
643
641
645
646
649
644
645
641
644
642
640
641
645
650
652
665
664
658
656
658
656
654
657
658
650
642
639
641
635
640
644
657
665
660
652
646
644
644
649
649
646
642
633
630
626
625
629
630
622
618
613
608
608
608
614
624
632
637
642
646
646
642
640
636
629
617
616
610
606
604
605
608
611
612
612
615
614
610
605
598
600
601
601
597
599
599
599
599
604
604
610
616
614
612
617
620
629
642
640
639
630
636
648
669
684
688
681
670
667
655
651
647
633
627
626
628
630
637
646
656
665
657
646
642
637
634
625
620
621
621
620
619
621
621
616
621
631
649
660
655
652
649
637
627
617
610
605
606
612
621
628
634
642
638
632
632
631
631
624
623
627
635
646
656
665
671
676
674
669
667
652
639
629
619
612
606
609
613
611
613
616
631
643
659
660
659
658
658
659
657
650
643
629
619
616
625
639
657
657
649
646
648
654
663
669
670
666
656
644
637
630
626
611
602
601
604
616
628
628
627
619
617
617
618
622
617
616
618
617
618
613
614
612
608
606
600
590
582
575
569
565
567
568
568
564
576
582
578
571
563
561
563
571
581
599
612
617
630
642
639
644
652
650
648
643
626
616
610
604
594
592
599
614
627
643
655
653
647
639
628
618
615
622
633
641
647
659
667
676
672
666
653
640
631
621
609
604
609
604
595
583
582
586
599
623
652
673
679
674
676
681
679
671
667
658
640
631
626
626
620
619
628
634
648
664
680
697
705
715
699
699
697
678
669
662
656
654
649
645
641
637
635
635
642
641
644
636
626
624
633
642
643
651
656
661
661
657
662
667
673
671
672
670
673
667
670
676
673
666
660
656
661
665
660
657
659
657
651
646
638
639
642
638
632
631
634
637
639
636
632
633
630
630
628
623
622
622
624
628
623
625
626
627
627
622
618
620
624
623
620
623
623
624
621
617
614
619
620
621
619
620
622
623
618
620
624
630
636
638
645
645
646
647
649
654
651
646
646
648
651
640
630
623
620
618
612
604
600
600
604
621
630
632
630
631
638
636
638
639
641
634
626
624
625
631
627
629
626
621
620
620
621
622
626
624
626
619
615
615
612
609
612
614
617
609
609
609
607
604
602
601
596
593
594
596
600
596
592
583
582
581
580
584
591
592
586
586
588
593
583
575
572
573
573
573
575
586
593
598
604
606
604
604
596
585
583
582
581
576
575
580
586
588
586
587
593
598
594
600
600
601
597
593
590
592
594
595
595
604
613
616
611
612
618
618
622
625
628
622
625
625
626
631
633
633
636
642
631
634
627
631
620
611
610
611
609
606
606
611
601
596
596
603
615
628
641
651
658
660
653
652
648
646
649
635
626
614
604
601
604
611
621
626
638
646
643
638
637
631
624
620
611
609
611
616
619
622
612
615
620
630
628
626
635
647
662
681
715
729
729
725
709
690
662
646
639
631
624
617
616
610
604
596
591
582
576
570
562
560
563
566
573
584
605
627
646
654
657
660
661
664
662
654
648
646
636
624
621
618
608
601
597
590
589
588
590
593
594
591
594
598
592
590
591
598
597
594
586
583
587
588
592
587
580
574
572
573
572
570
567
566
565
566
564
563
563
567
572
572
573
578
584
592
594
596
604
606
608
605
604
608
611
608
605
612
612
611
606
602
604
605
604
600
601
604
607
608
613
616
614
616
619
623
618
620
619
623
621
623
631
635
632
632
633
633
622
619
624
617
612
613
607
612
617
622
629
638
637
631
626
623
613
606
598
600
605
614
615
605
594
594
596
607
617
627
633
633
634
630
633
636
635
628
621
616
617
616
622
621
628
643
657
696
714
700
681
667
656
647
640
634
638
643
640
639
632
621
621
626
632
642
651
662
668
676
687
690
676
662
645
630
626
620
618
622
628
644
662
678
688
688
673
666
665
662
648
647
648
653
661
675
674
676
678
673
678
687
683
688
694
696
682
675
669
661
650
654
649
657
662
669
675
671
663
661
653
654
654
666
663
665
668
661
653
653
654
677
707
741
773
782
776
777
775
775
779
772
714
670
658
662
667
688
678
684
718
756
796
801
819
824
823
812
798
766
752
754
769
777
771
751
743
730
725
715
709
677
668
657
651
646
641
640
637
621
616
615
614
612
604
600
601
602
602
604
603
599
592
590
594
602
608
613
609
602
594
593
593
594
594
596
597
597
596
591
588
580
576
574
578
592
624
661
682
680
679
683
691
690
670
645
639
632
628
621
612
604
599
600
604
615
621
626
627
628
625
626
628
635
637
629
632
630
626
618
606
602
605
611
624
631
638
644
653
659
649
647
641
640
625
618
616
622
626
625
626
630
631
635
636
633
629
635
638
642
638
624
619
617
620
622
624
629
636
643
644
646
642
644
649
653
658
659
654
653
659
661
662
662
660
666
672
678
672
667
658
654
648
646
646
646
650
653
657
665
665
666
660
659
654
647
642
637
636
637
641
645
648
646
641
644
653
669
685
699
701
692
687
684
685
685
684
685
675
663
663
667
676
688
693
691
665
656
650
641
634
624
613
610
616
623
625
629
635
640
648
653
651
641
638
638
646
657
662
645
640
639
638
635
636
634
632
625
625
628
632
642
656
665
671
663
652
639
626
628
634
644
644
644
651
661
668
671
674
680
672
667
667
663
651
650
645
647
650
657
666
684
708
734
746
737
717
700
682
683
676
672
656
646
639
632
633
636
646
666
694
716
738
757
774
780
773
735
713
698
699
705
713
722
717
709
708
721
737
747
736
721
711
709
712
716
707
703
697
699
704
706
711
709
705
694
687
682
690
707
724
721
677
657
641
641
649
657
654
652
646
642
642
644
641
649
670
700
729
717
688
681
678
685
696
696
692
694
702
711
721
712
710
709
708
709
688
670
661
653
650
641
641
643
652
673
694
712
716
723
729
739
753
765
770
740
712
694
691
702
720
732
729
719
707
707
703
694
686
673
657
640
631
634
642
658
687
694
695
699
706
696
691
688
688
683
677
668
657
649
646
646
651
658
652
641
635
632
640
651
670
690
703
712
706
693
686
694
717
729
716
689
677
677
673
662
659
662
674
684
693
699
704
708
711
696
686
681
685
689
695
703
698
696
696
705
726
735
723
707
701
690
678
680
691
705
709
707
703
701
704
712
724
729
723
710
700
699
706
713
721
701
690
692
695
684
665
654
643
639
633
631
636
648
659
670
681
688
683
676
677
684
685
684
674
668
668
674
684
694
703
701
700
697
688
680
673
678
677
680
684
688
687
684
687
696
709
715
708
701
704
714
726
723
709
689
684
680
676
681
686
693
690
686
687
699
710
718
728
720
710
705
698
695
696
704
709
703
693
690
692
699
707
718
714
703
698
693
687
678
663
657
660
669
680
690
687
689
695
707
715
718
706
691
678
675
680
689
684
665
658
658
657
652
645
646
650
662
672
674
682
693
707
719
724
726
727
713
701
688
680
689
717
749
763
743
723
723
722
715
698
678
670
667
668
674
686
703
725
742
758
764
745
729
717
720
725
729
729
707
695
688
695
716
743
755
743
730
723
718
700
693
683
679
672
660
657
659
665
673
688
698
696
698
697
696
689
680
677
685
694
699
697
685
673
671
675
688
709
729
737
735
723
709
697
688
683
673
654
643
640
649
675
701
723
742
757
751
723
711
705
697
689
678
667
663
663
662
663
661
651
641
631
628
632
647
668
683
700
718
724
733
735
735
735
724
711
697
691
676
664
650
648
655
673
691
706
715
728
747
758
753
749
742
726
709
694
682
673
670
672
678
683
687
688
683
677
667
664
665
672
685
701
718
728
717
702
687
669
656
649
647
651
665
678
698
708
708
692
681
681
676
664
659
654
650
645
641
635
639
647
669
691
707
706
705
703
706
700
688
682
676
665
660
655
646
643
640
639
638
635
639
649
656
657
659
663
669
674
674
676
680
682
683
682
673
655
648
647
651
659
662
674
679
676
671
668
661
662
662
671
677
675
669
662
666
672
672
672
664
670
675
684
684
685
683
686
682
673
666
660
661
662
666
665
668
673
680
697
715
713
719
722
708
701
690
688
682
681
674
676
668
654
652
657
668
689
726
751
757
756
749
733
720
725
727
726
737
729
707
693
678
674
669
665
662
664
669
675
674
672
674
685
696
700
694
688
670
661
647
641
637
634
636
639
644
648
653
655
657
654
644
642
641
646
654
664
681
706
739
763
750
729
712
698
689
679
667
652
639
635
638
643
650
663
686
719
736
739
736
715
699
686
667
655
646
642
648
665
692
704
710
710
705
700
707
705
687
665
650
633
625
614
606
599
595
593
596
604
610
635
651
677
692
693
695
699
691
684
667
657
655
656
656
657
664
675
685
682
684
684
670
677
689
705
714
700
696
688
683
677
676
675
665
658
649
651
648
637
636
667
697
716
737
751
737
711
707
698
700
699
693
690
699
716
731
729
728
721
724
705
687
681
682
689
688
683
685
673
668
664
666
662
645
646
654
676
693
688
674
658
651
646
647
654
671
691
717
726
718
709
694
682
678
684
689
686
667
663
659
661
671
683
683
681
687
688
686
687
690
693
686
687
688
695
700
692
697
698
711
728
734
715
704
690
688
692
706
714
717
696
688
679
681
671
667
667
676
678
671
669
664
664
671
683
690
701
712
709
701
694
683
681
663
653
653
666
690
686
686
686
689
685
683
692
697
698
703
700
704
705
700
682
674
674
678
683
689
694
691
686
681
671
663
663
672
687
702
700
705
688
703
718
723
726
730
742
738
724
712
699
683
668
666
672
686
697
708
722
732
730
724
718
710
695
683
677
663
655
650
661
698
749
794
807
791
788
771
757
738
730
720
718
718
729
739
756
767
761
767
785
784
767
721
691
693
694
710
729
750
762
765
764
764
752
726
716
711
699
691
690
686
690
708
725
745
754
745
720
703
694
690
697
707
716
708
701
696
697
707
704
703
702
691
682
678
675
679
692
706
731
743
737
737
743
741
721
712
717
729
738
742
748
745
730
718
730
738
745
742
726
712
707
711
717
710
703
692
688
692
701
710
715
726
734
748
762
768
756
721
707
703
700
705
718
735
725
695
686
678
668
666
661
664
658
657
646
647
651
658
660
666
667
677
677
681
685
688
699
714
723
716
701
694
696
711
704
693
695
688
680
674
672
666
663
666
673
678
679
683
691
702
715
727
717
717
713
720
721
714
717
719
713
721
735
745
724
718
705
706
708
707
708
702
701
686
688
681
668
674
675
669
674
684
686
685
677
681
688
697
693
686
686
680
687
693
690
690
705
725
745
768
768
760
742
726
717
702
686
679
675
675
668
667
670
657
650
653
654
649
644
637
624
612
610
609
600
613
612
612
611
610
610
604
600
597
595
598
608
625
645
650
649
650
646
648
646
651
661
687
714
702
712
749
745
714
686
684
680
679
677
672
673
671
679
688
687
688
687
683
687
687
680
675
676
677
684
681
676
681
694
699
703
695
697
694
691
685
675
675
664
663
668
669
676
690
708
721
715
707
703
704
704
705
696
687
680
678
685
682
680
673
669
668
663
653
649
646
644
640
636
635
636
633
639
646
654
666
676
684
698
719
728
722
707
697
693
694
689
677
670
670
663
661
656
659
667
676
681
683
691
697
703
713
707
692
688
683
688
701
698
682
674
668
658
653
657
670
686
703
715
719
719
717
715
713
693
688
692
702
725
716
694
673
667
661
654
648
653
667
701
749
774
775
775
771
761
751
743
738
731
714
692
682
681
682
690
715
752
778
783
755
748
741
739
739
739
730
719
713
709
730
757
784
823
836
815
791
778
768
750
736
730
731
729
719
709
696
670
657
657
667
691
721
727
725
736
748
745
730
717
704
690
684
684
695
720
755
769
758
744
736
724
712
700
682
668
664
669
675
688
704
708
707
712
700
697
701
710
719
721
704
686
687
701
728
763
772
766
771
763
739
709
682
673
673
681
700
726
745
761
764
755
765
780
800
818
803
763
738
729
736
749
749
734
742
756
775
771
733
719
705
702
689
696
700
704
705
709
702
688
682
676
678
683
695
709
708
705
689
693
702
704
705
700
685
687
698
708
710
710
714
721
735
724
711
712
714
720
727
732
722
710
706
709
702
702
703
701
698
701
708
718
722
713
691
698
701
695
696
700
699
681
668
665
664
666
672
683
702
716
719
712
705
698
685
674
666
667
668
669
676
687
704
715
714
711
707
697
677
662
651
655
669
702
727
731
730
719
705
694
683
674
658
646
643
640
644
651
656
659
655
663
674
700
723
729
722
713
712
718
722
725
718
694
683
671
666
667
669
670
661
659
662
677
702
711
710
713
691
691
687
681
680
679
680
678
675
673
665
656
662
653
653
662
677
693
703
703
700
690
681
669
657
654
659
672
685
692
691
693
704
707
710
706
696
690
673
670
676
691
709
729
734
720
693
681
678
682
688
694
691
693
693
704
719
722
710
701
708
715
724
729
729
714
699
683
669
651
643
642
664
699
740
776
807
803
772
759
732
704
694
686
685
672
654
645
643
648
666
678
695
700
717
726
727
724
716
698
686
674
668
669
671
673
669
670
680
693
695
700
712
713
712
717
733
761
770
760
752
754
733
719
706
700
710
730
740
744
720
699
688
686
685
691
708
731
753
765
770
773
761
761
761
756
745
728
716
706
699
708
731
739
729
724
732
748
766
758
748
722
713
709
700
707
693
701
709
712
717
735
756
759
757
739
722
716
705
696
692
697
717
712
712
716
729
742
741
749
757
776
793
799
791
776
758
757
763
771
777
763
762
777
804
817
804
766
753
752
758
759
750
737
727
710
694
671
655
652
664
683
694
703
694
696
707
721
736
738
736
747
747
749
749
740
730
704
691
690
700
709
733
732
753
764
771
770
760
753
757
752
731
714
699
688
686
696
706
715
707
705
700
699
702
705
719
738
763
780
768
760
748
734
721
698
691
688
687
688
681
671
672
685
716
749
766
752
745
736
730
727
708
704
708
717
725
740
762
781
783
774
753
737
712
691
688
689
701
721
741
738
729
717
705
689
686
685
681
685
697
724
734
730
718
716
720
728
729
728
726
724
709
688
681
679
679
672
660
661
672
686
707
714
711
712
711
718
707
680
666
665
666
664
660
658
654
654
669
703
753
803
832
836
835
817
797
789
764
738
736
748
772
788
763
724
706
696
694
687
693
712
745
776
792
785
782
788
788
781
774
759
734
721
721
729
746
753
735
716
715
726
749
775
786
782
791
804
815
824
787
743
726
720
709
709
720
725
720
711
701
704
708
720
717
730
741
752
763
748
732
730
741
759
762
769
764
762
745
734
741
753
770
768
764
769
765
760
746
745
749
755
748
736
731
726
721
705
694
695
708
728
720
723
708
703
701
710
729
748
749
713
693
695
718
756
797
817
836
841
845
851
859
860
868
886
901
860
807
795
811
774
750
739
719
697
698
720
741
756
739
750
750
771
785
780
764
773
786
814
826
822
810
803
765
769
758
772
788
807
815
812
784
779
767
747
733
732
734
737
728
718
706
713
728
751
767
768
768
770
774
777
770
760
734
735
751
772
794
802
806
808
810
793
762
747
739
734
747
766
781
795
786
770
756
760
771
805
829
849
838
817
799
798
786
769
765
749
734
744
765
790
771
767
770
761
765
781
796
791
811
785
765
759
741
725
727
725
726
723
719
709
707
691
693
693
698
711
727
743
747
740
736
755
759
766
763
752
730
719
717
717
731
748
762
760
727
714
707
707
710
709
694
687
688
687
688
688
695
713
740
729
711
709
704
695
680
669
665
671
681
689
700
711
726
719
710
713
724
721
721
720
711
701
687
688
694
702
706
713
712
694
688
687
682
689
700
702
707
697
676
676
665
654
646
646
661
684
705
727
730
741
756
761
767
774
775
786
777
731
701
686
682
686
691
703
711
702
704
713
712
711
707
699
700
691
689
688
676
687
698
705
724
733
741
736
723
713
716
724
731
746
771
783
776
753
739
718
699
693
686
688
686
693
704
705
709
723
734
754
768
753
745
743
744
729
733
737
735
728
737
739
739
728
730
728
723
710
711
716
723
730
743
746
734
732
736
747
756
733
706
701
691
692
678
673
679
688
700
713
733
737
727
727
734
747
768
782
766
737
719
716
718
720
711
712
715
715
716
708
696
693
681
672
660
664
669
676
679
680
676
676
678
683
679
676
685
700
706
691
690
697
694
700
704
705
682
681
680
681
685
697
703
713
732
752
772
782
777
751
737
736
740
741
729
715
703
710
727
745
753
763
766
756
745
741
722
709
707
706
711
718
728
723
719
722
729
726
708
694
692
700
695
691
702
717
729
720
720
719
734
746
734
711
706
702
703
702
686
684
688
697
714
715
729
741
760
763
771
771
769
770
762
754
743
726
729
747
773
804
789
766
764
775
794
811
808
808
814
813
810
798
776
761
756
770
780
787
778
766
768
765
762
762
761
753
746
748
757
754
754
741
729
733
741
753
757
752
737
732
730
736
746
737
723
710
710
705
701
695
688
706
723
748
768
768
761
756
753
741
737
739
737
729
728
726
704
691
681
664
655
654
666
686
702
712
716
711
715
715
702
687
675
672
671
675
679
692
715
735
747
747
740
747
757
752
760
756
750
740
749
744
755
757
771
771
764
771
761
744
732
738
739
736
729
727
723
711
712
704
706
703
704
709
716
728
727
721
729
731
742
739
735
716
717
707
706
701
706
701
694
700
705
700
704
710
726
737
733
734
719
719
712
701
707
715
728
752
771
772
760
762
756
734
718
725
732
737
736
736
730
729
717
707
691
682
667
669
668
665
681
691
698
713
729
717
718
724
722
707
704
703
696