903
895
858
828
820
833
840
831
829
845
858
858
835
838
837
841
830
839
864
876
888
888
907
913
907
904
893
885
885
893
887
896
920
915
902
902
896
900
911
905
871
861
861
860
865
899
911
919
918
898
883
876
869
882
893
883
889
879
900
920
917
914
923
924
919
920
906
887
890
894
906
900
894
909
908
918
917
902
875
867
872
874
864
863
862
863
870
869
866
873
886
874
857
876
880
877
880
872
863
855
849
863
880
882
909
929
920
901
872
859
849
849
843
826
850
839
790
764
751
739
726
711
709
703
699
698
699
700
700
704
706
709
722
744
769
803
833
845
822
812
810
784
759
740
723
708
701
698
694
684
684
681
676
679
679
676
674
672
664
662
655
648
632
633
624
617
611
607
604
598
595
599
597
599
605
610
609
610
605
614
613
616
617
619
621
617
619
622
623
621
626
637
654
663
682
693
706
703
718
741
768
802
841
871
901
923
936
941
910
837
816
834
849
815
807
816
844
841
835
884
908
923
894
880
894
878
851
830
821
813
798
807
823
853
850
874
922
975
967
961
939
893
837
785
756
740
734
738
751
769
790
822
837
839
822
796
791
780
785
796
788
766
746
736
742
769
803
811
791
774
764
756
756
747
735
734
744
740
733
734
758
821
884
890
915
953
975
955
911
864
869
883
922
913
944
1000
1011
981
982
972
958
921
921
916
915
917
896
890
910
908
919
896
864
858
807
786
783
781
792
798
800
784
786
779
779
782
783
787
783
777
774
770
767
771
754
753
773
825
889
910
882
897
918
916
903
913
918
925
910
885
887
907
915
920
896
910
917
908
888
863
846
810
793
794
795
788
778
784
783
781
787
792
795
791
784
769
763
786
832
887
926
932
911
927
940
951
932
876
847
847
870
901
908
915
937
950
943
922
933
928
927
911
896
911
918
930
934
903
855
823
798
788
784
780
772
762
754
749
747
759
769
777
777
772
768
764
771
786
780
772
768
768
752
739
733
729
729
724
721
731
746
769
809
873
929
916
895
843
839
862
898
910
909
958
980
990
980
936
933
920
916
917
904
901
915
920
923
930
918
912
928
916
923
910
885
913
912
908
898
935
896
829
796
783
772
767
755
742
733
729
733
738
741
747
752
753
753
760
769
769
769
766
757
754
748
748
734
723
722
728
758
792
794
777
772
787
832
899
920
906
915
946
981
987
970
970
958
955
922
909
905
912
896
885
904
901
902
878
886
879
877
866
876
909
918
920
917
901
920
938
933
908
919
928
919
918
936
944
945
922
917
931
937
918
879
881
888
902
885
871
871
862
861
856
883
904
910
880
875
867
856
849
843
862
859
867
855
842
869
841
822
828
864
879
878
880
918
931
926
896
891
886
830
790
770
764
770
781
793
780
772
771
767
763
760
760
764
766
762
762
758
756
756
759
768
774
770
762
773
782
798
804
779
754
743
736
730
727
724
725
729
737
766
817
875
907
948
977
980
957
922
913
908
908
907
896
927
960
974
963
948
942
916
884
884
904
902
872
852
871
832
798
776
774
778
768
755
753
763
771
777
790
843
896
918
910
912
930
925
943
932
934
945
955
935
927
942
948
955
935
926
947
933
903
924
928
938
919
916
949
939
913
910
906
935
901
847
813
813
807
786
778
770
767
773
783
795
844
901
958
946
963
980
979
966
939
958
965
935
916
905
909
907
896
935
942
959
965
906
891
896
902
917
917
962
979
942
911
899
850
811
792
783
802
822
803
799
827
863
889
886
886
916
922
938
917
914
915
924
923
913
897
872
881
870
872
901
916
929
920
877
876
877
886
882
877
908
926
914
885
867
880
877
861
883
875
859
839
832
861
867
865
849
854
856
859
850
876
913
940
929
910
945
947
932
888
893
881
883
879
920
892
885
855
883
872
855
847
855
870
393
483
850
845
846
823
826
813
815
853
888
903
880
905
926
944
927
920
948
957
954
920
925
937
946
958
930
906
914
907
912
889
875
917
914
901
882
912
885
859
836
854
857
851
835
839
879
867
864
843
854
869
868
846
833
866
867
878
873
903
897
902
881
864
896
915
915
897
902
929
928
921
886
905
906
898
865
853
876
874
882
861
867
895
888
865
835
842
831
824
807
799
831
845
865
846
851
883
891
887
872
889
869
858
834
821
836
835
854
822
795
775
762
767
773
787
796
802
809
787
778
768
759
753
744
740
736
741
742
738
729
721
719
722
731
745
761
750
739
739
733
735
739
735
721
709
699
694
696
703
713
721
727
725
713
711
710
715
736
750
770
778
773
791
822
857
860
841
831
865
870
893
880
873
854
838
834
825
799
794
813
843
861
854
851
837
862
870
882
881
913
934
937
927
938
947
947
926
938
968
972
961
952
956
953
946
893
865
849
826
807
804
815
850
901
925
927
953
979
980
953
941
952
972
961
938
944
953
968
949
956
969
972
938
905
886
863
850
848
859
860
865
847
843
832
823
796
775
752
750
735
724
714
706
706
705
712
746
814
878
933
959
968
940
947
944
948
937
943
946
942
938
926
895
927
965
971
954
959
912
888
864
862
845
853
850
827
832
852
873
860
841
856
876
884
876
910
883
872
857
870
913
940
952
962
942
930
929
930
911
881
895
899
904
888
879
907
913
911
884
872
890
882
880
872
891
903
890
859
815
793
777
769
764
759
746
737
732
730
735
742
747
747
747
748
755
757
753
752
746
738
729
728
722
720
721
719
718
729
772
836
865
869
860
896
916
941
937
935
956
972
973
944
944
940
938
922
918
925
907
880
834
816
805
809
804
791
803
814
839
841
840
877
910
938
924
936
959
965
943
945
968
988
985
975
995
993
976
939
941
908
887
880
922
940
921
928
944
938
904
902
902
876
850
839
830
824
807
785
799
817
830
840
856
902
935
924
930
943
953
928
939
952
945
940
916
903
908
913
912
895
929
934
935
903
883
899
878
892
878
897
912
937
933
918
944
960
937
890
906
886
879
866
914
925
931
909
941
924
901
866
852
853
839
828
815
828
864
862
854
843
873
862
831
815
857
880
896
872
862
882
891
880
845
849
840
857
864
865
918
938
945
913
903
929
925
897
911
932
942
909
895
921
903
864
862
837
826
816
817
795
792
788
783
788
791
787
823
848
880
889
870
895
905
923
911
925
951
966
972
948
933
954
958
940
915
943
959
952
957
940
909
929
933
932
933
908
891
912
900
871
854
885
882
866
871
870
860
835
842
869
857
849
832
823
817
808
807
796
795
794
796
823
827
844
898
938
951
917
907
912
916
897
895
921
928
938
916
917
923
922
933
913
894
909
917
907
896
887
918
930
932
915
893
920
927
944
931
903
862
846
832
842
820
813
837
841
846
845
896
913
938
926
895
914
911
892
861
856
885
899
914
899
883
916
923
909
906
928
927
902
929
919
904
872
868
909
897
880
870
859
859
873
841
830
868
879
865
860
894
917
914
890
928
939
930
897
916
928
919
898
870
887
867
839
855
881
878
872
862
878
881
876
862
843
848
843
843
821
825
852
858
849
847
896
914
878
868
882
873
844
839
875
869
875
854
880
896
905
874
876
890
871
839
831
872
847
830
829
863
868
848
823
822
856
861
843
841
885
899
896
869
905
896
896
873
863
901
896
886
854
847
873
855
845
828
827
804
799
804
794
785
813
821
850
869
869
916
945
956
922
927
942
929
889
849
851
854
875
896
864
861
883
898
909
891
878
903
920
911
893
878
919
915
920
902
880
907
885
856
837
821
825
829
825
810
805
796
791
788
779
789
821
849
883
874
869
894
907
917
901
887
910
912
897
872
883
866
846
821
842
846
869
873
863
890
865
852
844
860
852
854
830
821
840
829
816
804
796
811
809
807
809
856
869
871
854
858
869
871
862
849
886
897
908
878
869
888
886
879
848
843
856
868
869
876
875
873
860
846
867
877
889
873
864
879
865
860
837
841
843
832
822
810
835
838
852
839
838
859
852
852
839
847
878
882
874
861
870
860
862
840
835
856
865
875
854
872
862
855
831
819
819
808
796
781
785
793
788
775
766
776
798
825
844
849
870
896
907
900
879
893
892
886
872
865
892
889
896
874
855
867
833
825
805
795
792
792
803
808
796
812
828
839
838
828
853
862
878
859
857
877
871
884
869
862
888
876
882
855
851
864
866
855
841
864
884
890
860
857
869
869
854
846
859
840
830
816
808
804
798
811
800
794
799
790
789
785
793
819
845
876
881
901
934
949
913
891
908
910
923
927
895
862
865
868
887
857
852
882
861
859
838
834
863
876
901
885
889
923
925
911
882
905
888
880
875
861
889
894
908
884
876
910
906
871
862
868
850
828
830
840
821
814
800
799
787
775
767
756
747
745
737
730
728
721
724
747
787
837
870
870
891
892
891
881
864
897
914
925
914
923
948
965
939
928
937
949
950
911
889
946
917
866
830
820
808
817
824
807
841
853
861
852
876
899
917
898
886
924
943
944
922
944
950
959
953
918
917
944
953
928
900
932
922
896
868
899
899
896
887
890
865
841
834
835
823
822
811
811
822
809
787
779
788
807
825
832
869
889
921
920
916
935
935
928
905
926
936
945
946
921
889
918
931
943
920
882
912
905
906
887
928
923
923
886
875
896
873
841
853
896
905
885
878
921
929
896
909
927
911
874
897
902
902
877
875
914
918
893
878
913
915
914
873
877
912
917
881
869
903
922
871
828
811
793
773
754
738
726
717
715
713
710
711
713
726
733
740
764
796
836
873
904
897
883
898
921
922
932
904
850
810
789
804
801
777
778
820
861
917
938
926
953
993
1004
1002
970
965
970
951
980
998
996
967
965
969
978
979
957
958
968
956
961
939
912
856
820
809
797
791
777
771
766
760
756
754
770
795
821
882
911
946
989
1006
983
992
994
986
976
947
947
944
939
919
919
934
949
939
933
932
927
907
879
876
895
920
891
882
859
843
837
828
850
923
956
970
963
984
982
961
938
949
953
932
922
912
889
854
832
854
862
878
857
853
864
859
847
853
876
875
856
861
851
856
867
858
850
877
890
899
879
875
891
888
885
883
925
944
941
926
900
893
896
876
882
903
916
900
881
889
907
912
882
892
870
846
843
881
876
870
867
858
848
843
814
799
809
796
785
787
802
822
838
845
840
877
898
914
890
901
928
917
873
847
857
854
873
876
881
908
917
896
895
897
896
870
864
884
856
830
822
832
821
816
798
791
793
793
790
782
810
823
848
835
841
854
858
846
835
854
858
870
855
868
908
915
913
884
884
881
869
870
845
824
851
859
876
863
862
868
857
842
831
863
858
847
844
847
844
839
819
835
859
859
832
822
844
854
850
846
869
860
845
822
830
862
885
882
864
896
905
914
888
872
905
913
910
882
882
875
885
867
855
890
896
904
884
847
849
839
843
833
839
868
878
888
867
857
876
872
858
830
820
830
835
842
854
886
897
885
894
911
894
854
838
841
839
817
798
777
769
765
772
776
777
806
841
883
906
899
920
934
941
916
915
924
927
907
913
929
948
954
923
914
894
895
871
876
878
875
865
859
895
893
886
859
844
870
870
858
841
860
859
852
828
825
853
857
854
836
831
853
847
838
829
861
862
874
858
859
895
908
900
865
888
878
870
847
854
902
871
855
834
838
853
864
854
835
876
882
885
860
882
882
859
856
868
847
829
817
839
846
865
848
849
883
901
889
872
893
885
881
851
856
867
883
888
866
897
896
862
854
876
869
847
842
853
846
833
811
804
832
821
797
784
771
755
736
716
705
692
681
672
666
665
669
675
670
681
681
680
680
677
676
686
711
747
789
826
858
883
897
898
908
896
892
828
834
869
918
932
876
886
881
896
901
916
945
938
932
907
896
906
927
934
941
911
919
901
886
896
901
891
861
832
822
806
791
775
810
817
848
844
873
917
945
950
947
965
977
963
978
995
994
980
955
954
955
926
895
928
923
909
883
903
932
921
868
842
852
841
828
814
859
866
895
872
899
919
938
924
902
932
932
897
867
887
893
894
866
891
921
935
927
916
933
923
893
903
896
852
826
854
816
800
818
812
809
795
797
814
834
835
809
817
829
847
840
838
865
886
898
892
921
945
952
932
913
946
949
943
924
901
917
896
874
871
855
880
879
887
877
894
899
902
921
958
939
901
851
840
833
833
813
793
787
776
790
812
851
906
943
952
945
979
978
938
923
904
875
854
852
836
803
775
761
740
703
677
672
690
760
808
791
805
836
859
871
867
838
799
793
788
766
742
740
727
731
742
748
755
778
809
851
883
870
855
881
899
923
939
942
924
897
896
905
925
945
930
905
916
930
945
945
919
878
870
877
887
895
876
868
886
913
916
903
904
909
913
919
897
899
913
918
915
903
905
922
933
934
932
929
916
924
918
927
938
925
915
923
929
925
908
924
923
917
895
874
900
881
882
854
835
830
808
796
785
782
791
806
837
842
854
895
922
944
944
930
945
954
945
921
925
920
919
916
904
918
922
920
930
916
903
902
894
896
904
907
936
941
936
912
896
920
931
930
925
905
896
889
881
868
856
873
871
868
863
854
861
865
872
862
848
855
846
845
840
843
865
866
858
837
851
844
853
856
849
882
869
872
861
872
895
897
888
893
916
911
884
870
866
847
844
821
817
818
819
818
808
816
824
838
852
851
872
880
892
897
886
895
901
907
905
881
855
861
863
859
855
857
887
913
939
931
916
933
935
937
918
896
904
903
892
881
904
899
907
891
889
916
924
925
889
886
874
855
852
891
895
896
886
858
862
849
832
827
829
822
825
821
820
849
871
897
891
893
912
927
911
896
892
882
871
847
840
867
880
877
877
880
873
905
908
912
889
874
880
859
852
840
845
883
882
875
868
857
869
854
830
813
823
810
809
802
798
830
841
861
863
859
890
892
897
878
894
894
900
901
889
897
915
941
951
919
927
933
936
924
969
961
950
913
900
934
908
870
840
848
846
850
832
826
848
849
859
848
880
898
918
903
930
948
956
937
905
917
909
915
903
922
936
935
915
871
862
849
832
821
826
814
826
835
847
838
845
877
883
876
875
873
837
808
796
788
778
773
779
807
831
855
852
876
899
906
902
892
913
912
912
890
882
903
897
895
879
896
895
905
894
865
862
861
861
859
849
858
866
862
865
858
880
876
869
845
845
853
836
817
818
823
814
817
813
805
834
822
833
824
830
853
853
859
852
869
873
867
845
844
832
815
810
820
825
823
828
851
851
862
849
846
849
832
835
834
832
864
856
859
844
860
866
868
857
848
879
872
876
845
834
850
842
843
827
834
849
856
854
834
823
830
830
826
812
813
819
824
819
818
835
833
825
815
821
822
816
808
802
806
803
801
800
809
816
820
821
823
844
844
839
837
836
831
814
811
819
805
798
811
847
845
828
815
809
791
771
750
739
738
743
751
753
756
769
772
788
797
801
833
847
857
851
846
843
842
836
825
830
832
840
831
822
820
817
819
835
848
865
873
885
917
917
910
890
873
868
851
846
832
836
871
867
865
876
841
836
805
799
798
796
800
813
816
838
839
842
861
848
840
854
839
827
826
837
828
818
820
845
829
822
844
829
811
806
810
786
763
747
741
729
713
703
710
725
751
764
769
783
783
784
774
771
772
759
743
736
743
742
751
751
762
777
784
787
781
801
788
787
793
791
793
803
804
810
805
804
815
809
799
794
789
776
796
791
798
830
850
859
893
900
889
908
896
878
883
866
846
841
838
833
827
851
846
840
843
858
843
833
830
844
813
795
793
774
774
773
792
803
825
834
834
861
859
859
847
847
844
832
819
823
824
813
805
814
805
797
791
795
791
786
791
784
783
780
780
789
788
790
789
789
793
803
807
820
834
853
843
834
841
828
813
808
816
800
791
790
802
800
797
797
803
789
782
786
770
769
769
765
760
767
771
772
785
786
787
785
794
794
782
791
784
777
778
788
795
800
812
807
801
798
806
795
788
778
773
768
777
777
777
782
792
791
791
798
810
807
802
810
799
788
780
780
767
762
771
761
754
750
753
757
754
757
773
783
788
788
791
795
782
759
732
727
711
708
707
701
702
711
716
727
735
738
753
760
766
764
756
757
753
744
736
731
739
742
753
766
779
794
813
820
815
824
822
829
823
819
826
829
831
825
839
843
846
843
829
843
833
826
814
814
808
797
793
793
788
783
794
799
802
803
815
815
810
806
815
812
811
801
791
797
795
791
789
800
804
809
806
826
832
838
828
834
822
811
796
801
793
788
786
800
799
797
799
803
801
796
798
792
783
770
771
760
754
747
755
758
760
759
775
777
787
786
791
799
801
795
793
801
796
789
779
789
785
786
793
796
792
791
801
793
793
790
779
783
773
763
757
759
753
748
752
758
763
761
766
788
792
798
796
788
802
789
785
775
769
786
781
782
782
790
788
780
769
767
774
769
758
750
750
754
752
745
747
764
763
762
768
773
765
765
770
764
757
763
752
741
747
758
783
818
860
860
867
884
868
850
852
839
819
810
804
787
782
783
777
784
812
819
826
830
848
846
854
852
834
829
808
797
788
792
800
816
819
814
818
824
840
835
832
820
820
821
811
799
794
812
804
801
797
804
808
796
778
772
760
743
729
714
715
725
740
753
760
763
780
776
764
751
744
730
716
704
704
712
744
782
809
823
851
862
881
875
862
844
847
847
849
843
837
855
859
865
863
861
879
861
846
850
868
862
859
851
867
854
845
837
848
854
854
856
859
857
850
860
857
842
857
848
838
837
855
847
843
849
842
828
829
841
824
812
812
824
817
812
808
815
821
818
813
825
820
813
819
801
791
791
781
767
764
758
747
747
751
762
766
773
771
779
771
756
744
744
741
746
752
752
761
771
775
777
771
775
795
794
798
794
792
811
801
804
798
799
809
794
795
782
771
773
767
763
743
736
729
724
729
745
754
775
821
876
921
905
892
892
890
887
871
862
874
873
873
863
860
867
868
863
851
858
848
833
838
830
830
832
830
849
847
847
849
850
840
826
830
830
833
848
847
859
844
822
813
799
786
773
771
772
771
786
791
792
813
832
853
858
850
849
850
845
850
846
840
858
857
856
865
841
815
802
794
778
766
760
767
764
771
776
791
804
810
803
805
795
786
770
757
763
764
773
773
779
799
809
824
819
812
823
829
838
837
827
838
833
835
833
830
850
848
845
848
842
836
849
847
856
860
856
858
852
850
842
860
854
852
843
852
851
858
851
851
857
850
852
849
855
881
873
854
848
854
843
828
832
824
813
801
813
808
803
805
823
824
818
831
831
823
825
830
823
812
809
816
813
804
806
826
825
822
821
825
814
795
787
803
784
766
759
755
733
709
694
687
684
685
679
673
670
668
669
683
711
736
754
771
790
809
820
829
834
826
820
824
828
824
827
827
833
855
881
899
883
878
886
896
904
882
878
896
911
906
885
894
891
878
871
891
896
889
885
901
902
897
895
897
897
897
909
896
886
887
868
858
867
864
854
867
854
849
852
839
832
849
839
826
824
834
821
818
819
839
831
824
826
834
822
814
819
811
809
818
811
803
816
810
810
816
813
820
827
820
804
819
814
812
828
854
855
870
892
881
866
868
852
842
827
806
793
803
791
786
794
814
812
813
819
848
832
819
810
819
810
793
785
790
778
770
777
769
766
776
768
762
770
767
761
764
782
781
782
788
801
803
800
798
812
803
797
786
785
787
785
774
773
779
768
771
763
768
765
761
771
769
771
784
784
787
803
801
795
792
803
791
780
779
783
778
776
781
771
761
759
749
741
748
749
747
753
769
768
769
773
780
776
771
762
770
765
758
752
760
752
749
746
754
756
752
745
750
747
741
733
733
728
719
719
717
712
716
721
722
730
733
736
747
744
738
738
735
730
736
749
749
750
766
765
764
763
747
748
731
717
714
704
698
695
700
708
715
730
742
749
743
738
737
740
733
718
708
700
699
693
684
681
688
689
694
697
707
714
725
733
740
745
753
763
765
759
758
770
769
774
776
777
796
796
804
806
807
823
824
818
824
842
836
826
828
841
843
832
833
839
836
829
817
813
829
822
810
812
823
816
814
818
831
825
820
827
829
817
818
838
833
822
820
815
815
809
794
806
807
797
795
791
805
802
792
796
815
808
800
799
813
809
802
802
813
804
799
804
798
788
794
802
807
806
817
828
832
827
831
839
836
818
822
838
834
827
822
828
800
786
776
755
732
719
711
713
723
740
756
756
770
780
794
814
807
809
837
854
878
875
865
884
896
895
886
869
870
886
897
909
898
924
899
889
872
877
884
884
872
856
868
871
859
860
886
883
895
893
908
902
896
869
865
861
853
843
863
860
863
860
862
888
893
891
883
902
897
887
866
864
854
850
853
851
842
844
875
876
878
887
915
919
896
896
896
879
858
879
865
844
831
841
837
833
814
820
828
827
812
800
814
809
798
802
807
801
800
795
810
810
802
798
807
809
810
814
840
844
846
839
854
850
850
834
840
836
822
810
803
819
844
875
893
890
886
900
893
869
855
864
850
838
829
849
852
857
857
882
876
863
871
853
847
853
837
839
837
831
827
841
841
840
839
856
854
851
850
872
866
870
859
861
875
872
859
845
859
853
836
826
831
825
817
813
826
829
820
838
837
830
823
836
834
834
819
810
827
826
818
821
842
837
835
819
824
806
801
799
788
780
782
777
771
758
765
780
805
818
848
850
840
859
867
860
854
881
866
854
859
886
862
840
818
783
780
755
736
724
714
707
699
700
706
712
725
736
755
771
794
804
829
863
893
907
896
871
876
889
883
862
866
869
879
883
886
928
963
970
942
933
936
929
898
880
908
916
907
894
891
875
870
856
867
867
857
849
872
870
865
879
884
866
855
869
863
866
869
867
870
875
874
879
864
860
874
873
872
857
869
859
850
849
857
878
865
864
878
886
873
874
892
897
896
882
893
877
861
861
868
868
860
866
864
854
845
855
840
818
812
824
818
813
811
820
813
817
806
803
811
806
795
788
796
792
804
808
825
852
837
831
819
812
829
815
801
799
818
815
825
806
792
811
813
833
836
829
850
862
893
889
874
885
882
888
888
876
895
880
871
882
868
863
858
875
876
875
881
904
896
887
880
880
883
901
900
923
941
963
968
979
963
937
918
914
891
875
856
837
842
835
857
901
888
897
912
907
896
913
896
871
852
854
830
823
834
814
814
818
811
830
870
883
912
946
953
942
917
908
898
878
856
854
830
808
791
779
786
782
786
798
815
822
822
818
823
827
834
830
834
851
856
868
882
877
852
830
808
813
801
802
803
823
833
832
835
841
816
783
771
759
741
720
710
709
710
718
727
732
757
786
820
844
846
870
876
893
895
879
895
910
906
898
910
903
902
883
866
880
885
884
876
876
884
895
892
888
874
891
885
870
866
896
894
875
875
875
928
791
880
881
872
863
879
874
865
877
889
893
890
901
900
882
888
877
866
858
852
835
833
838
825
828
826
813
800
812
811
818
859
883
923
955
928
919
892
868
849
838
824
812
814
824
833
850
820
818
812
843
884
892
915
935
939
927
923
914
907
889
863
864
851
855
855
856
887
895
911
907
910
901
890
867
872
867
871
865
867
894
895
901
884
897
892
886
887
867
863
876
866
861
886
891
896
892
914
910
913
893
911
906
895
870
876
871
870
858
867
870
875
869
864
878
876
882
872
878
892
887
876
865
870
866
858
845
849
859
862
850
850
871
867
854
852
865
854
836
827
831
826
812
805
813
811
805
805
811
806
801
816
811
809
790
793
792
794
792
798
834
854
890
900
902
877
892
888
874
851
847
832
817
811
802
793
794
792
792
804
809
811
832
824
825
831
833
818
812
792
783
764
762
786
873
985
988
994
1010
1000
963
952
945
936
916
904
914
917
935
924
921
909
920
921
916
920
896
886
883
869
866
858
863
865
848
830
819
836
854
883
913
901
893
899
896
895
874
870
858
846
843
839
836
855
852
853
848
840
853
852
849
846
858
850
845
864
862
875
874
874
888
882
864
860
861
849
840
824
840
843
848
838
854
852
850
832
835
828
825
816
817
829
832
830
831
839
850
854
841
833
819
815
808
804
806
801
801
801
817
851
877
897
885
878
889
903
903
890
908
905
894
896
905
916
915
902
925
924
929
918
910
919
910
888
879
896
892
887
883
898
900
903
890
890
883
884
864
873
870
862
861
878
882
871
894
897
901
887
906
899
895
876
864
870
865
866
856
876
873
866
865
882
883
875
864
882
876
873
858
865
885
887
873
872
889
892
881
873
892
874
872
857
852
857
855
846
852
877
863
846
842
854
829
819
809
822
832
846
854
852
847
858
863
882
888
903
923
941
948
929
923
906
894
887
879
913
931
948
960
922
880
880
899
926
951
959
940
926
929
919
884
860
869
863
867
860
877
889
892
880
883
896
885
857
849
860
854
844
836
854
863
859
858
873
862
856
866
863
854
862
854
849
854
859
855
869
885
900
909
938
939
935
917
909
909
895
888
897
898
909
902
917
918
920
903
900
899
894
888
875
888
881
876
871
894
888
878
870
874
866
856
832
822
822
802
801
801
820
852
861
884
876
860
868
862
850
836
830
827
826
813
810
826
826
829
827
852
862
887
872
849
850
844
834
831
813
813
799
813
810
820
841
852
845
847
857
870
859
843
848
841
826
817
813
812
812
802
812
810
812
804
825
839
855
861
850
858
854
849
836
815
825
823
842
851
860
872
858
848
855
850
846
830
835
832
832
834
849
851
853
853
870
867
875
855
858
864
876
877
909
922
901
865
842
849
836
830
837
862
859
856
840
854
844
824
816
827
813
792
788
785
778
766
771
773
778
779
787
805
813
816
809
827
838
868
878
852
865
861
848
847
854
855
856
843
839
834
827
817
805
797
787
781
800
841
903
975
991
983
1013
996
948
921
936
926
917
944
936
938
925
950
955
929
945
939
918
917
902
889
881
915
915
918
903
920
916
915
891
906
902
914
909
927
931
922
897
916
893
877
860
875
868
873
865
888
877
878
864
861
885
878
867
865
867
863
852
864
880
881
869
875
896
898
893
917
908
914
893
909
902
896
904
936
933
908
904
903
894
880
888
875
863
859
868
827
802
785
762
755
747
782
868
980
1023
1022
1023
1014
983
973
958
938
924
924
909
894
891
891
910
931
934
931
943
950
964
953
931
926
929
928
917
940
931
911
925
924
936
928
950
946
949
942
935
943
937
917
908
900
884
896
882
875
874
874
894
911
919
931
967
961
932
901
877
832
813
790
803
846
900
969
1010
1018
978
994
982
953
926
934
920
915
902
876
874
875
880
879
874
897
893
889
880
879
897
896
878
861
866
838
826
817
818
831
833
823
825
844
853
854
869
898
904
892
890
903
914
919
896
913
918
922
930
913
926
914
916
908
885
918
906
908
884
888
916
916
908
892
911
898
891
865
844
833
808
827
841
844
874
890
881
876
906
895
879
867
870
860
849
844
853
864
871
882
909
908
868
836
813
776
737
725
705
685
689
682
675
668
665
659
648
644
640
640
637
637
638
646
661
683
706
731
762
786
820
812
786
779
799
823
823
804
807
854
963
1030
1050
1083
1081
1083
1053
1075
1074
1062
1031
979
983
1001
1016
1035
1040
1040
1006
1035
1014
1014
1007
977
933
936
956
958
928
908
924
953
935
893
911
936
979
1009
987
973
992
991
990
957
910
934
949
987
1018
980
979
1017
1012
1021
971
937
946
908
847
811
803
833
923
898
966
1021
1005
972
1024
1035
1025
1011
1029
1000
1003
984
985
1000
1005
992
995
987
989
982
976
960
938
941
941
943
929
955
948
938
921
907
883
869
873
856
849
868
876
866
901
943
965
955
982
985
970
907
886
898
902
942
982
1007
1013
999
1006
1009
1011
987
946
961
960
951
927
933
932
945
942
950
965
965
944
962
958
962
950
957
958
971
987
973
971
977
972
979
954
952
988
979
957
963
966
985
981
942
943
956
947
942
944
962
939
926
935
973
991
1011
994
995
1004
1003
972
938
946
945
952
934
943
969
981
959
986
990
1000
999
985
976
972
952
947
966
978
996
958
915
905
897
899
879
895
923
936
956
953
971
976
983
956
944
956
952
943
928
946
954
944
987
1013
1021
990
974
983
983
938
889
879
878
878
876
902
914
947
957
963
979
989
982
963
981
986
992
968
984
955
949
930
941
979
985
979
941
909
897
894
879
870
882
897
920
909
938
965
980
990
967
972
969
953
960
973
958
956
995
983
991
960
943
927
932
938
901
873
850
840
807
789
785
809
880
935
943
994
996
1012
1021
1024
1001
996
997
996
1006
972
966
997
1013
1040
1049
1054
1009
1008
1016
1026
971
921
890
921
957
952
920
915
938
959
950
930
979
965
968
970
990
1008
1012
1012
931
864
837
826
902
1031
1062
1036
1043
1048
1049
1048
1059
1037
973
978
984
999
1007
993
986
971
945
947
963
1001
1021
980
953
968
973
962
955
975
973
961
957
959
961
934
967
967
954
936
965
973
964
950
949
891
912
968
895
844
839
865
913
970
1002
1005
1064
1052
1058
951
883
848
820
793
782
802
861
919
965
1014
1021
957
926
935
952
967
972
963
959
994
1004
1007
1023
1033
1024
1013
1002
963
886
890
911
906
956
883
876
916
875
830
809
787
749
741
725
713
705
696
690
682
678
674
670
662
659
656
652
651
657
676
721
771
812
825
841
862
877
912
924
905
898
951
1016
1052
979
872
854
886
944
950
973
1053
1089
1087
1043
1063
1070
1071
1060
1077
1086
1093
1088
1080
1095
1089
1090
1051
1063
1070
1042
996
948
941
942
902
885
878
889
875
899
958
977
997
1030
1058
1038
1028
1040
1034
1038
1037
1005
1022
1026
1050
1067
1037
996
984
998
1009
952
947
964
981
991
1014
1050
1065
1060
1040
1057
1049
1046
1018
1032
1018
1022
987
979
1016
1028
998
991
955
951
924
891
885
892
909
903
932
974
979
961
981
998
985
970
993
996
995
974
990
1005
998
980
1005
1016
993
977
996
981
978
925
901
900
905
909
902
938
954
962
954
1012
1021
1021
1010
1018
1029
1043
1028
1010
1017
1008
999
962
969
915
889
930
994
1014
978
1020
1029
1023
993
1025
1004
984
949
975
977
972
964
1003
1014
980
1006
1002
968
944
986
978
977
937
917
924
939
913
876
862
862
863
905
916
960
999
1026
998
1017
1025
1017
994
1010
1019
1027
1005
1010
1004
1002
959
964
973
959
913
928
974
994
956
983
994
1004
959
978
969
985
962
988
989
1001
990
1019
1003
1007
992
973
984
962
945
924
947
968
961
894
912
935
936
918
927
953
951
950
928
949
985
1003
1021
978
995
991
993
999
959
977
968
947
983
951
952
938
963
986
1003
965
960
994
976
943
943
994
996
986
966
1003
985
963
948
947
929
912
896
936
944
946
936
980
976
979
948
979
972
967
942
978
974
945
955
981
1004
956
971
998
1008
959
983
981
979
958
1004
998
994
959
998
981
996
973
961
963
962
948
913
907
931
937
901
917
947
946
915
919
952
970
932
925
948
922
904
911
955
987
966
972
991
992
965
978
977
955
938
970
965
965
935
955
969
961
929
972
956
940
907
918
887
870
862
883
913
957
947
970
979
988
990
967
995
992
993
961
944
959
960
961
949
979
949
922
897
931
931
942
914
909
937
926
899
902
935
923
910
901
958
958
940
921
963
963
927
932
938
935
915
922
941
937
906
912
930
921
912
887
899
876
863
896
941
948
927
918
934
943
931
907
912
909
896
882
916
923
910
928
974
985
948
933
957
954
915
918
935
921
889
897
911
871
840
837
808
783
761
734
711
712
703
696
688
685
681
680
675
670
1330
651
647
638
631
627
622
618
618
628
647
680
719
759
818
854
920
947
944
632
1078
879
917
897
859
897
926
952
960
956
1005
1023
1050
1032
1043
1051
1048
1043
1040
1037
1045
1068
1071
1073
1064
1037
1038
1036
1026
1022
996
1005
1008
1007
975
1012
1017
986
988
1026
1044
1044
1030
1043
1041
1038
1045
1026
1026
1026
1030
1026
1007
1021
1019
999
984
1008
997
988
975
989
992
999
986
1001
1027
1024
1008
1021
1043
1049
1042
1031
1013
1002
989
994
1031
1041
1048
1003
988
986
975
963
985
1011
1024
1015
1035
1039
1031
1038
1041
1053
1037
1049
1062
1040
1043
1049
1035
1021
1022
1021
996
979
989
990
978
964
961
962
964
971
1017
1021
1014
999
1002
997
994
1002
1006
1019
1044
1049
1021
1021
1009
982
958
954
952
968
960
953
970
989
990
985
991
987
976
966
981
984
1002
994
994
993
998
1004
1008
1023
1024
1020
1015
1016
1008
1004
992
986
988
986
987
975
1002
1012
1005
970
949
927
932
939
952
973
992
986
1003
1005
1000
973
954
959
956
962
966
978
981
970
985
969
952
944
953
967
968
976
976
986
980
971
982
973
973
993
1002
1007
992
997
1001
995
998
1004
986
993
1002
1001
976
964
967
967
969
958
971
976
968
960
969
984
991
1007
1017
1013
1007
1003
1005
1003
1010
1009
986
980
964
970
977
970
971
972
981
989
964
945
948
956
947
946
964
989
996
996
1011
1021
1013
1004
1009
993
980
973
975
979
987
996
998
999
1006
1004
979
984
985
987
981
984
975
961
970
987
996
987
969
974
968
958
955
955
955
954
964
979
986
979
965
961
967
970
964
973
979
985
973
966
972
969
958
947
952
970
979
974
989
988
985
957
953
956
958
956
946
943
941
947
955
952
967
969
967
956
958
960
957
950
953
960
971
966
965
979
979
998
989
978
981
976
981
979
967
961
956
948
932
929
929
937
951
971
981
984
979
979
979
979
982
973
980
983
949
919
911
915
943
952
970
1000
1003
1008
996
1006
1007
1008
1003
990
970
976
979
979
970
955
968
972
974
958
952
962
969
976
974
979
987
1006
1011
999
985
995
1000
994
997
999
990
962
955
966
975
975
967
949
953
957
947
938
927
910
904
889
873
880
891
897
899
920
927
937
938
952
968
979
985
975
980
995
994
989
979
967
970
968
961
950
960
968
964
964
974
990
984
981
968
966
954
950
946
939
946
937
928
928
927
938
944
950
965
962
969
974
966
989
979
979
986
988
975
962
958
968
971
957
943
947
959
974
980
988
995
986
982
983
983
986
979
986
990
985
977
958
961
955
961
957
953
951
936
936
938
954
958
958
960
988
1002
1006
994
979
979
983
974
969
976
972
976
954
951
949
949
938
937
941
949
948
945
959
974
956
944
944
946
953
951
958
974
984
981
983
994
985
976
960
963
963
949
930
906
903
914
927
931
948
961
948
944
954
963
961
947
942
938
944
964
977
973
961
964
968
958
944
938
941
963
954
939
968
994
1001
1004
1011
1000
997
994
980
980
979
978
971
958
952
955
958
944
931
936
937
932
919
913
918
914
913
922
932
962
979
980
967
969
959
967
951
955
966
971
970
970
979
982
964
960
950
937
918
913
920
946
958
968
971
979
980
974
958
966
964
961
951
939
956
967
959
958
973
977
973
970
941
926
923
926
934
937
952
974
987
984
998
1003
999
990
977
986
988
989
966
956
953
947
947
948
947
952
943
934
937
946
944
948
979
1008
1020
1018
989
970
966
963
964
962
950
960
959
967
960
934
931
940
954
951
957
979
980
971
965
965
976
978
972
972
981
975
975
985
985
988
981
977
976
975
965
966
972
971
971
952
958
958
951
946
961
957
952
945
950
964
959
934
925
926
924
939
950
944
965
982
988
992
1001
1006
1001
978
967
961
966
944
938
944
945
934
926
932
928
912
904
928
921
902
906
932
961
967
964
979
991
986
983
995
994
995
974
954
964
961
954
952
962
973
966
967
966
969
965
965
975
984
989
972
975
979
979
964
945
952
952
929
904
907
934
957
967
977
995
1003
995
1001
1003
991
967
960
968
979
969
949
954
951
931
913
901
909
914
924
942
976
982
969
965
987
990
983
974
973
969
976
965
969
975
979
974
960
965
972
959
955
960
968
968
957
973
979
971
951
937
941
949
966
954
967
974
987
992
1001
1011
997
991
970
950
944
950
943
944
941
928
926
920
932
927
931
941
950
958
954
957
975
978
978
972
982
994
989
977
963
959
961
974
961
965
965
968
960
966
957
952
948
941
947
956
977
978
962
961
963
971
968
961
980
983
988
981
986
980
982
977
970
973
976
974
968
964
979
979
969
964
979
978
974
952
962
979
993
988
977
988
986
987
980
992
950
938
939
948
967
974
952
959
979
978
976
960
966
962
952
956
956
963
974
975
970
968
965
948
926
924
920
928
929
915
929
945
960
976
988
1002
997
986
977
962
956
958
960
955
973
983
979
979
988
997
999
991
963
960
961
955
946
939
950
963
960
963
940
953
971
967
964
967
969
974
977
961
961
904
885
881
897
940
963
990
1007
1022
1013
1007
992
993
985
979
958
954
958
965
933
916
917
910
910
921
947
992
1019
1021
1032
1032
1018
1008
1001
995
981
977
985
972
960
952
955
975
976
973
972
955
961
973
976
974
969
970
973
965
938
941
954
956
962
953
962
985
995
995
978
975
965
950
937
926
926
922
922
923
944
958
959
972
972
972
950
950
961
972
978
974
954
952
940
937
930
938
934
951
971
997
1011
1017
984
977
989
993
987
981
969
972
975
961
957
970
977
979
966
964
972
966
959
947
940
950
957
950
960
976
991
971
963
970
971
950
968
989
995
998
972
962
969
981
977
957
963
960
967
962
964
973
974
955
963
962
949
942
941
957
969
989
991
986
984
989
987
978
972
966
972
962
953
949
957
982
979
962
972
980
975
977
975
962
966
959
935
904
895
897
903
913
933
961
985
998
1018
1014
1025
1025
1027
1020
993
999
983
977
977
983
988
996
979
976
984
982
968
960
976
984
985
981
990
989
976
970
984
988
974
944
947
945
958
956
953
956
964
975
990
990
979
972
942
940
953
966
960
952
968
979
979
973
978
973
959
946
947
958
954
955
957
962
968
975
957
949
942
940
929
929
935
937
942
939
959
974
987
968
958
969
971
966
958
964
975
981
980
976
967
961
955
940
921
932
936
941
952
969
976
979
986
989
988
969
967
974
979
987
979
979
979
993
993
983
976
965
964
958
955
969
979
956
932
917
918
922
913
928
962
976
979
977
988
1002
986
1001
989
982
990
986
986
978
968
978
979
961
970
976
979
970
971
985
981
963
961
962
969
991
968
974
974
969
949
937
944
955
950
950
962
975
987
1002
991
971
962
965
955
944
940
955
962
959
951
962
963
960
941
938
932
913
901
911
920
935
939
953
979
994
995
1005
1005
999
988
989
984
988
981
976
973
976
978
967
961
950
943
944
933
942
938
935
934
941
954
966
963
958
969
974
968
967
957
970
974
964
959
975
976
986
979
966
979
977
976
969
980
977
969
954
958
961
958
959
955
931
920
924
929
934
942
966
990
991
985
987
984
987
981
962
970
961
962
952
962
962
967
951
940
943
948
942
935
940
947
947
961
967
980
969
950
956
957
967
972
972
977
984
1000
1002
993
992
991
988
986
984
987
985
978
969
962
971
974
977
972
983
987
971
975
971
971
965
965
967
967
955
938
948
944
942
952
971
976
967
960
963
979
987
993
983
985
982
990
1003
988
965
973
954
956
944
941
954
963
965
958
979
986
988
975
975
976
971
943
951
958
965
968
981
993
990
990
968
950
938
953
974
991
970
970
987
1000
999
989
973
970
958
960
952
953
964
958
951
943
952
956
957
945
946
959
974
976
975
977
982
992
986
938
942
934
928
922
922
926
936
948
961
965
965
972
975
977
988
986
968
962
956
964
950
941
954
977
975
968
978
984
1004
996
976
987
979
969
958
965
969
975
970
969
978
983
984
969
966
962
944
934
944
957
961
950
945
952
957
955
959
962
962
985
996
984
978
987
964
957
951
951
959
971
961
952
953
946
946
952
956
966
984
1006
1012
1025
1034
1028
1023
1000
993
990
981
965
947
950
961
973
977
992
1012
1002
1007
974
984
980
985
983
989
997
1003
1001
998
1018
1022
999
976
970
972
976
975
970
962
973
986
983
958
965
955
937
938
942
939
952
977
990
981
970
979
995
974
967
962
967
965
979
972
961
961
976
987
990
977
980
980
964
938
922
926
935
950
956
960
979
997
996
976
954
955
931
919
921
942
956
975
997
986
993
996
992
979
982
984
979
966
958
967
968
968
965
946
950
952
955
949
944
948
956
948
945
954
978
974
973
956
957
956
956
952
958
970
969
981
978
987
983
981
974
992
983
987
989
981
976
983
992
990
974
979
1945
979
971
974
982
989
987
969
982
981
976
952
950
943
940
950
979
1000
993
998
994
986
989
981
975
961
952
949
943
946
948
958
956
955
971
987
985
982
990
1004
1008
993
1003
1007
997
989
984
981
969
965
965
976
975
990
992
992
993
984
994
991
988
983
981
971
976
952
940
936
933
955
959
957
976
997
1008
1022
1031
1026
1008
997
999
992
990
992
984
984
976
975
985
999
1004
1000
993
964
948
939
948
964
979
991
983
983
990
996
998
1000
999
989
988
995
995
985
960
965
962
947
958
958
954
957
967
971
981
982
981
997
1008
1011
1003
1002
1010
1002
1007
997
1009
1000
992
994
981
979
980
976
970
953
944
942
961
971
986
1000
1009
1010
999
1000
998
990
964
956
963
962
955
956
950
942
944
950
949
949
966
992
1003
993
955
953
946
958
959
975
1003
1005
997
987
997
990
1000
1003
994
1008
996
988
983
975
973
992
992
1003
1016
1013
1007
998
1000
999
986
972
972
980
963
945
956
949
953
951
955
977
978
977
976
983
987
990
979
982
979
979
969
964
953
953
950
952
962
965
968
956
955
942
955
963
963
959
953
948
934
938
955
966
968
973
959
964
972
970
981
991
1001
1008
1004
987
999
1005
997
984
978
963
956
941
945
955
961
966
967
972
971
967
958
962
963
973
965
959
939
945
946
963
976
980
965
961
969
963
969
963
971
974
982
981
981
993
1000
997
988
996
1006
998
996
989
986
979
973
974
977
969
976
979
979
972
977
979
982
984
974
968
970
980
989
989
995
1007
992
1004
987
974
956
967
980
982
990
1006
1000
996
973
973
960
938
928
932
942
957
971
979
995
1004
992
986
992
1003
996
981
980
984
984
982
982
974
979
986
982
982
977
962
958
954
952
960
965
979
989
999
1006
990
988
980
983
978
982
966
986
992
987
975
957
966
963
979
1015
1014
1003
971
959
966
961
958
966
971
973
976
954
951
960
978
964
974
989
991
979
967
968
976
962
952
951
957
966
979
968
969
981
991
985
984
990
1012
1012
999
996
989
988
983
968
965
968
987
993
991
992
999
1001
987
972
975
995
998
997
985
986
991
992
978
969
966
973
976
970
972
970
961
956
957
951
947
951
967
968
965
960
971
984
986
979
962
964
964
960
949
954
968
980
991
1002
1000
972
977
943
949
962
977
972
959
975
983
979
964
946
944
952
951
954
963
980
1002
986
993
1001
1001
1007
1013
1010
1006
1008
1007
1004
1000
1001
991
992
994
997
994
985
953
927
911
909
926
948
971
983
984
994
998
993
991
984
982
960
954
943
961
993
998
995
986
983
984
984
984
979
996
999
999
999
994
1002
995
988
987
960
957
970
965
958
969
967
970
982
996
1004
1018
1010
990
989
984
989
987
1002
1011
1012
1000
1000
1006
1006
1014
991
969
966
954
943
954
967
980
971
965
968
979
992
977
971
966
957
953
954
964
983
993
993
995
1000
1000
993
978
980
988
985
975
975
973
976
984
982
989
1000
1004
990
992
993
989
985
973
981
952
932
943
952
985
1016
1027
1018
1016
1035
1034
1021
1026
1023
1022
992
987
997
961
948
952
977
1005
1016
1005
996
1000
990
987
979
968
979
979
967
985
997
972
969
961
974
986
984
996
975
982
989
986
984
1004
1010
995
972
983
979
982
979
973
980
958
946
935
934
924
931
939
955
959
959
986
987
991
969
993
981
973
971
983
988
980
979
984
985
990
969
984
989
979
967
946
958
947
939
961
974
989
994
993
984
995
982
966
980
974
970
976
994
978
977
974
993
978
971
958
935
939
940
933
921
921
953
958
965
967
987
988
995
976
985
995
991
981
980
991
992
992
980
985
982
984
973
984
993
989
985
979
983
979
981
976
976
984
979
977
961
967
957
946
930
937
975
984
987
1014
1006
1012
1020
1013
1013
1020
1018
1008
989
994
1000
1006
1006
998
992
988
980
983
990
986
979
985
996
993
977
953
948
967
967
946
967
965
966
969
1001
1021
1008
991
995
968
950
939
944
951
949
944
976
991
985
978
981
1000
993
983
978
993
995
997
991
998
993
992
968
979
973
962
938
952
971
979
979
985
1013
1014
1007
973
984
996
994
980
990
1000
995
982
1009
1014
1021
1009
1011
1004
994
997
981
996
989
993
968
970
971
963
958
942
950
946
956
943
959
965
970
978
973
990
996
998
979
974
973
974
971
978
986
966
950
951
968
948
937
926
954
969
970
966
980
944
924
938
978
996
1004
987
999
991
979
972
957
967
977
973
961
984
994
993
988
985
985
992
995
984
979
976
976
965
975
969
966
965
960
943
967
971
977
990
1007
1006
983
960
964
975
980
984
992
989
989
980
993
1001
995
992
992
1007
1012
994
1001
1020
1011
991
969
966
964
969
956
965
978
978
998
988
1011
1015
1006
979
985
987
979
986
1004
1005
1013
1008
994
1004
988
976
964
972
959
954
965
963
997
996
980
986
976
980
958
968
984
1006
1012
1004
1012
1012
1004
996
1002
1002
1003
1003
1002
1006
1006
983
973
966
972
961
958
981
971
983
997
1001
1001
1001
978
973
962
961
963
979
992
983
959
972
979
979
974
978
970
962
952
969
980
979
985
1003
1009
1010
1004
997
1018
1015
1003
984
993
985
971
962
991
1021
1000
976
962
965
960
945
940
964
963
971
981
1024
1021
1009
980
999
1006
1004
1000
1000
1000
1001
986
971
982
979
984
973
985
979
963
967
972
977
998
1000
998
983
956
957
964
978
964
988
985
1000
990
987
1000
1005
995
991
999
1004
995
978
979
991
986
979
982
995
993
977
957
946
953
963
979
996
1016
1016
1010
1015
1019
995
981
982
983
953
941
929
951
965
977
965
980
1002
993
985
973
982
977
972
964
977
968
963
960
968
976
981
973
986
996
980
976
998
995
984
980
1004
997
994
969
965
971
957
956
949
973
992
988
966
990
985
986
980
976
986
984
972
975
974
954
941
952
946
961
978
974
974
953
928
951
948
970
979
987
991
983
983
998
989
965
969
981
988
989
977
984
979
975
978
986
991
991
982
976
971
953
945
931
949
958
959
962
988
989
986
982
978
985
974
973
952
942
942
943
956
962
988
1003
1004
976
970
967
965
943
965
963
975
971
974
993
1006
1017
1001
995
1007
1017
998
957
951
942
943
946
967
976
976
985
1004
999
994
988
1006
999
980
977
987
966
953
958
963
982
976
979
975
997
996
990
981
1002
1004
1005
991
967
985
983
978
980
989
979
964
956
967
983
970
963
955
967
960
959
982
980
1000
996
999
1011
996
991
979
996
997
986
973
992
980
979
965
986
985
989
975
980
998
992
987
993
991
991
992
985
988
983
973
976
982
976
957
960
976
971
962
941
957
947
949
950
959
984
1010
1020
1014
999
1011
1023
1026
1024
1031
1029
1018
1021
1012
1002
1007
1007
1002
1002
983
980
979
1001
1005
1001
997
1016
1017
1012
998
1000
1006
988
971
968
946
940
959
960
963
953
952
969
962
971
998
984
985
981
981
979
983
998
989
986
997
1003
995
987
993
983
980
993
990
984
969
985
1002
994
989
1003
993
993
976
984
990
988
978
981
984
978
974
980
1003
1007
1011
1010
996
1001
1000
1000
1008
1011
995
989
991
1000
1002
990
1009
1001
986
977
969
976
985
982
982
996
992
994
984
995
998
993
979
990
991
979
988
990
1005
1031
1037
1022
1018
1021
1022
1001
995
992
995
976
979
988
995
980
988
1001
1007
996
1003
1019
1016
1021
1005
995
997
979
981
988
980
962
946
961
962
960
955
960
981
973
974
981
986
984
988
995
994
975
962
970
973
965
970
985
1005
999
1002
1011
997
993
967
977
979
970
960
981
999
1010
1016
1012
1001
991
988
979
995
982
985
979
975
977
976
982
979
999
1032
1051
1029
997
990
997
987
987
990
1008
1025
1018
1002
992
1007
1000
997
988
991
977
979
971
969
994
992
991
991
989
986
976
971
982
980
968
980
994
999
994
990
1001
1001
995
979
982
971
980
963
972
982
989
982
997
1010
994
976
979
969
952
949
983
1015
1018
1007
1016
1016
1012
996
1003
982
968
956
952
948
963
948
929
937
952
959
956
954
955
969
967
973
957
957
979
987
1002
1008
1022
1026
1010
1000
986
987
979
974
953
980
970
957
988
1009
1016
1027
1014
1032
1037
1035
1014
999
987
975
957
950
949
948
956
976
994
1001
983
977
976
984
984
986
998
1003
1000
1002
1006
990
988
973
993
995
1002
977
960
960
952
947
969
1014
1025
1027
1028
1024
1020
1010
1003
1002
1021
1017
1011
1003
1006
1006
999
1003
999
1013
995
975
973
959
953
958
964
989
982
990
992
1003
976
962
944
951
972
985
989
1012
1021
1013
1016
982
982
978
979
970
993
996
1011
984
990
1003
1006
1005
1021
1029
1016
1008
1003
1017
1008
996
1005
1014
1020
1005
986
972
965
973
970
1002
1002
998
992
997
1001
997
1001
996
1011
983
954
957
966
987
993
1002
1025
1014
997
970
956
956
945
951
972
1000
1001
993
1012
1004
988
979
984
999
996
984
987
994
992
982
983
1006
1002
978
989
1003
993
988
992
1018
998
990
975
986
988
986
982
981
991
996
985
964
955
969
948
958
940
943
947
972
977
997
1012
1016
1001
985
992
984
978
953
973
948
959
970
1017
1030
1016
992
995
993
982
967
975
991
976
957
985
1002
1000
993
1008
1007
1005
996
1006
1001
991
967
979
1001
1005
995
990
1005
1001
984
993
1009
975
962
961
1000
987
968
942
958
942
940
939
968
980
995
979
983
979
977
963
977
977
980
974
989
1013
991
974
988
988
993
977
979
981
990
981
979
1000
967
957
955
968
960
945
925
946
932
939
942
964
989
1002
996
972
980
987
985
959
952
955
957
962
954
969
981
982
985
979
958
944
940
941
955
974
997
998
986
983
978
979
975
996
1012
1006
984
974
971
970
971
963
980
981
984
974
1003
1004
991
993
1009
1021
1023
1014
1000
990
1002
1011
995
1000
1027
1019
1004
987
1000
1000
985
966
976
983
987
977
979
974
959
947
953
975
979
946
924
934
942
933
955
988
1021
1037
1035
1013
1024
1020
1015
998
1019
1020
1014
987
982
970
967
958
953
979
983
993
994
1013
1033
1021
1017
1007
985
978
964
985
994
1002
993
1014
1006
1006
992
994
997
993
987
991
1009
1012
1002
1017
1019
1001
987
985
992
981
964
989
1002
987
979
989
1003
991
984
989
994
1001
967
962
964
964
955
958
982
1008
1017
1021
1034
1030
1022
1007
996
1009
1012
990
987
1000
988
996
987
1003
1008
1002
992
998
1006
986
1003
1003
988
974
975
987
993
981
986
1019
1005
983
991
1018
1010
1001
980
983
993
994
980
983
1006
988
968
956
978
990
1005
1006
1025
1043
1009
1001
994
1000
987
989
982
1013
1024
1039
1037
1043
1048
1048
1031
1011
1019
1011
1009
1002
1000
994
982
976
979
977
983
971
956
964
966
968
965
1010
981
958
979
1008
1020
1002
986
986
970
979
977
979
977
965
957
963
965
949
942
952
972
970
950
974
989
972
940
936
947
960
972
968
982
1011
1016
1002
1018
999
996
996
992
981
966
954
958
968
966
970
989
1000
973
950
966
968
965
971
995
1016
1000
980
987
989
977
961
962
974
967
972
959
982
979
975
963
981
956
950
940
945
971
993
984
1009
1010
993
983
986
982
976
982
982
992
985
978
980
974
988
1001
1006
980
975
1002
1019
1020
987
979
986
977
976
959
973
991
1000
995
1008
1005
1000
985
975
987
990
973
982
984
988
982
981
995
984
961
944
943
951
964
970
986
1006
1002
1013
1020
1012
1006
1002
978
964
977
983
972
1007
1014
1013
1021
1029
1017
1012
992
984
985
973
974
980
988
983
998
1009
1004
996
986
998
998
998
990
986
990
991
986
997
997
992
976
979
981
987
999
1011
1025
1032
1017
1007
1012
1010
988
985
963
969
979
979
966
973
984
951
944
937
968
982
1009
1002
1000
1015
1027
1018
1000
996
979
967
996
1015
1002
996
980
991
982
967
981
992
984
977
1002
945
938
937
945
973
994
985
990
1012
1025
1019
999
998
994
980
982
980
990
974
979
1004
1017
1016
994
999
997
994
990
991
1007
1008
983
992
1002
999
992
979
966
960
953
950
966
965
975
989
979
975
968
961
973
969
942
914
919
938
964
987
1023
1055
1047
1029
1016
1015
1016
1015
989
992
1009
1002
991
1002
996
986
973
994
982
980
969
972
971
976
975
963
981
978
995
981
967
979
987
1009
991
983
963
971
957
922
920
914
912
904
943
995
1043
1051
1039
1054
1012
1003
958
965
971
979
975
973
988
983
987
991
992
985
983
960
970
995
996
995
992
998
987
980
964
969
956
951
947
954
1008
1007
1011
999
997
996
993
986
996
1002
1004
1006
1018
1029
1025
1002
983
986
992
992
988
1012
1016
1014
999
996
970
950
928
918
880
869
887
873
850
828
808
781
772
758
740
733
721
717
710
701
695
679
666
657
648
638
629
623
616
611
610
612
621
645
676
674
666
673
700
760
842
945
931
958
880
801
774
803
913
904
838
801
787
759
740
725
712
700
689
681
676
673
671
672
677
693
723
774
863
938
1022
1046
1069
1077
1110
1120
1084
958
906
1000
1038
1044
1096
947
908
918
1017
1040
978
1005
1078
1120
1120
1064
1083
1097
1120
1131
1121
1089
1092
1085
1082
1058
1051
990
976
983
1077
1139
1088
1113
1116
1110
1063
1096
1116
1102
1093
1117
1079
951
911
908
918
979
1040
1108
1129
1125
1082
1077
1070
1062
1041
1030
1045
1043
1017
1029
1042
1028
1020
1046
1063
1060
1052
1077
999
975
981
1033
1063
1095
1105
1086
1113
1096
1081
1061
1029
1015
1005
1008
972
935
894
879
919
975
971
992
1059
1076
1070
1078
1065
1021
982
1002
1026
1055
1081
1079
1094
1088
1077
1048
1011
1027
1028
1024
995
1020
1034
1027
1008
1040
1042
1042
1034
1007
1033
1036
1042
1036
997
1000
992
979
959
975
907
866
860
854
861
924
991
1018
1004
1005
983
968
950
945
969
1015
1037
1084
1096
1099
1075
1077
1081
1059
1025
1053
1070
1061
1035
1046
1043
1025
1028
1062
1052
1021
985
957
945
940
962
1016
1048
1045
1034
1055
1051
1034
1045
1055
1044
1048
1059
1057
1040
1007
1014
1014
1010
996
997
1001
998
988
974
993
976
946
956
939
920
902
924
937
966
1007
975
961
979
1001
1018
1012
1021
1037
1046
1060
1042
1031
1041
1049
1043
1046
1062
1054
1029
1021
1030
1032
1018
1027
1033
1023
1006
984
1006
1003
997
990
973
979
979
968
963
981
988
973
941
938
942
958
960
956
935
912
899
903
938
983
985
980
999
980
968
965
982
955
956
938
952
932
934
935
947
980
979
984
984
980
970
980
977
968
993
993
991
956
966
947
932
910
922
900
890
877
866
850
829
798
774
752
732
717
701
692
1352
666
664
661
655
650
646
644
643
646
647
655
668
681
683
679
684
694
709
723
737
731
717
703
692
681
688
713
738
752
753
770
802
826
848
833
825
847
869
910
936
898
867
866
881
900
890
847
840
839
826
809
813
816
850
882
891
917
948
950
944
934
936
947
961
996
1009
1018
1014
998
991
978
939
892
880
880
884
891
923
948
985
952
936
952
955
959
943
916
902
906
919
937
949
924
917
920
910
910
884
879
909
941
950
948
944
933
960
971
993
1010
993
1007
1005
1020
1032
1026
988
967
953
965
988
1002
988
994
1006
978
936
929
935
948
965
967
971
984
990
967
963
948
954
930
872
828
796
771
760
766
772
774
769
768
765
755
760
799
822
806
828
875
925
928
882
860
866
871
876
879
885
924
922
926
903
902
896
891
911
901
906
903
902
897
909
906
881
863
865
884
912
944
950
930
938
944
958
977
975
928
867
832
802
780
770
765
777
783
781
784
786
786
778
759
757
735
719
704
694
674
667
664
654
646
637
630
623
614
607
594
590
579
568
564
560
553
547
544
544
551
563
585
627
664
701
771
771
809
828
854
911
890
865
839
798
797
768
729
722
723
727
718
717
719
710
707
703
699
701
699
692
693
693
688
689
683
678
674
672
672
665
667
663
662
650
641
638
632
631
632
641
644
642
636
629
623
612
606
596
592
584
582
580
574
570
566
564
560
561
554
556
556
554
555
558
561
555
555
554
553
553
552
553
556
557
559
562
568
575
585
589
586
586
590
595
610
623
625
623
625
634
642
646
648
646
635
620
615
603
597
588
582
577
574
574
572
572
577
578
582
585
591
591
594
601
610
620
623
622
614
606
599
591
589
589
591
591
593
603
606
608
620
627
632
628
623
629
636
642
644
645
637
633
629
627
629
622
617
612
614
616
612
608
607
608
613
620
622
619
617
618
622
632
646
646
659
683
686
682
694
732
744
748
726
706
688
668
652
641
628
623
621
623
643
660
676
670
658
653
659
673
690
700
698
679
666
659
659
663
673
693
730
764
796
777
757
760
747
733
721
710
705
708
711
723
722
707
690
680
671
669
673
678
684
690
686
675
668
664
658
647
646
655
655
662
1321
654
646
639
633
621
608
599
591
589
580
574
580
582
589
594
612
630
651
666
686
704
726
726
715
696
686
689
714
760
763
751
749
735
721
729
770
821
783
794
804
833
897
902
843
828
820
801
801
846
796
764
747
763
813
900
987
948
915
910
912
946
936
896
916
964
1007
1011
985
915
898
900
889
897
918
926
932
957
996
995
1009
955
909
926
957
973
990
959
942
967
957
984
944
896
910
918
944
926
909
940
962
999
1010
1001
962
966
1001
1047
1088
1065
1036
1000
996
1008
1011
986
953
986
979
987
956
938
969
974
986
989
975
964
978
978
995
1001
991
930
912
942
960
998
994
978
997
999
1002
984
957
920
924
974
1027
1035
1003
990
1002
1021
1044
1024
983
940
962
979
1016
1018
941
920
953
981
1016
1020
979
954
940
932
929
919
912
908
921
932
928
909
888
907
909
921
913
871
853
862
888
906
898
889
906
912
925
910
884
896
913
917
939
914
898
909
937
932
953
931
917
944
965
977
959
927
908
913
937
940
928
892
887
912
950
982
950
909
917
933
920
906
895
872
894
927
958
987
985
963
981
977
965
919
889
908
942
995
995
964
978
1023
1040
633
395
1015
973
958
976
1002
1028
1042
998
983
985
991
998
1012
995
978
1015
1032
1049
1031
982
932
946
981
1010
1069
1066
1035
1018
1025
1020
1010
974
937
938
929
941
959
948
947
969
992
1005
1021
1007
995
1007
1012
1018
1028
991
971
965
977
997
1007
990
961
986
1006
1014
1025
995
984
987
976
962
924
930
934
940
960
905
856
812
780
757
739
732
740
779
862
929
999
1031
1079
1079
1064
1062
1069
1051
988
965
1008
960
1001
1082
1094
1110
1078
1021
1021
1014
1021
1038
1047
1014
1007
1012
1031
1057
1058
1048
1004
994
1021
1054
1072
1073
1025
989
991
1000
1009
1009
980
951
974
1000
1051
1078
1070
1027
1036
1049
1052
1059
1039
1002
979
1000
1021
1039
1046
1033
997
1007
1021
1025
1030
1026
982
974
989
994
999
968
951
973
994
1002
1014
1005
995
989
987
997
1005
1037
999
943
943
996
1030
1019
966
939
957
979
1007
1025
1019
1024
1031
993
979
956
896
869
867
856
822
807
810
817
819
817
820
841
859
891
904
919
916
925
953
941
967
975
976
955
906
903
938
1003
1051
1063
1006
992
984
1026
1028
1005
941
918
916
948
994
1010
997
960
974
1001
1005
1015
1013
997
985
1015
1029
1035
1020
990
944
903
916
954
993
966
943
978
990
1014
1018
1006
994
1001
1011
1011
988
920
884
873
874
881
887
894
886
894
910
928
967
982
971
946
924
920
954
1009
1025
1007
964
958
965
978
985
985
956
941
954
979
1001
1019
998
955
948
949
965
976
974
944
953
954
966
970
951
926
938
946
947
953
953
953
960
948
965
968
944
919
925
946
961
960
936
928
941
963
979
1001
978
939
943
956
979
973
948
951
984
988
996
986
958
958
967
983
984
967
942
946
960
982
992
985
971
940
957
979
1005
1011
979
937
915
930
950
973
964
941
940
950
970
987
978
943
916
915
912
904
877
859
875
902
935
955
929
927
958
972
989
984
972
938
938
944
986
972
940
898
910
934
969
992
972
941
946
943
956
947
939
957
961
965
966
946
896
878
874
891
906
874
870
894
915
925
908
880
884
894
903
909
907
904
919
943
983
1009
1013
1017
1016
969
919
847
817
804
797
804
791
799
837
870
896
899
888
916
931
936
935
922
906
914
934
953
961
958
961
940
947
963
974
957
909
912
928
951
950
924
900
919
933
958
983
953
920
929
947
971
978
961
925
914
938
981
1001
1002
990
966
956
976
966
949
899
898
887
892
884
859
879
907
930
951
941
945
949
955
961
936
908
931
950
975
1002
1002
976
949
968
979
979
995
974
943
942
967
984
968
954
974
993
980
951
916
925
921
928
952
919
930
954
978
989
976
947
940
939
941
933
920
939
951
966
960
951
924
921
940
971
962
948
913
919
939
965
972
957
925
932
949
964
959
945
896
869
878
894
903
883
874
895
911
909
929
915
932
926
936
921
909
919
944
968
969
956
966
998
999
996
965
938
923
938
953
965
939
899
909
924
935
925
902
897
904
935
925
907
893
899
903
919
921
911
908
920
940
955
952
942
948
969
972
953
910
904
918
928
935
899
896
894
903
883
867
876
875
832
803
790
781
780
776
771
767
764
754
742
727
279
435
705
697
690
697
701
699
696
701
694
693
692
691
691
689
681
677
668
660
659
658
656
648
649
643
644
646
662
682
688
699
733
777
840
850
847
868
873
899
913
907
935
1013
1070
1099
1090
1051
1043
1032
1055
1072
1033
1032
1058
1064
1060
972
899
840
797
782
816
857
890
973
1034
1056
1006
978
995
1001
988
956
968
970
976
1017
1022
1058
1086
1092
1090
1079
1048
984
982
1005
1029
1020
976
974
963
967
957
993
1051
1080
1073
1064
1041
1021
1019
997
987
1001
1010
1025
1008
999
1011
1023
1001
972
988
1010
1005
1003
1006
1062
1063
1073
1080
1068
1056
1052
1063
1079
1089
1084
1042
1015
1035
1029
1004
1006
1021
1010
966
941
945
967
958
999
1046
1039
1034
1013
991
993
984
1001
1037
1024
1036
1064
1081
1085
1077
1044
1038
1025
1028
1023
1002
976
995
996
992
978
947
963
953
938
916
914
946
976
991
996
979
996
997
994
992
979
960
964
997
1018
1016
996
991
997
1014
1016
1014
987
991
1001
1007
975
955
969
986
972
969
992
998
984
961
979
987
1002
991
1022
1024
1026
999
1007
1007
995
983
969
937
958
963
969
961
979
975
976
962
942
970
998
1025
1011
1011
1020
1010
995
1013
989
989
1001
1003
1002
994
986
979
974
973
949
982
1001
995
986
974
950
926
950
970
991
998
973
997
1003
1016
1007
1007
989
972
976
984
996
1005
988
983
1009
1016
1012
985
955
971
973
981
995
974
967
974
981
992
1007
1015
994
1005
1018
1023
1008
1029
1022
1011
990
1006
1034
1045
1052
1033
1032
1039
1035
1012
973
968
976
972
963
926
934
963
988
992
979
990
1001
1014
1014
1025
1038
1044
1047
1030
1044
1001
995
988
973
990
1002
1014
1010
1036
1033
1038
1013
988
970
959
942
973
998
1038
1044
1033
1049
1041
1031
1000
987
986
989
977
958
958
948
939
933
903
892
895
921
902
883
913
957
1015
1034
1032
1037
1040
1007
1012
1041
1043
1024
1025
1027
1041
1013
997
1019
1037
1057
1029
1021
1017
982
962
928
908
896
911
964
1015
1038
1075
1093
1104
1102
1099
1076
1050
1031
1018
999
976
981
994
992
987
1024
1035
1049
1023
1055
1064
1063
1047
1025
1057
1061
1058
1074
1075
1060
1019
1030
1023
1005
989
947
958
969
975
940
951
985
1005
1019
1008
1031
1026
1016
1027
1023
1030
994
990
996
972
982
1006
1021
1014
1002
1015
1019
1025
1005
956
960
979
981
997
1036
1056
1054
1078
1071
1055
1003
967
958
969
994
1000
1035
1065
1063
1046
1033
1019
1014
999
942
948
951
959
940
929
945
965
962
975
992
1000
989
1014
1010
998
966
975
992
979
973
983
981
982
973
992
997
1013
1006
983
1008
1027
1026
1018
986
987
998
1001
994
979
999
1023
1030
1003
974
978
970
957
952
978
1008
1007
1004
1050
1069
1062
1043
1044
1041
1039
1023
1017
1016
1018
997
983
986
991
987
995
965
947
975
1013
1034
1019
1020
1023
1028
1017
1007
1022
1014
990
973
991
1017
1028
1027
1022
1027
1042
1018
983
980
911
858
836
817
805
799
792
784
792
820
891
958
1005
1040
1056
1063
1063
1041
1021
1030
1020
1026
1005
930
872
839
807
787
784
813
910
968
1065
1143
1146
1150
1115
1124
1140
1139
1132
1128
1113
1122
1106
1114
1111
1124
1119
1116
1104
1070
1090
1100
1091
1035
1008
1012
1011
1032
1015
1026
1021
995
986
1020
1018
991
966
984
1007
1026
1042
1029
1047
1049
1057
1057
1032
1030
995
959
944
912
879
888
913
868
833
811
791
776
761
744
735
728
712
716
711
710
712
710
712
714
718
729
753
786
826
856
903
930
981
981
1007
1012
992
901
848
842
855
845
823
865
944
1027
1043
1107
1119
1098
1110
1110
1101
1055
992
950
969
1045
1093
1093
1113
1106
1105
1103
1100
1110
1107
1100
1115
1067
1011
993
985
917
870
873
884
891
891
912
1000
1083
1112
1122
1112
1118
1104
1095
1094
1075
1074
1058
1059
1064
1066
1076
1079
1066
998
1003
998
1005
971
979
1009
1022
1017
975
994
999
985
991
995
1025
1030
1027
1026
1021
1015
1032
1035
1016
963
946
955
967
941
918
888
903
904
879
845
837
847
871
928
940
947
992
1022
1028
1023
1022
1023
1014
1011
1030
1046
1041
1029
1012
1030
1033
1039
998
910
892
872
854
838
876
969
1087
1099
1125
1126
1090
1090
1099
1090
1070
1028
1028
1027
941
891
909
944
961
969
994
980
987
943
967
992
1025
1005
966
989
1017
1022
1015
1021
1013
992
986
971
961
975
986
1017
1019
1007
1038
1039
1042
1035
1003
982
979
979
959
949
924
967
993
1007
987
983
994
991
984
989
991
973
947
964
996
1017
1021
1004
1019
1025
1024
1010
1035
1042
1045
1018
982
986
976
982
962
962
984
988
962
941
938
946
959
963
958
991
1017
1025
1014
1005
1002
1008
1000
979
1008
1025
987
1010
983
986
1013
1025
1021
1010
1002
1018
1018
995
1013
1029
1027
1005
974
987
989
980
996
1010
987
946
951
965
987
996
994
978
984
984
990
982
951
972
980
987
957
924
939
907
882
865
879
890
901
922
974
1025
1039
1030
1050
1046
1048
1008
988
958
933
947
959
964
962
982
983
954
926
901
919
936
911
896
937
989
1023
1016
1006
1020
1015
1014
1007
976
969
938
931
965
1005
1031
1023
994
1009
1018
1014
990
942
950
944
937
905
912
962
998
1004
1006
1000
994
1007
1013
1005
997
976
970
974
971
982
976
969
980
971
976
972
989
997
998
979
992
996
995
963
964
963
966
973
949
965
989
994
1005
991
1010
976
950
904
904
916
945
958
965
960
979
997
1009
1021
1001
985
986
985
971
949
958
965
950
932
918
910
922
932
927
915
948
979
982
993
983
988
988
986
1003
979
955
947
955
973
992
983
955
957
955
951
924
896
913
911
913
923
913
943
965
980
994
979
992
997
985
963
967
967
979
967
973
986
1003
994
979
989
994
974
944
948
950
951
941
930
940
953
960
968
957
946
963
957
952
940
951
976
950
932
919
939
938
932
960
994
995
973
978
979
979
965
945
952
962
964
958
937
963
974
964
932
919
939
931
933
906
883
894
895
906
899
890
910
910
882
859
872
897
928
950
954
988
1001
1007
1008
990
995
994
965
985
990
982
972
959
976
975
958
938
956
932
919
900
904
920
938
954
940
921
923
927
938
945
961
980
996
1011
992
990
994
1004
1003
989
1007
950
928
940
940
929
963
1001
1021
1026
1011
967
978
977
974
980
917
896
897
913
935
960
970
1012
1035
1039
1024
1030
1014
1008
1010
998
983
1008
1021
1025
992
968
959
939
904
874
880
893
909
895
883
894
899
910
935
963
979
995
974
987
987
992
993
960
952
953
948
950
979
979
966
936
925
941
944
940
938
959
980
1002
998
981
989
997
1004
999
981
965
971
981
1000
990
954
965
969
966
984
975
969
995
989
973
952
970
972
965
979
1001
1004
986
979
982
981
961
968
977
969
932
948
964
979
993
983
994
990
1000
976
938
922
928
944
949
943
961
980
992
972
956
971
965
957
936
967
986
994
984
989
1001
1001
987
979
991
994
995
976
979
990
977
961
931
941
941
943
933
911
922
923
927
920
932
955
952
943
926
945
949
957
938
939
940
957
951
959
972
979
953
965
972
962
946
954
949
948
934
929
939
949
942
950
979
982
976
956
933
951
955
964
945
917
920
929
935
926
933
963
969
950
942
967
975
971
945
935
961
969
970
970
983
977
972
951
949
968
979
979
963
970
976
986
974
948
953
954
955
933
904
910
903
914
896
896
900
896
898
886
886
909
932
940
934
966
982
984
968
961
967
978
967
962
979
989
995
971
964
975
1000
959
926
913
917
924
932
961
972
986
986
975
989
995
1005
988
989
999
1001
999
977
977
979
984
940
919
920
913
931
929
925
931
907
930
948
938
951
950
968
962
948
961
968
976
967
979
980
979
971
955
980
987
989
955
935
952
970
967
966
993
997
986
959
938
950
939
936
928
924
955
985
1006
1016
1007
1008
1019
1022
1000
979
989
986
964
950
970
961
940
947
960
961
949
964
976
986
975
961
981
991
975
950
930
931
940
951
944
965
979
981
963
976
981
989
993
982
989
1001
1006
1001
967
968
973
958
944
944
968
979
979
961
962
973
966
969
991
999
977
980
975
961
954
936
927
932
954
961
953
961
970
978
967
984
996
999
990
961
979
974
973
960
957
943
930
922
909
936
939
929
912
930
947
956
959
952
935
944
967
986
977
953
974
978
943
913
932
938
955
947
948
963
972
962
965
974
973
952
936
951
950
945
939
969
981
981
982
1023
978
951
951
927
896
902
908
907
916
949
961
970
954
965
976
979
979
978
971
995
1009
1006
988
986
981
983
983
943
943
959
983
1002
983
986
997
1008
998
979
1004
998
997
968
943
961
958
946
938
950
945
929
904
896
913
934
949
949
969
989
986
975
926
909
901
913
931
938
972
993
993
995
987
977
978
985
980
972
979
978
976
963
938
915
933
950
953
937
926
942
947
910
890
897
898
903
903
911
929
944
933
937
948
959
958
966
993
1001
1000
969
980
988
993
971
950
946
958
970
963
954
970
967
988
975
962
967
951
934
931
948
966
978
968
951
963
966
967
955
927
922
920
926
922
928
955
982
976
962
983
1001
1012
1001
999
992
995
982
963
985
978
957
964
951
955
945
939
938
948
931
903
919
910
913
895
887
897
913
912
924
969
993
1008
1000
969
976
965
946
948
946
957
964
967
982
965
965
983
987
984
967
945
966
979
970
926
898
904
926
919
935
931
969
1004
1025
1019
1019
1050
1050
1029
1006
1014
1004
999
985
972
987
989
982
957
957
969
968
949
931
942
952
950
931
947
944
962
954
937
957
964
963
960
946
969
975
984
979
971
979
961
949
926
900
910
925
940
945
984
998
1009
998
1008
1008
995
998
1000
1001
992
978
975
953
944
935
935
948
964
964
958
933
937
955
961
960
949
945
956
963
955
938
944
950
954
956
937
944
948
936
905
924
958
989
984
962
954
975
987
998
994
967
972
964
966
947
940
955
955
956
945
934
951
953
935
907
913
915
913
901
912
917
939
939
931
955
963
955
931
906
921
925
922
916
940
941
946
942
931
934
945
950
960
949
967
977
962
943
951
957
952
938
946
979
982
970
955
979
984
984
964
970
975
954
936
919
911
915
931
915
909
935
956
961
951
978
981
977
956
935
937
940
957
969
959
965
988
994
973
971
976
968
955
927
929
945
953
951
939
936
921
919
938
936
958
974
987
969
951
969
975
947
938
950
950
942
930
961
955
948
937
953
949
942
929
933
949
955
972
961
960
969
979
968
948
964
959
957
939
920
938
938
945
930
920
925
918
926
904
908
921
943
946
932
919
947
972
992
955
940
956
962
975
983
968
954
968
974
971
962
943
965
959
969
937
905
914
918
933
925
925
954
971
979
974
968
966
959
937
931
895
878
870
881
906
938
972
991
980
991
980
979
966
975
982
988
975
952
960
962
960
939
958
976
960
938
944
934
924
904
896
927
944
960
954
966
974
966
943
959
977
981
967
902
870
852
865
902
895
879
923
982
1002
1016
1038
1056
1053
1030
1008
1010
1008
1016
999
977
993
988
987
974
951
939
935
940
945
976
983
975
961
981
985
975
951
946
975
992
991
966
968
969
973
969
959
982
993
998
980
970
979
975
983
970
951
965
979
997
984
996
1002
983
971
927
914
899
895
875
877
909
926
933
968
987
997
976
987
984
980
959
942
945
943
926
918
936
942
955
976
976
956
939
947
934
915
895
873
884
889
930
939
953
948
945
925
930
929
932
929
914
928
908
903
928
915
905
891
859
860
863
879
864
835
817
794
772
759
737
724
714
708
702
699
695
698
710
723
752
796
842
885
928
939
951
964
985
972
955
897
816
811
798
803
849
841
861
1024
1173
1160
1152
1159
1164
1166
1159
1146
1119
1084
1066
1055
1067
1071
1086
1078
1057
973
1005
1005
1022
990
937
963
931
918
911
956
990
1015
1028
1019
947
910
917
876
870
899
968
1026
1052
1056
1051
1051
1051
1048
1048
1039
1025
988
996
1004
1004
983
956
963
934
906
893
924
949
981
1012
1033
1059
1078
1077
1064
1060
1046
1041
1037
1036
1046
1037
1029
1049
1042
1035
1034
996
989
978
984
1001
962
951
941
917
913
914
934
928
951
967
988
995
995
1003
996
975
945
949
941
955
971
976
995
1027
1018
1014
994
975
944
920
918
915
916
906
912
925
943
947
945
956
957
946
943
958
950
940
928
938
925
929
911
900
891
889
901
907
904
910
916
924
920
929
928
930
916
911
921
911
901
901
924
928
923
910
921
923
919
919
926
928
936
918
912
914
918
931
922
895
871
859
857
861
892
914
934
939
935
934
942
940
922
902
908
899
890
880
882
874
879
885
893
892
908
919
922
920
928
938
933
929
916
911
890
879
867
860
870
874
877
879
876
885
888
870
862
856
846
824
800
787
761
753
729
720
714
719
745
788
817
861
902
923
929
942
948
928
927
909
905
897
887
890
910
931
896
860
856
850
848
839
859
864
877
887
923
937
953
940
936
946
946
952
937
938
944
955
971
988
962
946
941
936
937
934
917
938
940
941
927
944
943
928
935
938
928
912
910
904
905
894
903
907
908
924
939
934
911
899
890
876
874
875
885
881
893
894
904
901
910
914
911
901
879
886
890
902
900
907
924
930
930
923
916
925
922
916
901
887
887
882
880
876
880
888
891
890
881
876
887
880
874
857
864
857
855
855
872
872
875
873
888
889
890
885
905
914
914
912
928
924
915
901
913
914
913
910
910
908
900
889
896
886
883
892
898
898
891
902
896
896
890
896
895
891
895
908
914
909
898
904
900
903
900
899
909
903
895
892
901
898
895
896
909
908
893
879
891
885
886
887
893
884
867
837
816
788
772
762
765
773
790
807
831
853
864
874
869
878
873
873
854
849
847
842
844
843
835
824
819
812
819
844
887
915
945
966
949
930
938
932
914
916
911
895
897
914
919
930
952
944
939
939
936
922
933
922
906
911
913
902
905
909
896
881
870
864
865
864
859
860
856
871
886
899
900
906
910
906
894
897
888
882
873
879
873
872
862
878
878
875
864
872
869
862
853
849
840
834
844
859
864
869
880
878
877
874
886
888
896
884
878
880
875
866
866
874
878
880
869
876
879
879
874
858
868
854
842
822
807
810
805
809
806
802
812
811
814
810
820
816
807
782
777
760
742
733
746
789
884
925
964
998
977
974
973
965
949
959
947
920
896
898
899
903
901
895
886
872
867
886
929
970
965
956
975
983
955
961
959
941
938
926
922
932
940
950
941
944
933
953
960
942
940
944
938
972
965
963
963
984
978
960
964
962
962
962
302
656
942
964
962
954
942
934
907
888
877
872
867
886
894
902
905
923
917
912
899
906
899
888
887
894
890
877
870
863
880
883
873
873
879
875
871
859
862
858
853
848
860
859
855
854
863
860
850
843
849
838
826
816
827
817
818
813
824
820
822
823
832
824
825
837
831
822
821
825
818
811
818
816
817
813
821
825
824
820
834
828
825
822
830
819
814
816
818
814
821
817
813
826
824
827
825
842
839
836
832
846
839
830
826
831
829
823
830
836
843
849
855
872
870
861
859
854
845
825
820
813
801
788
792
785
783
785
803
808
814
820
844
843
852
846
851
849
840
825
825
818
814
810
824
819
821
828
829
827
824
837
829
835
837
829
837
845
844
840
857
859
859
853
866
856
842
847
837
829
825
826
816
820
820
824
821
834
839
847
868
878
881
888
884
878
879
865
856
872
869
857
858
863
874
869
861
876
871
859
870
860
849
859
846
834
840
830
822
832
829
826
823
822
838
832
827
819
816
804
799
785
779
773
772
785
787
791
788
785
786
786
785
782
781
789
787
784
792
792
789
801
803
801
803
819
826
823
820
833
827
819
813
826
821
824
816
831
835
830
827
825
833
827
819
810
821
813
814
815
810
830
830
836
836
846
852
850
843
855
856
859
854
858
859
857
852
855
855
855
838
812
822
823
832
826
836
854
855
853
840
846
831
814
809
825
823
837
839
854
860
851
845
859
846
832
823
838
834
837
852
877
875
874
877
876
867
865
847
830
832
825
829
831
835
868
877
876
866
875
877
863
853
845
834
822
813
825
824
832
833
849
849
853
849
844
851
843
822
813
819
810
811
813
805
793
776
762
752
766
799
844
870
863
899
928
925
914
894
907
901
898
883
874
893
897
898
897
917
918
925
925
922
938
927
892
885
890
899
892
876
888
891
893
894
894
918
917
910
899
916
914
894
879
901
891
880
883
901
904
912
899
875
872
873
875
886
889
889
908
901
898
888
890
880
886
875
874
856
835
843
836
841
866
876
883
891
874
888
886
908
908
893
898
890
881
863
869
875
885
880
889
889
888
883
896
903
909
902
922
914
914
916
896
890
877
896
893
889
895
917
919
924
941
964
969
949
935
924
900
887
874
870
876
877
875
891
898
891
886
897
896
899
899
921
927
923
925
939
934
927
911
897
909
912
915
920
900
905
900
896
887
879
886
881
864
865
850
827
828
817
809
806
820
829
857
883
911
924
924
913
913
902
894
878
882
870
859
840
850
854
859
881
885
899
908
896
883
874
878
869
861
877
874
869
871
890
893
887
900
903
894
897
904
896
889
892
877
870
858
850
861
849
857
857
859
858
866
867
887
876
880
893
893
884
912
886
860
830
813
813
801
802
851
914
962
975
963
969
952
930
896
869
851
823
803
797
801
802
824
840
863
880
889
873
864
862
857
848
850
844
840
842
847
849
854
873
891
896
894
906
907
899
896
901
902
904
893
888
899
891
885
898
892
892
884
904
907
905
909
922
918
896
879
836
813
792
773
791
892
960
1025
1053
1051
1023
1032
1017
996
970
959
953
945
944
954
953
953
962
986
973
946
967
959
952
939
951
944
939
931
941
933
924
939
957
961
941
961
961
957
943
948
967
967
965
984
986
971
951
958
958
946
943
937
926
919
923
939
954
960
957
954
952
962
946
947
958
932
921
929
929
927
932
948
955
934
938
923
906
893
897
889
896
897
889
881
893
895
891
897
893
875
879
864
852
850
855
871
883
896
929
945
940
946
933
926
904
901
887
880
865
873
866
861
875
872
870
877
888
896
890
894
884
875
863
864
855
841
841
854
856
851
853
856
849
847
858
853
845
849
852
847
841
853
848
846
847
863
862
866
867
878
882
882
879
898
889
875
864
871
857
844
844
844
841
832
840
841
845
844
856
863
874
874
875
888
891
886
884
881
876
865
887
887
888
893
896
891
876
862
863
851
842
840
843
835
825
799
787
774
758
745
729
734
780
848
888
913
942
927
915
923
924
923
911
899
913
933
945
940
923
937
936
944
918
911
911
918
911
913
943
953
951
942
951
960
947
936
943
936
932
934
933
934
929
956
971
963
971
988
990
973
955
968
970
955
952
974
982
960
958
965
952
953
946
930
923
932
935
919
924
927
924
912
921
919
910
919
913
905
891
902
901
892
885
879
873
865
873
895
908
922
906
912
904
888
878
873
861
854
863
870
874
880
903
923
938
934
944
944
925
932
919
899
889
880
859
837
847
853
889
932
933
934
946
958
952
932
928
909
897
881
867
865
849
844
832
833
851
859
873
877
886
897
906
897
881
880
865
848
835
834
826
818
832
841
855
861
884
894
894
885
896
885
886
879
878
867
862
867
868
867
880
879
867
869
861
855
851
854
854
862
877
875
877
895
895
886
898
881
877
895
876
895
876
880
860
870
858
871
866
872
884
886
876
896
893
887
901
897
894
882
895
887
884
853
835
812
781
767
801
881
978
1004
988
982
985
977
959
936
896
868
859
838
828
815
813
835
860
901
909
908
929
934
937
975
928
903
886
891
895
906
934
961
965
967
972
968
966
962
959
985
989
943
954
933
931
929
933
932
946
946
945
938
931
931
903
894
894
881
876
875
875
876
895
894
894
896
884
867
861
848
833
837
831
823
817
808
810
802
807
826
830
849
865
869
863
879
869
855
856
839
823
813
798
786
786
774
772
777
781
783
804
812
823
842
845
846
850
842
827
824
808
791
779
778
764
753
747
750
748
749
752
761
764
765
766
769
760
761
749
744
737
727
727
719
719
721
727
730
745
762
774
778
792
795
793
788
792
781
772
768
757
742
736
726
716
714
711
719
728
733
755
764
781
782
789
805
805
794
797
782
772
771
761
761
754
747
751
748
745
752
756
758
765
777
786
794
795
789
776
775
764
754
757
749
744
749
750
746
751
756
760
762
772
776
773
772
778
769
764
764
746
737
733
720
715
714
707
703
703
704
706
720
729
737
750
754
761
769
764
767
769
760
759
758
748
746
755
749
740
737
739
738
733
737
754
756
755
761
770
770
762
763
766
759
753
766
757
748
754
747
740
734
736
728
734
733
733
744
763
771
777
783
803
804
803
797
804
798
789
775
770
771
763
751
753
750
745
741
739
755
750
743
743
757
754
749
743
746
747
738
729
726
724
719
718
720
735
760
789
824
846
843
854
856
862
864
851
845
841
825
794
782
767
751
748
754
789
847
888
909
909
891
908
921
930
914
904
895
909
921
956
944
937
925
926
914
910
897
914
914
923
921
902
914
922
932
930
902
913
902
896
887
873
857
850
859
851
864
871
872
883
877
873
865
874
866
865
860
872
892
915
908
934
927
909
910
899
896
891
873
882
871
861
879
881
887
908
917
915
909
903
895
871
863
865
858
858
847
844
857
861
873
874
894
899
898
883
890
882
867
865
856
843
855
857
852
868
890
912
915
912
924
905
897
882
897
884
875
870
891
911
924
914
918
913
910
892
901
891
884
869
875
871
871
873
866
861
858
856
847
859
862
863
867
884
872
862
854
853
832
815
804
801
788
770
761
735
748
737
726
720
714
714
711
708
699
694
688
676
669
664
657
650
644
640
639
646
661
688
720
759
793
821
867
886
853
803
812
860
946
917
900
1009
1047
986
984
1024
1049
1001
1004
1022
1024
1006
1034
1036
1035
1028
1047
1058
1058
1026
1051
1045
1017
987
1012
1021
1010
976
1011
988
946
954
917
884
895
929
938
939
955
1015
1014
1012
926
875
851
829
852
890
902
942
986
1025
1052
1010
1019
1011
1002
997
969
940
960
960
973
983
957
968
975
974
955
964
915
920
925
926
929
908
942
939
936
935
981
1003
1009
979
956
968
960
926
920
933
940
920
921
886
854
834
802
771
763
753
740
744
781
842
910
938
896
871
889
925
976
996
1021
1035
1037
1033
1003
962
895
829
782
769
753
794
950
1005
1010
1047
1062
1067
1045
1014
937
884
892
916
954
970
991
1021
1019
1004
957
943
954
949
964
964
1004
1032
1030
1024
979
966
988
981
967
942
977
985
987
972
950
980
984
1005
1012
1020
1023
1000
1026
1032
1029
1000
1016
1013
988
970
987
988
966
956
985
984
952
953
927
913
925
918
904
921
921
936
930
949
960
975
958
958
955
957
959
943
952
948
957
920
904
932
946
955
975
1024
1083
1092
1080
1036
1000
980
967
956
930
904
912
905
913
907
911
940
961
969
968
953
961
943
940
924
943
946
953
944
936
958
971
953
957
959
947
933
947
948
928
919
938
945
933
930
940
935
921
929
936
947
946
940
930
918
903
890
877
874
887
895
904
913
930
934
920
920
914
903
888
888
879
880
872
875
873
875
874
881
889
890
883
878
861
853
845
874
882
922
926
937
944
929
901
900
876
857
847
842
828
834
838
839
839
850
854
854
872
867
866
890
890
883
883
894
888
879
891
879
877
882
880
852
831
832
843
895
938
976
979
979
953
952
945
932
905
878
875
869
871
862
864
879
879
894
899
935
927
921
910
920
928
924
911
925
929
914
911
924
928
914
938
931
914
915
920
919
911
924
897
903
896
910
929
963
997
993
996
997
980
960
926
933
922
919
901
900
902
908
911
913
943
938
940
938
936
945
940
938
931
945
937
942
940
941
949
951
959
941
931
926
922
919
907
922
918
926
917
929
926
916
916
924
938
938
946
945
948
938
938
938
935
932
929
919
916
931
944
939
932
953
954
949
948
957
954
939
959
953
935
938
932
931
910
911
903
902
889
894
904
911
896
883
898
893
881
881
895
896
890
907
911
914
911
922
917
902
906
897
893
889
896
896
890
912
924
942
925
925
934
935
925
907
905
894
910
908
909
906
934
939
933
940
936
947
936
936
939
935
957
944
954
929
917
923
917
899
925
923
914
896
909
910
898
913
911
925
917
920
907
920
935
923
930
933
930
912
923
922
916
911
923
931
930
923
938
948
926
928
917
907
891
897
902
894
882
892
892
885
887
888
892
881
877
878
874
871
874
876
890
884
881
896
893
880
898
902
892
900
900
894
886
910
910
912
913
935
930
918
924
911
896
884
893
893
897
905
896
891
898
889
873
884
881
880
868
874
878
889
881
879
888
896
896
902
915
917
896
901
894
881
870
880
878
872
870
883
887
880
897
894
876
893
880
874
860
864
856
845
845
860
866
878
914
929
934
918
916
895
868
864
844
829
841
839
844
861
881
906
907
927
934
912
923
912
895
889
893
880
882
887
880
875
889
886
888
903
916
922
925
919
931
931
949
928
939
916
917
927
941
948
948
977
986
979
973
974
972
946
955
937
933
917
917
924
929
926
920
928
924
911
899
898
892
882
881
888
896
897
887
896
909
900
885
885
880
865
864
854
847
840
855
859
868
887
917
930
925
931
923
909
901
901
903
891
892
878
863
863
868
877
875
903
921
917
935
932
934
939
930
930
922
909
925
917
919
931
944
949
947
956
946
939
928
933
920
911
889
898
893
894
886
898
896
881
878
879
877
873
874
876
877
877
886
892
890
901
904
908
909
918
917
914
928
929
931
919
907
899
893
898
896
894
895
890
901
894
876
865
873
869
869
877
890
899
895
914
910
910
888
887
869
851
841
841
838
845
848
860
874
877
875
893
891
878
884
889
883
875
877
871
870
868
885
879
866
884
875
871
886
876
861
870
858
852
848
860
858
854
864
875
871
863
872
880
890
872
884
878
866
862
858
849
840
848
856
868
876
888
900
899
922
919
919
917
919
909
901
915
897
896
911
902
895
903
901
886
890
892
884
869
885
882
888
890
922
934
929
926
906
896
895
880
874
854
833
815
781
771
811
888
1020
1108
1122
1130
1122
1101
1046
966
917
889
894
907
891
899
887
872
880
889
904
908
907
925
916
902
896
914
922
932
930
934
942
949
937
943
954
961
958
964
968
974
965
966
966
980
981
1001
1012
1005
989
980
959
955
965
1012
975
967
973
986
977
958
962
962
947
935
952
949
937
932
917
909
899
903
923
918
907
896
889
887
876
872
874
897
913
922
918
918
918
895
883
860
834
820
823
857
892
944
947
956
981
979
954
933
939
925
898
908
891
880
872
895
891
901
904
940
938
938
921
925
903
908
883
881
909
911
911
919
915
910
895
884
855
827
796
766
745
731
720
712
706
703
695
689
683
678
672
658
654
646
640
630
626
625
622
624
631
641
652
665
684
704
713
711
709
703
696
688
680
673
664
659
657
652
652
651
655
663
666
682
720
767
826
922
965
1003
1032
1037
1040
1049
1061
1066
1085
1087
1084
1097
1104
1107
1059
1001
983
959
950
1007
1062
1105
1116
1097
1079
1066
1044
1034
1015
993
1008
1040
1056
1063
1040
1021
1021
1033
1030
1013
1015
981
972
959
980
1000
936
896
912
980
1017
993
994
1020
1022
1013
1021
1021
1021
1009
1029
985
953
900
880
898
963
1045
1066
1047
1034
1036
1024
1021
1019
1021
997
974
982
999
1027
1001
968
895
857
813
770
751
739
788
957
1035
1032
1080
1101
1108
1097
1099
1094
1073
1048
1038
1026
1015
997
904
854
814
789
768
786
869
993
1074
1097
1100
1096
1072
983
938
908
903
958
1045
1123
1146
1153
1160
1142
1132
1107
1094
1078
1062
1042
914
868
824
799
780
754
751
748
764
795
802
804
815
821
814
810
814
863
954
1040
1084
1089
1058
1045
1021
938
924
921
918
971
1065
1120
1044
995
1018
1061
1085
1068
1043
954
897
875
881
968
1073
1079
1088
1152
1166
1149
1137
1069
1055
1056
1093
1105
968
888
854
836
834
865
867
840
815
810
803
798
809
803
791
779
762
756
744
731
729
726
724
712
715
713
712
718
732
758
776
784
785
795
822
855
896
948
926
849
807
832
887
1000
1001
959
1040
1103
1089
1072
1027
1021
1030
1029
1042
1030
1000
1027
1048
1054
1029
1066
1068
1067
1057
1032
1042
1038
1029
995
1016
1030
1012
1050
1040
1023
985
988
990
1012
1006
1035
1055
1055
1006
1021
1030
1046
1024
1047
1055
1053
1019
1057
1063
1056
1014
1040
1034
1007
1044
1067
1045
1018
1041
1034
1012
993
979
997
1001
961
971
1000
997
963
966
962
959
952
924
952
937
938
930
991
940
930
941
951
974
1004
1019
995
978
1012
1019
1013
983
960
983
990
990
985
1029
1015
1008
1003
1034
1033
1008
1032
1028
1022
1000
994
1005
1010
1033
1020
1026
1027
1035
987
985
996
1005
998
1003
1038
1043
1030
1029
1028
1018
1001
1022
1038
1057
1048
961
899
877
828
818
795
786
835
966
1117
1120
1125
1151
1161
1160
1129
1121
1112
1075
1045
1056
1076
1091
1122
1101
1077
1062
1085
1107
1119
1085
968
896
850
817
797
829
941
1082
1104
1124
1151
1148
1159
1158
1141
1120
1075
1072
1049
1035
1048
1059
1080
1063
1035
1021
1044
1073
1056
1023
935
883
843
827
858
973
1072
1131
1147
1151
1118
1107
1076
1056
1033
1009
1001
994
1000
1021
1015
1007
1027
1021
1000
965
923
914
925
910
935
968
994
989
1029
1044
1052
1030
1055
1066
1061
1020
1020
1012
1013
1011
975
984
995
1005
1012
981
999
1021
1017
980
969
1014
959
909
904
886
870
834
816
811
809
802
811
870
1000
1067
1062
1069
1077
1070
1053
1034
993
992
989
999
1024
1032
1021
1031
1025
1028
1008
961
975
1011
1021
993
971
1001
1021
1027
1004
1017
1017
1012
999
974
990
994
1004
994
1021
1018
999
982
1002
997
985
963
983
980
955
979
1018
1000
977
1014
1031
1020
979
1012
980
939
945
972
990
970
985
983
984
973
1016
1020
1012
979
993
978
986
960
953
981
991
1004
978
984
999
994
989
954
945
949
961
983
969
975
997
996
987
979
990
966
935
908
921
906
900
888
931
914
914
905
930
925
902
884
868
833
801
782
774
809
867
891
951
1009
1036
1017
1003
1017
1012
1010
995
1007
1018
1018
1012
1008
1002
957
973
977
999
1021
992
984
1008
1015
1019
996
1021
999
981
969
1014
1023
1005
1025
1043
1023
991
1020
1009
983
958
967
974
944
924
932
929
947
916
898
929
939
931
928
959
976
983
960
969
980
981
954
950
964
957
928
928
938
948
973
972
976
1005
1024
1019
991
989
1010
1005
977
980
959
954
961
933
968
988
1004
979
969
983
998
1001
982
990
1012
1024
1034
1003
1004
1007
1005
1001
975
994
977
964
984
976
984
960
985
996
1008
992
963
1000
985
985
976
979
1024
981
958
927
955
964
947
911
918
925
957
953
932
946
977
1007
1006
1005
1021
1020
1009
1005
1015
1026
1003
1006
997
1006
992
960
955
954
954
947
919
954
954
960
941
973
945
931
917
945
979
938
877
862
834
801
775
758
744
735
724
717
708
697
691
685
681
677
676
678
682
690
701
717
745
765
782
769
733
717
697
684
681
688
689
690
720
732
729
742
780
795
803
836
851
843
880
937
1001
1058
1084
1085
1074
1042
1034
1089
1070
1059
993
885
863
914
1044
1018
1048
1104
1104
1085
1108
1116
1119
1093
1101
1091
1077
1062
1041
1032
1026
1033
1068
1083
1072
999
916
891
867
847
874
953
1108
1157
1128
1127
1150
1146
1139
1110
1123
1122
1108
1106
1104
1093
1094
1095
1090
1070
1043
1089
1105
1050
1007
1038
1026
985
1020
1033
1049
1055
1038
1074
1077
1077
1083
1057
1047
1059
1051
1059
1054
1033
1040
1045
1051
1033
998
1017
1012
996
974
1001
1016
992
977
1016
1024
995
964
995
993
984
947
940
941
944
936
955
997
1028
1014
1023
1042
1036
985
993
1002
999
957
972
975
988
999
966
973
990
1004
973
993
1008
1005
975
966
1003
1033
1000
988
1019
1020
1015
978
1015
1013
1012
984
1019
1019
1002
987
1026
1036
1025
990
1027
1039
1039
1006
996
1023
1024
1028
1000
989
1014
1018
1011
974
990
998
995
959
981
988
984
958
968
981
990
966
949
973
977
979
959
977
979
965
940
979
983
959
946
988
991
965
982
1009
1023
986
971
1013
1027
1016
984
1021
1022
1027
977
983
1009
986
977
953
972
984
1008
1020
982
982
1007
1019
1012
971
1000
999
999
982
965
989
1022
1034
1018
982
1009
992
969
952
1000
1016
1036
991
996
1033
1037
1034
993
998
1004
989
966
956
995
1001
993
966
993
992
1008
977
1000
979
957
946
977
991
1008
975
957
982
974
1012
979
941
961
980
1029
1033
1002
972
1002
1045
1057
1047
1007
1008
1023
1060
1058
1040
995
985
1001
1014
993
974
991
980
989
997
973
940
978
1014
1052
1031
1002
1025
1023
993
981
1007
1007
990
974
1022
1039
1039
1006
985
1005
1006
991
956
982
986
984
949
942
979
974
987
960
965
1023
1017
996
1243
839
1039
1007
998
1021
1026
1005
981
1014
1021
1004
978
1018
1000
984
949
986
989
994
950
967
992
999
961
944
981
989
952
933
943
935
921
921
966
983
993
958
979
995
985
941
931
942
967
981
960
978
992
1005
977
986
977
957
927
915
956
969
997
979
977
1003
1015
1010
975
1001
1015
1009
974
941
979
988
1002
978
952
977
978
973
950
995
991
1006
985
960
974
990
1012
972
965
993
986
993
961
990
1002
1011
975
1004
1029
1031
1004
1017
1041
1034
999
980
1017
1016
1010
967
985
1012
1036
1041
1002
1014
1025
1013
974
934
952
957
976
951
957
1023
1037
1015
982
997
992
968
954
969
955
942
935
988
1019
1043
1015
991
1008
1005
1010
965
949
977
990
1008
990
982
1026
1024
1021
986
976
1009
1018
1022
980
959
996
993
992
977
1019
1010
1015
979
970
998
998
979
940
957
942
952
924
942
946
952
940
918
959
966
962
946
991
997
980
981
950
968
1003
1039
1041
1005
1005
1017
1026
991
1023
893
818
776
739
720
705
709
731
766
799
869
962
1018
1062
1035
1047
1054
1011
1008
975
989
1010
1022
1025
1000
948
948
957
976
976
933
900
948
965
959
962
991
1023
1037
1024
1019
1037
1067
1060
1069
1068
1059
1045
1022
1048
1048
1048
1026
1027
1020
1010
992
978
1004
1015
1025
1005
1026
1030
1039
1027
1017
1022
1015
996
980
1011
1021
1008
979
992
1003
1007
999
1025
1041
1027
1021
1027
1041
1055
1048
1023
1028
1042
1046
1039
1043
1021
1016
1025
1030
996
952
969
983
998
989
1030
1062
1068
1040
1064
1064
1063
1021
1009
1042
1038
1036
1019
1026
1042
1043
1022
1034
1030
1035
1042
1031
1034
1040
1056
1057
1027
1026
999
995
979
995
1013
1021
1005
1031
1056
1044
1051
1053
1064
1041
1032
1029
1043
1034
1050
1057
1040
1020
1026
1023
1014
1006
1020
1029
1035
1019
1016
1026
1024
986
988
993
994
970
990
989
995
982
972
992
1007
996
992
1017
1018
1002
998
1015
1010
988
964
973
962
963
936
925
936
957
959
988
1013
1006
1003
1017
1013
998
1013
1020
1021
991
990
994
998
1002
983
985
999
999
988
983
964
980
953
935
965
984
994
986
974
997
1004
1018
1023
997
988
995
1005
1007
997
1009
1031
1044
1023
1021
1028
1027
1018
1003
992
1005
1001
1002
995
985
1004
1002
1007
989
974
969
967
974
954
956
970
983
988
988
1008
1006
986
989
982
979
966
990
1001
1011
1009
1017
1040
1043
1033
1019
1036
1034
1027
1001
971
973
982
992
979
996
993
1013
986
987
1005
1020
993
1000
1005
1009
980
998
1002
1000
982
967
985
995
1003
1018
1005
1019
996
988
959
957
967
972
954
950
974
985
974
965
980
984
982
961
962
968
978
973
971
998
1002
987
975
999
1014
1007
989
996
992
948
942
922
928
958
1000
1037
1042
1021
1023
1020
1020
1014
983
999
1001
1001
985
960
981
984
984
974
996
998
1013
1021
1004
990
1004
1004
1004
997
1001
971
943
915
930
961
1002
1016
997
995
1022
1036
1025
994
1011
1012
1008
985
993
1008
1016
1016
1032
1034
1038
1020
1013
1026
1033
1024
1009
1009
1010
1019
1010
984
1002
1000
1000
980
985
1001
1010
1010
998
984
969
974
958
988
1013
1037
1035
1008
1012
1011
1017
995
1010
1033
1038
1030
1004
1021
1026
1021
993
1002
997
984
971
936
934
931
940
934
952
977
992
988
977
978
983
964
952
960
955
940
935
923
937
950
945
970
1016
1037
1026
1009
1029
1023
1022
1004
1002
1010
1013
1004
979
966
966
968
961
944
942
943
950
943
926
957
973
975
955
969
990
1007
1010
994
997
998
1005
1011
983
967
989
991
997
978
973
984
979
966
948
958
969
980
974
991
997
1001
1000
997
992
956
961
969
989
982
970
990
1004
991
976
991
983
967
983
991
977
963
979
988
1008
1006
994
1014
1026
1025
1004
993
1007
996
973
931
934
928
955
966
957
986
1016
1000
1016
1020
999
964
911
883
866
854
866
877
913
947
977
1009
1016
1023
1007
979
997
986
977
978
948
938
952
965
980
967
978
989
984
955
925
942
952
950
933
950
962
972
962
982
983
980
970
964
986
990
976
943
923
942
950
941
954
981
1005
1004
987
996
1003
1003
980
961
964
967
972
953
956
953
958
960
934
934
929
943
954
954
958
986
991
997
977
976
958
959
967
945
951
963
979
980
961
957
975
993
1005
987
961
979
980
961
951
976
977
984
965
962
962
962
970
961
956
966
967
960
945
940
950
947
933
925
945
945
937
916
935
937
934
919
942
966
971
954
975
974
975
956
958
961
953
931
945
934
931
927
935
950
964
962
950
966
978
982
972
961
979
975
963
962
977
996
973
942
956
966
975
960
940
958
973
974
958
976
968
939
911
903
900
896
878
868
881
918
946
968
1004
1032
1032
1006
1013
1003
999
981
953
966
970
977
981
970
938
953
948
938
911
912
923
933
938
932
962
957
968
967
957
980
977
984
975
970
979
980
979
961
951
961
968
966
950
941
967
972
970
959
965
975
975
953
955
966
964
971
957
929
943
921
896
890
907
925
949
943
953
980
991
1007
998
983
1006
1008
1002
974
948
932
910
907
928
933
925
953
982
991
986
1000
1008
1002
974
978
982
981
979
964
985
987
990
979
956
968
974
971
943
946
952
955
934
935
949
951
954
953
962
974
966
949
956
965
969
959
954
962
977
976
962
984
1004
992
973
917
903
899
906
919
924
900
923
936
964
983
978
998
1002
984
969
974
966
943
949
953
963
953
942
955
955
939
920
940
938
953
938
975
989
981
964
983
984
973
957
974
978
976
969
943
946
956
970
975
960
950
972
986
987
980
944
961
961
969
964
941
965
959
945
914
905
921
922
939
931
961
995
1002
973
993
1007
1012
1009
990
1003
989
967
948
964
960
954
943
969
985
987
954
967
946
963
955
941
946
953
966
958
989
987
989
973
974
995
999
995
984
990
989
988
984
954
947
952
959
945
944
971
980
987
958
972
978
997
999
977
962
979
985
979
964
958
957
956
929
927
936
951
949
941
968
983
995
984
1010
1006
1009
993
963
977
987
981
986
968
958
972
981
960
941
950
956
951
933
950
966
977
968
971
994
983
952
946
961
956
954
925
906
918
918
932
931
952
965
979
984
934
907
912
928
953
961
966
972
969
980
1000
1013
981
995
990
990
989
959
944
952
949
941
918
931
924
915
898
901
919
928
936
924
948
949
961
947
963
976
978
988
997
993
983
1005
1008
1000
969
979
977
973
953
935
955
961
965
950
968
964
959
944
939
954
945
931
938
942
946
932
926
932
929
919
924
935
936
937
927
934
942
943
938
955
968
975
978
967
969
975
976
978
963
970
970
971
943
919
931
938
953
955
944
977
983
981
970
983
988
982
966
979
981
977
964
983
979
969
957
968
969
971
963
975
980
985
973
966
979
980
972
956
970
964
941
934
946
960
963
943
953
969
985
977
968
976
956
930
938
951
955
943
934
962
968
960
942
958
949
941
925
921
928
939
933
932
950
973
989
978
956
960
968
968
955
965
974
984
979
957
960
956
950
935
933
942
941
913
916
912
921
933
931
954
969
971
962
950
964
965
973
974
944
947
955
964
956
925
919
947
951
966
966
942
940
961
981
982
959
979
979
972
948
966
949
937
929
948
961
964
947
973
971
975
963
984
988
989
978
979
985
983
972
954
967
968
968
959
949
963
958
937
940
947
949
939
942
963
966
958
972
978
968
959
974
982
965
945
921
910
932
923
901
881
851
882
934
967
972
1006
1004
1012
1021
994
980
980
954
971
950
933
946
956
938
902
917
940
951
948
942
964
968
979
977
957
974
981
984
997
1000
983
1004
1001
983
983
985
979
968
943
952
955
958
949
935
958
954
960
948
944
963
961
946
939
956
956
943
938
948
937
922
939
945
951
949
940
961
959
963
951
954
965
966
958
933
914
925
929
926
927
913
930
935
935
905
930
928
928
914
908
932
951
941
963
962
944
923
939
935
931
920
943
952
936
936
954
955
950
941
967
969
973
956
957
972
973
967
943
930
954
968
979
976
956
982
990
996
995
969
996
990
979
970
943
951
951
967
972
970
965
981
978
972
944
954
938
909
885
904
910
906
884
890
911
926
928
927
963
968
975
958
954
976
978
971
953
963
974
964
950
913
915
925
945
958
938
936
969
965
974
967
960
973
975
966
948
970
971
973
949
947
951
944
922
936
941
941
920
922
932
931
920
910
932
948
955
932
925
948
948
938
947
949
946
944
934
946
955
967
957
958
967
949
933
948
952
950
937
935
947
948
928
934
934
918
908
918
917
900
885
875
876
880
887
890
906
918
919
907
911
923
934
924
914
927
935
935
926
937
943
953
940
941
960
975
979
963
940
943
945
949
954
934
923
942
956
972
962
944
960
961
957
939
949
956
956
928
905
917
922
923
918
947
967
962
951
938
950
954
955
940
941
958
964
970
958
934
927
936
940
949
939
950
974
972
973
950
957
961
957
941
932
944
939
928
953
952
956
944
962
967
968
956
939
957
956
959
947
938
959
962
963
949
960
964
970
954
953
965
963
964
955
935
952
953
952
933
925
927
911
899
889
894
916
936
930
912
930
936
945
933
924
941
948
955
942
937
951
942
892
870
890
916
957
979
985
998
1018
1021
1010
1004
1008
1001
986
965
978
977
972
952
950
959
960
945
946
959
968
967
959
979
980
979
941
929
937
942
936
938
954
962
952
944
966
964
971
955
944
958
955
949
930
953
951
948
932
942
948
957
963
946
962
969
974
964
945
962
961
965
952
940
956
951
954
939
959
954
952
947
929
944
942
930
922
938
922
932
923
916
940
960
970
955
942
947
931
905
892
909
920
913
919
957
977
970
967
959
982
982
982
958
945
947
942
936
927
932
941
945
934
921
936
931
917
896
908
917
938
953
954
946
970
979
995
981
960
979
978
964
938
946
947
943
926
905
926
943
961
952
930
951
952
958
938
954
949
946
932
914
921
922
938
934
941
965
964
969
943
919
923
931
944
955
936
961
969
984
1002
992
964
971
959
953
931
938
947
948
949
933
954
960
970
979
974
955
962
956
955
940
939
961
965
965
953
977
979
971
966
982
990
947
917
919
918
949
955
961
987
998
1007
1003
996
1010
1008
999
977
947
951
951
938
933
945
948
948
938
961
946
922
908
911
909
918
909
918
938
968
976
979
987
998
992
974
983
967
945
917
899
910
914
922
911
899
918
932
935
934
963
967
964
947
950
954
936
952
972
967
944
943
958
961
959
946
932
950
961
950
935
932
937
933
921
920
939
938
940
920
943
947
957
948
962
957
937
924
936
943
971
983
963
968
980
985
971
968
981
979
955
945
951
942
947
931
920
935
945
956
943
934
961
959
968
957
942
969
967
972
957
938
962
963
958
945
931
945
943
950
954
937
962
974
966
962
980
977
956
970
972
972
952
942
949
944
935
926
920
926
929
927
918
928
943
945
950
938
932
953
958
956
939
956
964
967
948
946
946
929
900
903
909
916
907
907
935
953
959
961
952
958
976
980
984
971
968
984
984
972
954
968
966
965
946
951
962
968
970
950
964
967
961
946
950
962
964
969
952
955
965
962
948
922
912
897
887
889
918
942
950
922
935
957
965
968
935
935
937
935
926
897
897
908
915
923
951
966
967
958
941
951
943
935
944
938
924
937
939
957
934
931
950
949
944
922
938
938
942
930
916
939
951
959
949
977
974
970
962
991
997
992
994
987
982
958
956
962
970
990
1007
990
950
954
927
893
896
875
865
902
931
966
1001
983
1001
1014
1006
1000
970
939
920
926
938
961
967
946
971
977
991
1001
972
972
972
971
945
965
973
975
965
938
951
944
943
910
881
886
896
914
923
946
989
1016
1018
1003
991
1006
994
977
950
938
937
933
926
928
954
964
968
955
966
973
975
964
950
970
969
970
953
938
952
955
965
953
954
967
965
966
945
965
967
966
951
943
960
957
965
940
926
934
935
932
932
962
979
984
969
957
979
989
987
970
949
958
949
933
920
927
935
924
905
917
927
940
925
958
970
977
971
952
976
993
991
969
971
980
981
971
959
967
967
971
962
941
962
965
970
958
938
943
928
909
896
897
930
946
940
930
955
979
989
961
963
963
962
956
967
973
970
946
943
950
944
932
930
925
907
920
921
930
910
899
922
942
953
943
969
985
979
949
933
948
950
948
931
923
938
950
948
943
966
971
966
945
918
920
933
951
939
966
980
989
967
963
978
977
957
972
978
975
965
906
877
866
876
884
884
916
935
964
964
958
981
980
976
959
978
979
979
968
945
951
939
930
895
882
890
902
916
908
927
938
939
926
942
949
951
941
950
960
955
926
913
917
916
911
919
933
935
947
937
950
955
958
946
922
926
913
877
857
880
900
929
938
942
965
979
977
967
986
977
968
949
943
949
947
942
930
946
945
945
934
929
941
938
922
912
929
925
900
898
911
922
911
914
938
937
937
930
932
951
956
937
927
932
935
926
907
919
934
952
939
928
937
938
933
909
927
923
921
900
913
938
946
937
942
957
958
956
946
971
977
979
966
963
970
966
965
947
969
966
961
941
951
946
936
921
937
934
929
919
929
950
958
949
937
952
947
937
920
938
936
938
922
926
943
951
958
954
950
963
960
961
944
942
948
949
940
925
932
932
936
938
930
927
952
963
968
943
924
931
921
917
913
906
927
934
933
920
938
954
962
938
934
943
938
935
929
926
952
959
962
955
960
972
969
962
940
954
945
941
933
925
938
931
934
923
926
938
944
952
961
949
942
955
959
945
938
953
945
937
918
917
935
938
936
916
918
923
928
922
930
953
959
955
938
959
956
953
938
938
950
947
936
917
920
925
918
905
885
903
911
921
916
938
944
947
946
932
949
954
955
938
928
949
951
956
948
938
950
953
952
943
929
948
945
934
920
939
942
953
932
939
956
947
934
954
938
922
898
907
907
919
933
929
923
947
955
946
945
954
934
906
891
888
901
907
898
906
928
937
931
931
956
968
964
956
949
964
960
963
943
936
927
907
886
916
930
949
944
936
962
968
974
971
948
958
960
958
946
929
939
932
929
908
897
900
903
920
914
915
914
913
916
938
958
957
950
945
971
974
966
951
966
961
965
954
934
948
948
938
930
951
955
952
938
949
951
949
934
944
953
957
942
933
937
924
925
914
913
933
932
916
912
925
939
948
922
906
904
888
880
878
910
953
979
955
959
962
965
970
979
984
993
983
958
968
969
973
971
947
955
969
972
968
943
961
964
963
964
960
981
989
989
969
966
975
974
966
948
967
970
972
977
962
941
950
948
942
932
911
921
899
907
911
906
930
938
938
928
952
954
953
938
926
938
929
937
952
947
936
961
965
971
957
940
962
953
954
959
938
926
940
948
952
941
922
938
929
921
903
919
923
915
893
898
907
896
919
950
981
981
1002
980
964
982
983
990
965
947
952
946
931
914
933
934
939
931
935
946
946
950
939
944
957
964
963
958
979
979
970
942
943
935
932
918
906
931
945
944
940
972
982
981
959
968
965
960
953
940
965
967
971
974
956
952
961
960
963
950
943
958
957
957
938
930
938
924
917
906
918
928
940
949
944
968
979
987
990
969
981
982
981
976
957
933
940
931
932
929
910
923
937
949
958
947
957
962
963
934
930
947
953
944
937
961
961
948
937
958
956
948
913
926
936
940
946
938
963
972
989
978
958
984
972
954
924
920
918
922
899
897
912
934
938
936
965
976
955
948
963
966
963
944
954
950
950
938
936
953
958
956
938
958
957
962
944
937
947
958
965
955
946
962
965
951
930
914
896
883
884
876
893
921
978
975
972
1001
1004
1002
985
1001
999
996
973
946
959
948
944
929
926
936
929
912
926
934
942
940
943
969
974
987
976
961
976
979
969
954
957
952
961
942
936
945
942
933
916
928
929
934
928
919
946
956
964
950
939
957
953
959
942
934
938
937
949
928
908
915
911
910
891
910
916
923
903
925
934
934
922
937
940
943
935
925
942
941
938
922
920
928
935
917
911
926
926
925
906
896
912
910
921
914
898
910
916
919
915
945
956
962
949
979
979
973
949
960
961
960
944
939
960
948
941
922
932
934
938
935
926
953
966
970
957
953
974
969
954
952
963
964
948
954
960
953
938
963
967
968
952
941
959
955
956
932
940
928
943
965
962
974
985
988
981
971
974
974
976
979
960
966
964
962
952
939
956
952
947
933
953
952
956
942
936
949
944
938
927
947
953
966
956
962
973
984
981
977
960
967
970
974
979
959
959
958
957
956
929
926
936
931
909
903
920
924
912
908
929
928
887
868
888
913
952
949
973
990
1006
1013
1004
1011
1005
989
976
973
960
942
921
935
931
935
921
914
938
939
942
920
918
925
921
912
937
940
933
924
947
944
939
938
960
963
964
951
965
969
969
949
947
953
957
962
953
961
975
981
971
963
979
981
973
945
938
935
930
913
921
934
942
945
936
945
957
956
951
930
938
939
939
924
924
940
944
947
937
959
963
962
951
948
954
943
923
917
928
955
959
940
973
981
990
979
970
976
969
964
944
929
936
945
968
956
946
983
983
984
967
957
945
942
933
926
942
948
954
946
968
964
968
947
958
950
932
900
894
925
960
965
946
969
974
975
956
953
959
952
941
939
926
884
879
881
894
830
1004
933
902
878
836
799
769
763
1457
3391
651
653
655
643
639
630
621
610
604
601
591
585
577
571
565
560
555
547
545
542
536
532
530
526
525
525
522
520
520
520
521
522
523
524
526
529
531
532
533
536
540
549
561
565
571
575
573
567
560
561
559
556
556
554
553
552
552
553
552
550
550
544
540
536
531
532
528
527
526
525
524
523
523
519
518
518
514
513
511
511
511
510
510
511
512
512
511
512
512
511
514
512
511
509
507
506
509
506
502
502
501
501
503
505
503
503
502
504
504
504
506
507
509
508
507
509
505
504
504
507
510
515
522
530
535
537
537
536
535
535
532
527
524
523
520
518
516
513
511
510
507
506
502
502
499
501
502
507
510
521
537
547
552
547
548
544
540
536
531
526
523
521
517
513
510
509
509
505
506
506
508
509
509
511
509
510
507
506
507
508
513
524
547
587
614
621
617
603
587
576
573
571
570
563
551
544
535
531
530
532
537
544
550
555
558
557
559
557
555
552
549
544
540