599
606
624
647
689
739
793
802
827
869
858
787
774
754
738
721
765
816
772
764
779
799
847
805
791
811
807
818
819
783
755
746
726
720
723
732
742
748
744
740
744
744
736
728
726
729
745
744
742
783
812
821
796
764
762
768
774
757
736
745
755
771
773
761
767
782
807
828
843
854
833
807
812
824
845
876
874
841
850
849
853
847
812
778
779
786
823
860
850
828
831
854
874
866
827
804
798
793
800
807
804
815
828
850
854
867
838
826
832
854
880
907
890
854
856
861
873
852
815
792
791
790
782
750
727
713
701
696
710
718
729
747
770
794
824
837
817
815
813
813
813
824
828
823
823
837
842
869
877
881
895
901
891
892
887
858
861
853
860
853
828
796
790
783
767
758
771
785
793
794
800
813
822
814
806
820
834
848
843
836
845
856
871
874
865
854
849
846
854
853
837
818
826
817
824
821
813
817
831
839
842
822
807
813
818
823
832
826
804
801
801
811
824
819
817
839
861
861
865
855
845
862
872
885
875
869
812
797
791
783
771
744
738
744
753
745
733
729
741
746
746
734
738
738
738
733
728
720
716
710
706
712
718
731
755
785
817
839
837
851
860
842
832
815
787
785
795
803
817
795
801
816
816
789
776
780
781
780
794
824
846
866
867
848
862
863
860
857
831
816
818
821
838
867
888
883
903
923
943
945
940
905
862
866
870
883
890
895
856
844
855
846
820
809
813
820
821
813
813
820
827
844
846
830
835
834
839
829
828
833
839
847
854
861
880
884
867
863
876
888
902
902
901
901
910
911
883
842
811
807
806
794
776
770
771
783
792
794
804
817
825
845
854
875
891
909
891
872
836
822
819
822
822
820
829
839
842
839
843
877
898