1027
1007
991
1010
1020
1010
979
945
963
979
997
979
973
1004
1033
1055
1021
980
988
1005
1009
989
947
938
969
974
989
979
1004
1031
1045
1039
1021
992
995
1001
1014
1018
1013
1012
1018
1016
1012
988
945
938
943
901
869
871
885
876
875
900
902
852
845
852
866
870
886
908
935
963
988
998
1011
1021
1045
1050
1045
1015
978
980
985
990
978
978
991
995
962
916
925
937
958
963
962
985
1012
1013
1008
984
984
1014
1022
1020
999
974
980
971
969
959
938
961
960
965
945
916
938
951
942
916
906
937
949
931
921
939
940
933
919
946
959
964
948
952