942
949
951
933
935
947
951
949
927
931
943
958
968
966
964
974
970
951
942
921
929
950
968
939
909
923
905
862
848
857
861
861
866
877
900
929
952
961
987
997
999
969
879
849
831
837
847
838
839
856
868
884
874
877
906
920
933
927
929
933
943
946
913
900
902
916
925
921
931
951
964
972
954
929
937
938
944
930
914
926
953
966
977
1002
1007
1004
974
955
964
979
976
941
929
945
959
962
957
944
936
918
862
836
805
789
771
760
769
776
780
804
835
857
878
852
859
893
931
975
1006
1005
1006
1019
1032
1048
1020
1011
1009
1008
974
943
946
946
946
961
998
1029
1037
1000
1002
998
991
1010
971
927
912
879
846
828
805
806
815
816
841
872
916
937
945
975
999
1015
989
980
996
1006
1015
1000
966
979
1012
1026
1020
1011
994
987
985
997
958
948
967
981
994
966
981
1000
997
984
951
954
948
947
946
943
969
988
984
963
942
934
937
959
960
948
962
980
987
969
944
950
944
917
889
889
872
874
864
854
863
858
870
866
887
921
960
975
991
984
961
958
954
944
920
938
943
953
946
922
939
951
959
943
949
950
954
949
925
914
920
909
907
884
871
896
925
953
955
923
934
934
938
922
908
922
919
921
931
933
927
932
937
943
915
881
878
873
891
885
883
912
946
941
927
941
944
952
950
928
938
960
982
981
983
962
955
958
932
906
900
904
939
946
935
922
927
927
926
905
880
896
910
913
904
910
918
915
914
910
911
914
930
947
936
946
951
965
983
972
939
962
926
913
900
896
913
938
961
954
943
956
961
960
939
939
936
938
920
931
938
946
938
941
947
946
946
927
940
933
940
931
945
943
944
930
911
925
929
936
925
917
951
960
961
933
895
893
862
855
850
871
899
932
962
975
981
981
980
982
958
938
937
935
938
926
907
921
942
947
935
906
905
906
905
894
877
883
892
913
918
921
941
941
924
919
935
939
942
932
942
959
969
972
957
951
970
970
980
987
962
918
907
904
905
894
909
920
900
893
904
910
908
923
941
949
948
920
929
927
920
896
890
904
915
932
918
926
950
949
951
941
923
933
952
972
966
948
950
921
878
852
837
847
859
884
903
903
926
930
924
912
921
928
904
897
898
896
919
947
969
976
954
931
940
941
958
942
910
914
934
930
926
903
911
911
922
930
916
909
911
913
929
922
926
930
925
929
915
910
920
917
919
918
888
850
829
818
828
842
862
921
966
1014
1013
1010
1015
1025
1024
1018
1002
988
998
1001
1009
993
952
947
942
939
903
889
881
883
871
865
885
906
904
904
906
932
934
935
929
917
932
930
932
918
929
938
941
931
892
868
871
904
929
944
946
979
984
988
976
964
961
960
959
941
924
938
940
944
934
927
932
931
937
928
911
927
938
943
942
916
923
930
938
924
914
921
927
935
908
912
926
949
968
957
939
945
944
915
916
913
918
907
909
934
946
957
945
961
957
954
935
904
907
904
909
900
898
924
934
942
929
930
942
937
936
907
911
918
921
911
907
933
957
951
951
928
907
910
914
922
902
895
916
930
941
934
938
949
952
946
930
937
940
950
951
943
947
921
902
884
878
894
917
937
939
935
952
960
957
940
919
936
928
933
917
896
901
905
912
900
897
923
931
940
934
943
946
948
952
930
929
936
939
922
917
909
916
927
912
913
920
931
939
925
928
944
947
944
932
921
933
935
943
920
893
911
895
905
910
897
912
926
942
956
947
938
936
945
939
928
921
928
928
919
908
887
896
907
925
944
941
926
943
946
944
916
885
894
893
906
893
880
902
924
939
932
920
934
922
912
893
884
898
907
919
908
898
917
921
928
913
900
910
907
898
888
906
918
925
914
883
876
881
898
898
885
915
938
955
975
957
908
902
904
913
896
905
909
923
909
908
924
934
937
934
941
949
963
968
954
938
941
948
956
956
923
906
910
920
924
909
898
904
915
937
930
931
942
965
953
919
936
939
945
938
922
913
916
916
925
917
896
908
913
920
919
913
926
936
950
933
923
925
929
924
914
891
909
920
933
939
932
941
951
961
950
934
924
929
937
928
925
942
950
954
932
920
903
885
867
867
877
884
902
903
908
936
948
937
943
948
952
943
925
921
924
925
927
915
927
926
938
937
930
935
940
949
946
927
920
924
937
916
905
903
913
922
924
921
942
955
968
961
938
948
940
941
942
921
919
921
916
911
902
920
924
920
920
879
884
886
895
895
887
904
916
932
933
921
930
931
930
915
913
932
939
950
947
933
945
946
940
931
915
910
914
918
916
908
919
931
938
940
916
893
906
901
907
898
884
900
905
917
927
917
900
906
917
935
915
913
938
946
963
957
937
941
945
958
945
915
922
922
906
905
935
950
951
967
947
922
943
950
931
954
965
942
919
902
912
927
930
921
933
945
954
942
932
942
943
928
913
920
926
933
944
937
919
939
940
954
949
932
943
943
955
933
909
907
901
910
918
900
896
914
941
969
953
952
953
959
957
940
950
958
972
980
962
954
963
965
944
927
932
929
933
929
916
910
924
922
900
900
902
896
903
911
913
934
947
959
947
924
929
926
923
913
902
932
946
939
930
928
922
935
933
936
965
980
990
979
971
959
950
944
938
919
894
896
915
938
933
932
946
952
944
918
920
918
914
916
906
889
907
922
939
949
936
950
938
933
903
905
909
904
933
943
959
952
962
980
993
993
966
942
944
944
947
926
893
904
917
936
938
934
969
992
976
948
935
924
913
898
909
931
957
965
961
976
986
992
990
965
948
928
916
906
879
872
881
883
894
889
890
906
925
939
928
910
920
919
906
900
911
927
933
921
899
910
916
930
923
910
924
926
925
906
909
905
914
915
900
915
914
923
930
920
917
902
896
879
860
868
892
932
946
930
885
874
870
872
889
889
918
945
969
974
996
996
995
978
979
970
966
972
954
940
942
944
936
930
931
926
908
885
904
917
918
912
933
930
915
920
930
940
940
930
949
945
953
941
927
939
935
913
880
860
854
858
855
865
906
954
979
955
953
971
982
971
970
977
972
952
928
943
944
939
931
941
961
970
974
948
950
952
958
963
953
940
939
946
955
933
928
931
936
938
923
938
932
934
930
913
924
924
929
909
905
904
915
907
903
897
905
928
929
903
916
931
947
946
938
949
960
961
954
938
950
943
943
918
915
920
927
947
960
946
961
966
963
948
923
930
933
937
936
924
932
930
936
928
910
920
913
916
911
904
916
930
938
926
916
922
927
931
903
903
897
901
902
884
856
860
864
881
886
913
927
936
924
930
944
940
955
933
934
946
953
951
937
914
915
906
909
898
886
903
924
945
955
941
966
981
981
983
956
938
945
950
952
935
907
915
915
919
917
905
917
927
938
928
917
919
921
920
909
938
963
980
985
974
973
970
963
952
927
931
909
899
871
872
872
875
869
864
880
896
908
909
937
938
947
958
941
923
927
933
927
914
912
914
918
909
900
922
933
945
924
915
924
935
941
928
941
948
958
960
921
904
905
907
912
909
897
912
933
954
966
946
929
931
922
901
880
887
887
896
893
902
896
882
897
902
920
924
914
912
921
929
933
911
911
922
932
931
919
917
940
939
939
920
900
912
909
922
930
923
922
930
926
913
935
942
950
941
935
947
949
941
915
908
899
904
926
921
908
920
920
927
926
924
933
933
929
927
946
943
935
921
908
909
912
919
909
900
912
923
935
924
894
889
895
919
933
931
939
936
951
960
942
920
920
916
923
919
916
912
906
923
927
904
910
911
919
921
918
916
938
948
956
948
916
910
903
910
922
926
925
952
967
971
959
940
943
938
940
925
927
927
931
924
918
936
924
921
910
896
916
922
937
924
900
914
921
928
926
911
923
912
907
893
873
874
878
901
890
873
891
903
913
912
901
923
929
929
910
897
906
905
914
925
917
911
933
940
915
887
898
901
907
912
908
896
913
924
927
918
925
919
907
886
896
911
907
896
907
921
915
902
928
927
932
923
912
923
941
953
938
948
955
961
947
925
950
964
970
945
919
920
906
911
906
888
901
912
930
945
936
948
952
944
928
929
931
935
933
920
913
919
927
929
917
901
890
883
884
879
867
889
896
916
915
921
931
942
963
959
953
950
940
947
938
922
934
933
935
921
905
917
926
936
947
940
958
962
972
973
963
948
940
938
938
920
910
915
915
906
877
880
872
886
895
907
909
906
921
933
946
934
920
932
938
940
931
927
941
919
918
889
896
904
917
923
911
935
942
943
938
941
940
942
942
927
912
912
907
912
906
892
899
893
900
895
877
877
870
878
889
888
914
927
948
938
928
943
929
924
918
899
899
905
914
918
908
912
925
938
942
932
916
928
931
930
919
898
898
896
904
904
895
920
937
934
937
923
896
903
911
901
900
923
928
918
890
873
883
885
889
878
871
893
898
906
892
877
886
887
892
892
883
892
900
916
923
908
919
929
943
953
944
935
947
945
953
930
904
916
916
926
928
910
938
947
957
959
901
887
881
890
898
907
924
938
960
974
967
950
964
967
964
945
923
927
910
910
900
888
901
908
913
901
879
886
894
910
925
928
944
943
948
925
931
921
920
884
877
878
882
889
895
936
952
974
969
949
961
959
963
964
938
935
931
934
941
917
902
913
911
905
895
878
890
891
903
894
896
898
898
898
886
896
897
895
879
893
893
890
882
898
898
899
893
907
919
932
931
933
952
954
970
944
924
922
911
914
901
895
902
911
919
909
925
935
942
953
934
911
919
916
919
914
884
863
892
903
914
930
923
920
938
938
936
913
915
907
911
906
896
900
912
931
950
955
940
929
929
924
916
898
902
899
912
902
899
912
920
918
917
918
915
899
893
912
893
888
884
877
890
903
915
909
919
935
954
957
942
914
914
916
928
924
921
945
964
954
947
931
947
936
939
942
928
917
931
931
940
930
911
920
918
910
896
899
896
896
884
868
875
871
876
872
889
896
897
891
877
879
877
879
883
870
888
885
910
924
921
902
920
934
946
945
931
914
922
926
928
917
900
908
911
917
926
917
898
917
924
937
941
916
921
925
928
931
913
896
914
913
916
892
864
871
868
882
883
883
909
925
942
942
920
935
944
948
949
907
902
907
916
927
930
922
938
945
955
955
927
938
942
936
937
914
899
898
902
892
873
871
870
869
873
873
869
897
898
896
905
919
917
910
897
916
922
926
914
916
913
911
896
892
903
906
922
921
931
938
938
934
914
921
923
930
935
920
917
914
900
909
904
894
886
874
870
875
873
866
891
913
942
951
941
916
926
926
932
926
906
918
913
928
916
888
893
892
910
919
908
896
921
920
913
915
911
898
916
926
948
949
942
948
945
944
932
914
922
930
936
929
910
916
912
911
903
896
900
909
904
905
912
910
899
883
866
870
877
890
896
898
904
906
929
937
934
966
970
979
959
945
933
913
903
897
891
903
909
919
918
905
905
919
921
903
896
896
896
896
871
891
899
915
910
905
922
916
923
916
930
930
936
938
898
886
887
890
896
894
878
884
883
887
877
873
889
901
909
915
903
908
910
917
935
926
909
920
926
936
943
920
907
914
917
919
907
874
876
876
889
881
872
888
883
883
876
868
883
883
877
877
894
901
914
900
896
897
903
920
908
921
913
914
895
898
906
893
898
881
868
864
887
875
845
826
818
800
810
848
916
907
900
926
952
977
968
942
899
863
844
821
812
815
851
930
989
1031
1047
1020
987
992
982
972
960
923
912
905
849
821
805
793
784
773
778
781
777
771
765
762
760
777
819
865
900
917
904
878
878
911
919
900
837
803
800
776
776
820
878
932
953
1002
1023
1028
1021
997
972
964
943
931
936
938
928
922
915
917
912
890
896
897
902
891
918
924
933
920
910
926
935
940
932
935
938
932
925
915
898
905
911
923
925
905
903
903
913
917
918
895
917
914
920
912
897
906
908
907
914
904
893
893
890
881
896
927
950
927
928
920
932
936
935
924
918
926
907
899
882
895
876
873
870
864
877
892
901
889
870
865
866
871
873
879
916
937
952
962
946
938
932
922
921
923
907
908
920
913
893
890
883
893
897
919
930
919
899
888
890
900
916
900
908
901
903
902
915
926
928
938
923
904
906
901
903
901
897
886
900
910
913
901
899
877
871
848
858
843
842
833
831
844
827
816
815
826
833
851
867
873
889
902
916
912
921
910
907
896
888
870
863
867
874
892
908
927
910
890
888
888
901
901
888
886
872
875
872
877
894
909
913
908
894
897
898
907
895
880
883
874
888
902
891
905
912
909
906
896
900
894
872
850
813
797
781
785
811
835
887
940
961
967
968
957
943
941
939
941
937
925
904
911
909
915
922
905
879
889
892
905
900
890
902
902
918
907
899
911
899
902
903
893
909
917
917
926
931
907
897
891
884
876
886
900
914
911
907
921
922
916
902
885
897
897
901
906
925
925
919
902
913
893
881
873
861
865
854
857
865
870
883
905
924
941
931
931
926
910
889
879
865
854
854
868
875
877
876
881
879
869
878
874
876
865
851
845
840
844
837
836
840
842
834
836
836
828
819
826
819
817
828
821
818
824
827
826
826
829
827
824
813
807
803
793
783
778
779
771
766
771
782
783
795
792
799
784
780
776
765
767
759
756
764
766
772
790
795
803
820
816
812
826
815
806
802
802
789
779
786
780
774
783
776
771
771
758
762
753
747
746
741
749
746
761
777
776
787
796
794
795
807
794
782
784
774
761
757
763
753
752
756
755
764
757
758
756
747
750
741
736
745
740
738
747
746
742
754
745
743
753
750
745
753
754
750
748
760
751
741
738
738
728
723
724
715
713
702
702
696
689
694
690
690
695
708
715
721
730
747
749
746
747
756
745
735
729
729
720
715
717
708
707
704
703
710
709
716
733
742
752
753
759
750
755
748
745
757
756
761
780
781
784
791
799
795
790
801
788
777
776
774
766
760
768
764
762
761
771
769
765
766
775
771
766
763
774
764
756
753
763
755
753
753
766
764
765
759
764
764
763
757
757
762
758
751
742
746
735
729
725
732
729
732
740
746
749
752
756
757
753
762
757
751
750
753
751
748
758
767
777
782
796
808
813
812
813
817
813
809
806
805
800
789
792
780
777
791
786
782
778
778
771
768
765
771
762
763
771
771
793
801
816
817
834
829
821
821
816
810
794
798
786
777
773
776
770
761
758
743
726
720
722
731
766
791
829
847
859
852
845
853
839
822
808
805
787
773
764
768
758
753
761
770
767
771
771
767
768
767
762
766
760
757
761
750
748
759
754
765
776
790
803
813
831
823
822
825
812
817
809
806
790
799
782
788
785
781
795
793
797
803
806
814
819
825
818
830
822
811
812
809
796
805
794
780
788
779
771
771
779
778
774
788
780
772
780
776
771
771
776
770
767
776
770
769
774
766
763
767
755
749
751
746
742
749
761
771
772
788
792
792
788
790
790
787
776
771
773
763
757
749
755
749
747
747
755
749
750
758
755
753
758
757
750
753
744
736
730
732
729
726
730
745
751
755
765
783
783
783
788
800
793
781
774
774
767
758
767
764
768
768
771
780
779
775
778
776
775
768
762
755
745
738
729
722
715
712
703
696
695
681
669
654
652
646
641
637
633
626
630
634
645
665
683
693
708
720
738
754
765
773
781
785
795
801
795
794
799
786
775
746
738
720
708
699
695
695
712
754
823
854
897
895
900
895
890
865
842
816
792
784
809
834
898
917
907
920
908
908
896
894
882
880
866
875
879
875
862
879
874
876
868
882
867
842
842
839
847
853
869
871
888
884
872
880
873
861
866
862
867
856
865
858
854
839
842
829
819
802
784
770
762
780
797
829
861
853
862
863
866
853
842
826
811
799
795
814
800
782
766
739
710
698
683
674
674
693
727
755
794
814
832
833
823
821
804
791
782
765
758
763
743
728
711
695
677
669
662
658
654
659
671
703
756
788
816
863
885
889
872
859
838
824
813
804
807
818
818
831
821
820
824
822
822
830
847
851
852
851
854
846
848
854
852
844
856
843
844
846
842
827
836
824
813
809
812
802
793
792
801
796
791
798
798
789
794
784
776
780
775
775
778
783
781
781
785
782
772
777
775
773
761
752
752
762
764
761
765
773
777
772
777
773
772
768
774
765
758
763
757
752
755
765
764
771
776
780
775
786
784
789
782
784
780
777
774
773
771
766
760
764
763
755
757
749
750
746
759
758
758
777
780
777
795
787
779
771
767
747
738
739
728
725
730
727
728
741
747
751
753
765
767
763
762
762
752
742
747
740
736
729
733
735
743
747
751
765
767
763
762
759
750
738
736
726
719
712
718
722
729
733
743
751
751
756
761
756
758
750
741
741
730
720
724
719
715
723
721
719
731
731
736
740
760
761
764
761
770
763
755
749
754
745
731
723
729
723
720
731
742
746
749
761
768
763
771
778
775
776
766
754
756
743
728
713
721
719
721
726
750
741
732
724
728
749
758
771
777
779
786
768
742
722
719
704
698
701
711
720
731
753
776
804
806
802
824
831
836
828
816
823
814
815
812
813
815
814
828
838
844
838
849
846
842
838
858
841
818
806
811
814
827
829
844
847
851
850
868
867
863
823
809
795
783
802
820
840
872
902
929
938
916
939
907
879
865
867
864
853
844
857
863
874
870
877
871
859
854
860
855
852
842
830
839
835
831
819
828
821
806
806
820
823
819
828
836
829
821
824
825
826
810
813
802
797
789
800
802
813
810
808
826
826
822
829
832
830
818
811
812
810
809
802
810
802
806
799
807
813
815
813
826
813
830
823
811
813
814
812
806
798
802
792
778
785
775
775
778
779
780
791
790
797
797
808
811
811
809
816
812
800
800
806
807
803
802
813
808
794
784
772
753
735
733
748
767
796
819
829
830
823
821
813
807
797
791
793
784
781
775
779
771
763
770
781
810
840
870
906
909
902
887
872
879
865
857
867
866
862
870
865
860
869
854
844
842
844
836
835
850
847
844
835
823
839
855
845
845
819
824
861
883
883
905
911
897
896
872
853
850
827
804
798
784
764
753
746
747
759
787
811
822
831
836
817
819
811
812
813
812
812
821
826
818
818
825
819
819
824
813
808
804
780
765
770
780
802
823
866
873
883
881
865
869
854
832
839
828
816
822
824
820
835
833
826
830
832
828
833
838
829
836
830
838
823
817
821
808
795
808
793
783
782
785
786
784
798
795
796
792
801
790
781
773
764
769
752
732
718
711
714
712
723
733
750
771
779
798
796
785
781
788
779
767
759
751
751
738
729
723
725
730
742
768
785
797
817
825
836
825
815
821
813
813
815
806
800
810
808
814
813
816
830
827
834
840
832
848
843
831
827
835
836
851
847
838
845
838
827
830
820
811
818
820
822
838
832
834
846
846
839
841
831
815
806
813
806
800
814
819
823
810
814
801
791
795
796
794
788
803
801
793
782
790
786
782
782
793
787
781
791
775
769
772
767
767
782
784
796
799
813
812
803
806
799
790
775
775
769
762
758
768
771
773
773
789
792
799
808
818
818
818
826
820
820
824
814
819
817
810
816
813
811
820
814
811
812
815
811
802
811
800
785
780
779
768
761
762
752
753
761
759
769
768
767
772
760
763
744
737
735
730
728
729
742
746
754
761
776
775
773
770
779
771
761
750
751
736
729
717
712
712
706
686
678
670
664
664
672
703
730
771
802
809
811
829
828
824
814
800
795
784
778
766
771
783
796
806
822
827
832
844
832
832
845
836
827
838
830
822
813
824
815
818
816
826
820
819
832
830
825
832
818
814
822
817
813
824
831
843
838
857
855
854
841
849
841
834
821
827
817
812
811
817
818
816
812
821
813
806
807
803
798
798
789
784
795
789
789
782
772
768
761
770
765
779
777
799
812
822
823
835
828
828
829
813
802
804
761
754
731
718
719
745
785
825
851
853
843
850
839
826
807
790
779
763
757
766
774
798
824
850
871
862
859
856
856
855
844
832
822
815
793
774
769
778
811
850
860
861
852
854
879
887
880
855
862
868
881
891
880
884
884
891
891
872
858
869
857
867
867
854
872
862
849
827
811
810
808
821
819
829
823
817
790
781
764
756
780
824
867
914
946
968
950
939
904
879
862
859
872
881
878
868
864
864
875
860
852
865
862
872
865
861
867
861
850
862
854
837
843
836
837
844
862
872
877
883
877
863
867
854
838
837
852
840
828
804
789
757
740
767
885
1016
1047
1023
1031
1011
979
937
912
891
882
871
856
859
854
862
855
845
851
846
854
859
854
843
834
819
814
826
863
857
878
873
854
857
841
813
792
758
766
738
718
712
700
693
688
686
682
682
681
682
690
705
726
748
788
829
871
893
891
894
916
948
965
921
905
885
903
929
990
1030
1062
1071
1037
1046
1035
1021
1003
987
969
940
959
952
938
919
923
913
921
921
942
960
961
954
973
999
1016
988
989
988
965
941
941
934
938
932
933
934
928
902
902
896
881
884
866
823
813
790
797
861
945
981
1067
1084
1091
1064
1050
1021
1002
988
947
928
921
927
917
896
901
903
912
910
897
916
916
924
930
917
916
905
891
897
893
899
904
925
946
935
931
951
931
910
921
927
938
928
939
924
900
912
907
896
907
896
887
882
884
884
874
888
890
889
907
909
897
890
888
880
866
879
864
868
865
849
863
876
893
895
916
923
912
917
906
885
877
880
880
877
900
897
896
883
893
877
860
868
864
868
863
869
874
871
888
886
883
882
886
889
882
896
896
879
875
888
887
871
884
870
864
862
877
882
892
882
887
880
886
888
874
892
892
900
891
892
871
850
838
823
813
831
839
852
877
894
904
904
907
906
883
879
865
849
847
834
832
839
853
861
855
876
876
870
880
871
866
865
874
876
871
882
879
872
864
876
875
877
874
853
853
851
850
849
870
871
868
874
882
892
877
881
882
880
859
862
861
859
849
860
854
846
855
860
852
866
871
859
867
864
857
873
873
866
874
869
864
870
869
866
861
874
874
868
873
862
849
854
835
821
833
834
839
865
882
904
928
927
919
920
906
890
873
867
852
831
842
836
839
809
799
779
753
745
770
878
970
995
1006
982
976
967
935
899
880
856
847
832
823
843
845
856
863
890
898
908
904
929
934
940
923
912
917
910
901
896
899
901
888
904
901
901
897
907
904
886
890
875
865
881
875
868
885
891
885
881
896
887
876
881
886
892
888
897
890
878
891
879
877
885
875
861
870
869
860
860
859
864
857
868
854
858
848
833
838
837
832
852
853
851
888
889
892
914
902
895
896
879
862
863
852
838
849
835
827
854
847
850
865
855
858
869
862
852
853
849
836
834
851
857
866
879
884
877
876
880
876
863
874
861
848
840
847
840
834
842
837
834
833
821
837
838
841
840
849
846
845
834
846
839
825
835
821
822
839
835
830
845
843
837
848
854
856
852
869
864
857
849
857
858
854
864
857
858
848
860
854
845
840
841
831
821
814
823
816
826
824
825
845
849
854
863
870
861
870
862
858
849
835
836
833
834
831
846
847
851
847
861
854
846
854
844
831
839
831
820
830
833
844
841
861
859
866
861
880
887
895
880
894
882
872
861
871
863
863
854
863
854
843
849
847
848
833
830
834
833
838
829
849
843
848
832
839
826
828
827
833
832
827
817
822
815
808
801
806
799
798
790
808
804
807
803
814
820
822
819
831
823
813
819
815
815
814
827
817
819
833
842
839
865
869
874
882
883
883
867
871
866
859
864
857
858
865
879
891
889
890
890
873
868
857
846
846
857
853
859
870
885
870
843
828
834
848
876
894
890
905
906
901
897
880
864
856
840
833
824
832
867
896
923
938
931
910
933
930
917
891
902
908
901
893
899
904
890
882
899
911
918
918
934
943
943
933
942
932
926
912
928
919
920
911
931
926
925
919
929
930
914
927
905
897
883
895
896
896
900
906
884
873
885
891
884
903
903
889
892
890
891
883
899
891
883
883
885
879
867
881
881
878
865
878
874
861
864
859
856
857
870
874
873
883
874
859
869
863
854
858
852
848
852
851
857
849
863
857
857
879
873
875
890
878
876
876
863
877
869
859
863
869
876
873
885
884
880
877
875
871
864
874
863
851
864
864
861
859
836
841
849
855
873
896
932
929
911
921
911
896
909
896
875
886
873
859
880
870
882
894
875
868
864
854
866
853
871
865
862
876
875
863
873
854
867
855
845
853
843
832
828
833
833
832
847
847
844
841
851
839
826
837
822
808
809
806
805
810
832
823
822
835
834
831
821
833
825
813
810
804
794
788
801
809
819
1677
849
846
863
858
848
854
844
829
831
763
890
826
843
850
850
864
861
851
856
854
847
841
855
850
844
861
842
850
849
837
843
842
843
839
860
854
850
862
855
842
836
834
825
816
827
822
818
840
847
863
861
869
849
841
837
819
819
816
809
810
821
829
846
858
865
868
880
871
854
864
851
838
843
831
820
822
831
825
827
838
834
833
841
836
832
841
826
832
822
813
823
814
810
833
832
836
841
862
856
849
861
849
831
826
819
802
785
786
768
756
758
766
767
766
771
784
789
789
795
803
793
789
792
778
774
776
765
758
771
768
765
787
785
786
800
807
810
804
818
811
805
807
802
792
803
793
808
817
816
845
847
838
854
864
868
875
876
867
881
879
873
864
874
868
862
877
879
873
881
862
850
854
848
848
863
869
868
884
880
872
884
876
862
864
858
849
836
849
840
836
838
853
847
839
860
837
842
838
822
825
824
817
833
814
833
827
824
829
836
836
830
846
837
835
823
833
815
806
819
813
811
806
826
821
813
823
821
820
820
814
840
836
834
829
847
842
831
826
830
814
821
820
814
831
840
840
853
854
843
860
858
848
847
863
853
844
842
861
843
828
816
821
810
809
800
799
810
800
804
797
802
819
814
819
817
819
832
822
822
815
825
828
821
815
825
810
807
809
803
818
819
822
828
835
836
831
848
846
847
840
860
848
833
844
841
833
829
846
835
827
830
833
826
818
824
828
830
822
831
834
838
831
842
847
844
838
848
840
833
825
839
828
816
825
823
813
814
822
821
813
831
824
822
814
820
807
801
792
811
810
821
823
840
854
849
860
858
854
833
845
837
821
830
820
824
825
847
846
835
854
895
883
890
892
900
896
904
918
913
889
878
865
865
856
868
854
860
865
845
865
850
836
843
826
819
830
820
812
828
816
829
816
813
798
800
789
778
784
782
778
778
789
782
786
807
800
795
793
810
797
776
773
768
752
749
751
760
788
801
809
803
800
803
796
776
745
738
727
715
711
708
713
726
739
758
771
775
786
802
810
823
833
831
835
841
838
834
829
838
834
841
843
843
866
866
868
865
863
868
867
868
863
882
889
894
886
877
892
883
890
886
880
899
898
911
910
898
906
900
887
885
876
863
857
855
872
886
908
947
963
955
938
941
928
905
892
888
875
864
865
872
869
862
876
872
884
887
881
869
860
862
855
855
859
862
866
886
909
915
933
914
899
883
882
879
875
877
877
876
863
879
872
865
868
878
878
882
895
892
884
888
874
854
856
852
850
869
873
881
895
890
873
878
868
856
863
861
844
850
843
838
838
830
830
832
828
842
859
870
880
884
864
879
864
847
854
842
834
835
828
823
833
837
854
865
857
868
854
859
861
856
858
853
861
857
858
871
864
858
871
858
846
838
845
823
798
793
785
770
743
752
745
760
786
821
839
847
877
883
893
892
877
865
865
857
856
852
848
856
858
869
883
880
882
882
884
886
874
867
871
872
879
874
870
877
878
893
886
888
881
876
862
869
869
876
893
894
890
902
906
906
907
888
861
823
792
767
738
736
719
708
703
695
695
690
688
696
730
786
842
885
908
913
900
928
942
929
894
899
897
925
933
934
929
946
979
974
976
973
987
970
939
944
927
939
919
895
884
881
907
938
931
910
912
910
920
923
923
938
934
936
916
938
944
932
903
898
887
879
874
882
849
823
812
804
789
764
765
750
730
738
727
728
752
800
844
866
879
924
957
966
973
968
934
922
939
957
991
961
939
954
937
901
891
890
947
950
950
1005
1034
1041
1006
952
958
948
959
986
986
978
1008
1017
1032
1023
979
983
980
986
979
961
974
1002
1039
1049
1047
1019
982
977
971
970
954
978
977
979
970
1013
953
926
908
905
925
991
1043
1088
1072
1065
1056
1048
1013
1005
990
981
975
965
965
964
954
957
973
976
982
968
970
952
961
962
967
1003
979
946
956
950
950
972
994
993
1007
1004
982
983
986
964
976
966
962
988
1010
999
984
980
987
973
983
985
966
973
976
963
953
943
932
931
924
919
936
932
953
976
970
997
1007
994
999
983
953
959
934
916
911
895
898
891
918
928
927
948
947
939
954
938
929
930
916
912
920
910
903
916
908
904
921
910
907
923
930
925
926
930
911
910
920
909
898
917
901
902
923
915
920
928
923
927
920
898
889
862
828
793
773
750
742
748
786
896
1023
1053
1026
1036
1041
995
1000
972
968
905
862
846
863
894
957
907
866
848
827
807
780
779
768
765
757
762
762
771
809
839
886
930
978
1009
1018
990
923
931
973
1000
950
961
981
979
961
1016
1060
1062
1011
1028
1032
1018
995
973
994
1026
1050
1053
1048
1025
1053
1070
1075
1066
1033
1041
1033
1056
1047
1021
1012
1007
1015
1000
990
1015
1040
1021
1020
1018
1021
1004
989
1000
987
996
982
997
1010
1000
1005
1005
997
1003
984
967
986
960
883
865
822
802
787
808
812
833
926
1008
1071
1054
1043
1046
1041
1072
1049
1026
996
982
985
992
975
911
895
903
910
915
903
902
936
948
966
950
944
928
941
952
958
979
979
954
917
897
901
896
891
908
944
991
991
984
1016
1029
1026
993
932
902
901
903
918
911
896
909
927
940
944
941
942
965
980
1010
984
959
951
964
974
1007
988
970
953
945
918
854
829
812
787
772
760
748
743
748
766
778
792
813
817
824
846
890
940
997
1016
1028
1009
1021
1035
1036
1014
973
913
919
969
1021
984
933
924
966
1016
1031
1009
1039
1068
1062
1061
1015
988
999
1020
1043
1043
1020
1029
1020
1027
1024
1006
1029
1036
994
1031
1035
1026
996
1015
1032
1024
1001
1018
1012
1010
1001
1017
1020
1009
979
995
983
979
966
993
997
1028
1011
1033
1038
1040
1018
1029
1014
1020
1002
998
1025
1029
1013
995
993
984
990
982
970
992
1024
1021
1021
1028
1048
1055
1030
1005
1007
1007
973
954
981
983
979
985
1017
1030
1008
979
1004
1003
1018
993
954
948
962
992
1011
991
984
991
995
979
969
979
990
989
990
977
1003
1005
1025
1024
1015
976
994
989
1007
987
986
1001
987
977
935
910
906
902
944
1007
1060
1048
1021
960
893
859
827
804
781
754
754
769
819
917
983
988
1078
1097
1044
996
994
942
927
970
1024
1032
1048
1038
1076
1095
1109
1088
1034
1038
1037
1050
1063
1045
1007
1024
1034
1046
1033
994
1003
1009
1009
997
1023
1023
1042
1031
1005
992
989
990
998
1002
1015
1026
1022
1010
969
977
985
981
955
958
989
987
983
960
980
977
990
997
985
1004
1004
1015
998
1002
1001
1013
998
1013
1013
1021
1006
1020
1033
1029
1035
1007
999
991
990
979
968
985
979
965
976
983
989
975
960
979
979
979
946
953
969
984
1000
989
1014
1025
1021
1004
1020
1019
1004
986
988
977
969
949
958
963
970
972
979
968
945
947
938
943
939
968
969
982
978
989
1000
995
986
982
996
994
989
962
985
983
976
949
981
992
999
996
1019
1009
995
988
991
981
976
959
980
1003
1017
982
979
996
1001
995
1013
1026
1039
1030
1024
1031
1008
1021
1050
1050
1019
1036
1005
1008
1023
1005
979
996
1004
1014
1002
976
999
1014
1021
1014
1018
1043
1039
1054
1043
1019
996
998
978
1000
1018
1027
1053
1032
1005
1016
1021
1026
994
988
981
1001
998
994
1018
1021
1013
997
1012
999
983
978
956
966
990
1001
987
1000
1032
1018
1014
991
996
999
1014
989
1014
1015
1006
988
995
1013
1023
1006
1041
1034
1033
1014
992
1021
1017
1010
1017
992
1014
1014
1011
997
981
980
973
971
955
964
971
981
975
1010
1015
1018
993
995
1008
1014
992
1003
1007
1002
993
990
1005
1007
1005
1003
1017
1015
1009
1031
1029
1033
1005
991
981
974
946
918
920
917
922
935
942
991
1012
1042
984
963
997
993
1015
1030
1025
1003
1012
1013
1021
1025
1011
989
999
1009
1008
980
965
992
991
1001
985
1015
1031
1031
1036
1015
1026
1046
1063
1069
1042
1050
1045
1050
1033
1014
1023
1032
1031
1017
970
978
989
1003
1021
1017
1048
1047
999
1020
1016
1011
973
980
964
971
956
977
983
981
959
979
969
977
966
964
969
983
981
994
1008
1013
1007
976
987
981
979
955
978
994
995
982
1005
1003
997
979
971
979
995
986
1009
1025
1025
1022
973
963
974
1002
1014
983
992
989
995
992
970
991
990
990
973
993
1010
1015
1014
1002
1014
1021
1018
992
1015
1008
1009
1000
960
977
978
971
959
974
977
974
957
975
994
1006
1006
988
1016
1021
1025
998
1002
1008
1012
1016
999
1006
1012
1026
1037
1017
1008
1014
1022
1019
990
968
979
974
980
959
975
1002
1002
976
959
930
944
933
942
940
935
965
977
994
997
982
1004
1001
992
974
977
952
946
930
942
960
976
987
961
989
998
1006
1013
1018
1026
1024
1034
1028
1005
1021
1010
1005
1019
982
969
986
996
999
986
1012
1005
1008
984
965
982
981
977
1004
1003
1006
987
957
979
989
996
971
991
988
996
999
966
966
969
971
971
960
983
980
980
976
959
982
993
1012
1007
988
1005
1000
1001
969
948
965
962
964
942
934
964
981
991
1005
987
1012
1017
1015
999
974
986
979
987
995
975
979
988
1013
1009
985
1013
1033
1019
987
948
969
985
996
966
992
1006
1017
1012
965
982
987
984
974
979
965
970
972
969
996
1009
1026
1008
982
1004
1002
1000
998
968
971
992
1002
991
1005
994
990
1006
988
1017
1016
1014
1013
990
972
959
963
946
956
973
987
990
976
989
985
983
961
938
936
947
960
979
979
964
974
962
973
970
961
971
1001
1031
1047
1030
1005
1002
982
983
994
1018
1028
1052
1053
1024
1006
1019
1024
1025
1017
997
1010
1027
1048
1048
1013
1027
1038
1048
1049
1021
1009
1013
1004
997
976
975
990
1008
1025
1012
1037
1032
1073
1038
1014
976
974
985
1009
998
1017
1022
1033
1018
990
995
989
979
979
995
1003
990
1011
1010
1023
1009
1014
983
977
946
970
967
984
979
990
1007
1013
1012
1020
993
973
970
975
978
946
941
943
954
978
979
997
981
991
1005
975
963
968
983
1006
996
1004
1010
1009
1006
981
994
992
980
957
972
976
979
975
985
1005
1016
1003
979
995
995
981
984
985
989
970
962
980
986
978
975
979
979
957
973
975
988
1003
979
988
995
1001
1003
991
1007
999
996
961
974
982
983
963
938
956
951
975
982
969
1000
1023
1026
1005
964
972
953
955
946
948
977
997
1020
959
932
966
977
990
969
965
988
994
956
979
961
969
967
969
1002
1021
1021
986
968
988
1003
1007
968
955
980
982
989
959
960
980
993
987
981
1011
1023
1013
1000
962
974
993
991
1005
990
994
1006
1007
980
974
975
985
979
983
1004
1010
985
1010
992
989
963
950
955
971
985
957
959
962
969
979
959
945
970
977
995
971
970
964
963
935
923
942
953
966
958
982
1008
1028
991
981
986
977
970
930
914
928
937
953
940
935
964
984
989
954
945
951
960
967
936
949
972
981
995
960
970
981
986
979
946
959
963
975
985
955
949
975
985
969
960
983
992
1002
973
992
1020
1031
1001
1028
1002
1011
991
944
948
948
982
1004
1012
985
1035
1058
1072
1073
1039
1054
1039
1032
1000
980
999
1021
1038
1014
964
976
990
1018
1002
998
1017
1031
1040
987
1002
1000
1008
1012
989
1004
1013
1025
1028
1024
990
981
1007
1023
1036
1012
1008
1021
1031
1034
1007
1020
1021
1028
1031
1011
1026
998
1010
1008
973
989
989
987
964
970
984
993
977
991
991
992
980
977
999
995
999
952
974
996
1010
1012
979
1010
1002
1015
1016
996
997
1001
1002
978
970
983
993
1000
981
1000
1012
1015
993
976
979
993
998
979
960
959
966
956
928
940
954
962
975
964
986
978
994
977
974
985
1000
1003
965
983
988
1001
972
996
993
1001
976
1008
1027
1031
1011
1005
997
1007
1010
981
1009
1026
1034
1001
993
1008
1017
1021
997
977
991
996
1013
1007
984
1003
1014
1012
966
985
975
962
979
1018
1034
1029
990
1009
1012
1015
996
1007
986
1000
987
989
1009
1012
1018
1003
977
987
991
986
965
986
990
989
990
959
983
996
1000
979
1009
1011
1020
994
998
1004
1014
998
975
999
1013
1024
1015
989
1015
1029
1027
1009
944
960
961
975
959
953
997
1013
1023
997
1025
1003
990
970
1001
1008
1000
959
963
969
944
891
887
911
916
938
970
1002
1026
1008
994
1008
997
1001
953
979
931
919
925
954
1021
1009
1021
1006
1033
1034
1030
989
1016
1002
1001
962
957
975
970
967
956
961
979
1001
977
987
995
1005
1011
997
960
995
1004
1010
988
950
966
980
1005
1011
992
994
1019
1023
1027
993
995
1010
1026
1013
993
1008
1016
1023
1025
973
953
979
1006
1032
1044
1013
1014
1019
1028
999
972
970
960
946
938
966
976
986
988
981
942
962
984
1003
1025
1005
1030
1051
1062
1049
995
987
983
989
984
953
975
988
1005
974
1001
997
978
971
1004
1015
1023
994
1013
1021
1026
1025
991
1021
1028
1021
1027
1003
985
1006
1017
1024
990
1003
991
984
946
955
973
990
1005
1015
1006
999
1016
1017
996
993
1005
1010
1016
1001
994
1013
1015
998
954
958
966
977
979
967
970
994
1001
1002
971
983
1019
974
994
997
973
997
1004
1016
1036
1010
1021
1025
1027
999
968
965
976
973
965
935
956
955
969
957
992
1021
1039
1031
1005
1019
1019
1006
979
976
996
1005
1014
1008
990
982
1002
1005
1012
985
957
960
960
969
951
951
971
986
995
974
965
983
999
1003
980
961
980
997
1007
997
1024
1023
1028
1016
979
992
993
995
992
976
1004
1010
1004
996
978
995
1006
1002
983
984
997
1004
1019
994
1004
1007
1013
1014
991
996
1006
1014
995
996
1003
1006
1001
969
984
991
1011
1022
1006
984
975
985
983
987
958
966
980
983
1013
1002
1017
1012
1010
1016
1006
974
979
997
1008
1011
986
953
969
973
983
972
957
984
1000
1018
1007
984
998
1013
1013
1003
970
985
989
994
983
954
969
988
1009
1020
1020
1001
963
976
979
996
992
963
991
982
995
1008
983
994
1003
1013
1019
991
1007
1010
1004
1010
983
965
994
969
945
979
999
1007
1005
987
1005
1020
1020
1001
971
975
964
962
949
932
938
955
979
997
984
982
995
991
1004
971
915
898
888
901
914
910
940
988
1026
1044
1029
1022
1038
1053
1034
1016
1026
1026
1015
1003
1004
988
981
1016
1049
1042
1017
1005
1007
1010
1001
967
972
996
1017
1021
990
999
1020
1043
1047
1045
1011
1018
1016
1017
997
962
973
970
971
972
966
978
1005
1025
1024
997
1021
1038
1035
989
992
1008
1007
989
964
981
981
990
982
985
985
989
978
938
965
964
976
990
1006
1003
1005
1030
1043
1050
1047
1012
1010
1016
1022
1035
1013
987
1011
1021
1028
1029
999
1023
1009
1013
994
1000
1022
1038
1043
1029
1006
1019
1021
1033
1006
951
989
997
990
978
1003
1014
1020
1010
997
1013
1017
1017
1018
992
978
1002
1017
1032
1006
989
1007
1008
1011
1004
980
997
979
990
994
979
1004
1009
992
989
1006
990
992
974
1002
973
987
991
1015
1040
1054
1063
1044
1024
1044
1048
1041
1023
976
949
953
960
982
966
969
998
996
999
982
989
956
959
971
949
957
973
968
979
962
989
995
1022
1041
1012
1028
1023
1026
1006
1007
1024
1031
1036
1002
979
981
992
980
946
964
965
988
979
979
1018
1020
1003
1003
998
994
1001
991
981
991
1012
1012
986
1009
1027
1029
1033
1021
1028
1033
1039
1047
1021
996
1008
1006
1013
1002
979
1004
995
995
949
957
960
966
981
966
980
998
1020
1011
984
997
979
986
986
962
958
978
1002
1022
1015
984
1017
1021
1013
991
995
993
996
999
973
972
968
984
995
991
1005
1034
1030
1016
1039
1046
1051
1025
1010
1024
1034
1026
1000
960
974
983
990
979
975
982
973
972
959
930
950
965
986
976
956
976
974
979
970
948
947
941
951
927
925
932
946
954
960
956
966
968
963
949
972
938
935
961
969
1012
1035
1053
1074
1063
1053
1063
1063
1032
1015
1035
1044
1038
1002
1011
1016
1012
1012
997
983
1007
994
976
961
979
991
999
979
983
1003
1014
1012
985
952
946
948
981
1004
990
987
1007
1015
999
974
992
996
992
978
1013
1028
1042
1014
995
1016
997
977
957
977
995
1004
994
970
1006
1023
1040
1037
1003
1017
1022
1010
982
1006
1005
1017
980
925
961
959
966
965
960
968
999
1010
1026
1037
1016
1013
1032
1038
1032
1001
980
997
989
980
954
981
993
1000
975
967
981
639
274
877
861
877
903
924
948
940
943
954
966
975
978
964
888
844
816
785
766
741
722
707
694
686
680
679
685
709
759
812
861
932
1000
1018
1015
924
917
938
947
970
964
947
1018
1041
1027
998
1041
1074
1060
1040
1001
931
873
854
874
950
1020
1076
1135
1153
1147
1130
1110
1085
1123
1120
1108
1079
1084
1070
1087
1093
1060
1094
1040
1032
1049
1028
1057
1081
1080
1071
1099
1103
1104
1081
1061
1041
1050
1076
1090
1092
1073
1068
1073
1070
1048
1026
1032
1025
1034
1040
1012
1024
1042
1046
1020
1038
1031
1034
1039
1035
1047
1040
1053
1051
1058
1034
1064
1055
1046
985
987
998
1005
1009
1026
1056
1067
1065
1043
1053
1055
1054
1041
1034
1052
1068
1080
1082
1069
1081
1083
1083
1082
1055
1061
1049
1052
1019
1034
1040
1048
1037
1005
1007
1021
1015
993
998
1034
1048
1065
1063
1045
1045
1042
1045
1034
1029
1042
1037
1041
1032
1040
1046
1040
1035
1004
1007
1000
1009
1019
1047
1067
1091
1090
1061
1051
1046
1055
1046
1013
997
1018
1009
1001
1002
1008
1032
1055
1067
1079
1060
1074
1084
1081
1064
1040
1038
1041
1053
1042
1042
1054
1064
1048
1024
988
1010
1023
1056
1044
1034
1046
1051
1031
1057
1052
1048
1042
1026
1046
1046
1050
1015
1013
1020
1040
1039
1021
1027
1034
1040
1037
1010
985
994
1011
1037
1055
1027
1025
1039
1035
1082
989
956
963
971
974
961
979
978
1002
1021
989
990
984
999
1009
993
988
1014
1041
1063
1058
1011
1022
1028
1035
1022
995
1021
1017
1023
1002
1034
1030
1028
1009
996
1017
1027
1034
997
1010
1023
1051
1063
1057
1024
1042
1038
1047
1039
1008
1001
992
992
981
972
1002
1016
1016
1002
1021
1018
1002
986
1016
1039
1044
1030
1032
1039
1040
1023
1035
1046
1038
1041
1008
1018
1011
1019
1009
1011
1013
1020
1032
1026
1014
1030
1009
1014
983
949
970
968
978
975
975
1002
1010
997
996
1022
1036
1039
1015
1030
1032
1032
1018
1049
1056
1055
1040
1019
1028
1024
1025
1008
999
1011
1017
1004
1008
1031
1050
1030
1010
1021
1025
1037
1023
336
668
1032
1035
1026
1041
1042
1042
1021
1000
1005
991
973
956
970
982
990
980
1018
1033
1036
1030
1024
1036
1036
1042
1026
1034
1052
1049
1044
1023
1016
1027
1023
995
1000
1007
990
995
989
979
1005
1025
1029
1011
999
1024
1043
1056
996
1007
1023
1048
1062
1048
1048
1069
1074
1077
1045
1049
1039
1015
1020
1000
980
996
1009
992
991
1013
1010
1006
982
1000
978
982
987
975
981
1007
1030
1017
1002
1022
1025
1017
1000
1021
1016
1018
992
993
996
1009
997
990
1010
1024
1021
1011
1021
1036
1046
1042
1023
1049
1057
1059
1042
1026
1042
1046
1034
1016
1041
1051
1052
1025
1043
1041
1041
1019
1021
1024
1025
1029
1013
1015
1015
1027
1007
993
1030
1031
1037
1016
1025
1032
1040
1026
1046
1049
1044
1004
984
988
988
998
979
1000
1013
1028
1046
1019
1007
1015
1032
1018
1001
994
1009
1017
1033
1006
1009
1032
1039
1031
999
996
1000
1022
1018
1048
1061
1056
1055
1033
1011
1017
1032
1042
1025
1004
1022
1027
1013
1010
1012
1002
987
987
1020
1035
1033
1013
1004
1011
998
979
968
961
945
914
924
932
937
950
971
1004
1020
1049
1029
999
1052
1072
1063
1043
1011
999
1013
1019
1036
1024
1009
1029
1043
1039
1009
1025
1034
1028
1006
1026
1018
1018
1028
1046
1058
1065
1046
1047
1060
1057
1055
1033
1051
1059
1072
1048
1009
1024
1027
1027
1021
1007
1005
1012
1008
987
954
959
980
1014
1031
1009
1014
1022
1039
1019
999
1021
1007
991
972
993
1005
1015
996
1020
1036
1044
1035
1023
1030
1034
1024
1011
1017
1020
1020
1014
1006
1021
1045
1058
1035
1025
1044
1051
1062
1044
1057
1072
1067
1041
1041
1042
1040
1021
1015
1031
1030
1032
1023
1004
1016
1015
1015
1000
986
1006
1030
1029
1009
994
1005
1024
1041
1020
1033
1042
1052
1050
1029
1026
1030
1039
1047
1029
1025
1042
1038
1039
1012
993
993
1002
1025
1021
991
1004
1019
1015
1024
998
975
988
1002
1019
1015
995
1012
1008
1016
996
979
996
1001
990
993
1018
1033
1011
998
1005
991
966
938
960
974
965
954
949
982
1002
1031
1016
997
998
1012
1006
983
997
1012
1025
1006
991
1009
1024
975
966
967
939
949
958
970
959
961
993
1026
1044
1043
1024
1033
1049
1043
1002
987
1001
1013
1013
988
988
999
1013
1013
1000
1033
1049
1059
1031
1028
1008
1000
981
979
1012
1047
1052
1033
1030
1049
1039
1038
1026
1008
1015
1021
1028
1020
993
1021
1024
1034
1021
1016
1017
1028
1013
990
1012
1015
1010
1028
1033
1032
1018
1026
1022
1022
997
977
988
995
1013
1000
1012
1031
1040
1021
1035
1038
1034
1019
1006
1018
1016
1030
1005
996
1017
1029
1014
991
1006
1010
1002
986
1010
1014
1015
1005
1003
1010
992
1001
1001
1007
995
980
1003
992
985
973
1005
1018
1033
1027
1013
1021
1042
1055
1059
1031
1022
1028
1028
1035
1021
1002
1021
1041
1055
1039
1038
1036
1046
1037
1045
1005
974
955
945
973
998
996
990
1037
1040
1034
1008
980
988
992
1002
978
992
994
1010
1021
1011
1004
1004
987
978
961
952
984
1018
1046
1057
1049
1047
1066
1068
1072
1035
1004
1025
1040
1015
992
981
999
1021
1033
1020
1043
1056
1065
1035
1041
1043
1039
1028
983
987
989
974
987
988
963
969
980
1004
1059
1088
1085
1050
1034
1039
1039
1029
995
1020
1041
1050
1048
1026
1030
1041
1057
1038
1031
1040
1055
1039
1013
1008
1032
1031
1041
1029
1034
1038
1048
1033
1012
1026
1037
1025
1006
1024
1023
1018
981
985
995
1007
995
1010
1035
1047
1021
998
1005
1001
995
970
995
1013
1016
999
996
1013
1025
1030
1004
1006
1021
1016
1016
992
959
987
999
1000
1005
988
1005
1001
993
963
972
989
1017
1009
1023
1045
1084
1065
1026
1024
1038
1041
1016
1045
1047
1041
1019
1034
1043
1057
1034
999
1025
1022
1032
1010
1017
1035
1051
1046
1018
999
1018
1026
1022
984
969
961
962
979
959
969
986
1003
989
971
999
1028
1012
991
1006
1017
997
1002
1021
1031
1021
987
1007
1013
1005
976
976
994
1006
1015
1000
1017
1032
1040
1033
1027
1041
1043
1029
1009
1021
1026
1030
1026
1010
1019
1019
1021
1006
1005
1019
1016
1011
997
997
1018
1027
1019
996
1008
1003
1003
992
1008
996
994
983
979
999
1028
1049
1047
1020
1037
1043
1044
1044
1028
1048
1049
1046
1013
1010
1013
1013
1018
1011
1016
1021
1037
1025
1006
1002
979
998
1012
1011
1020
1047
1064
1058
1030
1047
1053
1049
1027
1003
1017
1000
1003
998
980
1008
1012
1028
1021
1045
1049
1042
1030
989
992
989
991
961
930
933
948
981
1010
993
1006
1022
1030
1036
1013
1011
1021
1026
1024
1005
996
991
1002
984
977
998
996
1016
1008
1040
1044
1062
1073
1030
1001
1018
1030
1009
1025
1034
1033
1021
1014
1016
1010
1010
983
997
979
968
955
940
959
972
975
960
985
986
994
970
980
980
986
999
958
926
915
938
993
1018
1024
1007
1026
1020
1000
981
961
987
1000
1025
1010
1021
1045
1048
1024
992
1003
1006
1015
993
973
990
1013
1017
1003
998
1021
1025
1027
994
999
983
986
978
982
999
1019
1043
1044
1045
1068
1079
1076
1052
1018
1025
1020
1011
985
993
1018
1027
1012
1016
1027
1030
1007
1004
1016
1024
1036
1018
1021
1044
1054
1053
1022
1029
1033
1027
1003
1013
999
999
961
946
985
1016
1039
1040
1020
1040
1049
1056
1041
1011
1018
1012
1040
1042
1024
1031
1015
1045
1061
1045
1034
1047
1054
1024
1018
1026
1034
1014
1019
1035
1039
1021
1031
1034
1037
1018
992
998
996
1001
1001
981
986
1000
1006
1022
1001
1018
1006
1013
1009
984
958
952
960
960
969
1013
1042
1046
1033
1024
1042
1042
1041
1008
1004
1025
1033
1045
1029
1023
1042
1052
1060
1054
1036
1063
1070
1053
1002
1002
1008
1016
999
981
999
1015
1021
1012
1019
1047
1049
1035
993
1007
1021
1051
1066
1029
1019
1021
1022
1032
1008
1020
1028
1039
1034
1007
1027
1026
1035
1040
1010
1005
1007
1013
1021
985
992
995
1000
988
972
1003
995
993
958
952
946
960
975
975
1017
1047
1051
1024
1035
1040
1037
1007
1014
1026
1037
1013
1009
1020
1029
1025
995
1004
1011
1017
983
988
1014
1037
1046
1021
1026
1034
1023
985
979
1018
1032
1039
1036
1010
996
999
1030
1007
980
995
997
1014
990
981
1022
1038
1023
1002
991
1007
1017
1028
993
1021
1021
1012
988
1016
1020
1006
978
978
985
1014
984
972
1001
1015
1018
1011
996
1010
1028
1018
996
978
1020
1034
1048
1059
1033
1013
1014
1010
992
960
929
958
971
976
975
1024
983
979
982
958
958
980
976
960
946
996
996
930
845
847
801
780
761
743
729
718
709
705
703
712
725
734
740
741
731
721
713
714
741
788
854
860
872
854
795
757
730
729
769
954
1052
1013
1043
1085
1096
1121
1154
1180
1168
1116
1117
1146
1144
1185
1199
1113
1072
1100
1127
1161
1169
1164
1180
1135
1151
1138
1063
1021
1064
1112
992
903
864
834
802
780
771
772
800
874
990
1080
1103
1088
1091
1103
1134
1131
1162
1157
1169
1171
1156
1130
1081
1066
1004
950
1034
1053
1061
1021
1060
1084
1140
1188
1157
1146
1174
1178
1170
1143
1108
1136
1150
1155
1156
1137
1144
1139
1146
1118
1121
1107
1100
1058
1031
985
985
1005
1022
1055
1067
1058
1102
1120
1126
1089
1109
1125
1102
1070
1104
1117
1123
1137
1102
1105
1106
1085
1063
1098
1097
1081
1059
1062
1068
1073
1057
1029
1018
1024
1052
1042
1054
1069
1088
1078
1051
1035
1028
1044
1059
1068
1047
1032
1021
1022
1028
1033
1028
1008
1035
1033
1037
1014
1037
1063
1048
1034
1075
1063
1023
1002
1041
1015
986
1046
1004
969
979
928
915
882
843
818
792
775
777
807
896
1001
1091
1099
1082
1076
1066
967
900
867
875
929
1023
1092
1079
1130
1116
1106
1087
981
924
863
827
802
770
753
737
727
724
717
707
720
729
731
728
736
731
1449
711
705
694
683
676
671
669
670
673
672
675
683
695
708
727
769
816
784
785
804
820
853
827
822
837
864
904
913
910
923
968
936
896
931
967
944
912
936
960
986
1004
1014
984
986
1004
1014
1028
1044
1032
1037
1061
1074
1077
968
900
905
964
1098
1122
1171
1177
1160
1153
1110
1098
1107
1112
1092
1118
1113
1100
1040
979
954
994
1094
1133
1140
1153
1133
1118
1106
1121
1109
1112
979
916
891
877
933
1048
1167
1136
1101
1066
1077
1064
1042
1063
1095
1129
1133
1092
1071
1063
1062
1059
1087
1085
1082
1088
1079
1096
1086
1072
1057
1064
976
903
870
903
958
916
936
993
1015
1018
1079
1112
1120
1114
1089
1084
1075
1003
951
944
974
1042
1089
1125
1100
1103
1088
1052
1062
1056
1062
1028
1073
1038
1021
1024
942
958
985
964
904
895
913
934
979
1019
1080
1108
1113
1095
1103
1104
1096
1056
1060
1068
1077
1067
1079
1055
1063
1021
978
917
902
936
970
909
901
920
929
928
958
1010
1040
1063
1094
1094
1077
1060
1047
1060
1059
1070
1055
1058
1034
1016
1018
1023
1014
930
874
867
882
895
871
897
938
971
998
1060
1113
1133
1076
1054
1080
1083
1088
1076
1090
1089
1078
1071
1085
1065
1015
1000
1022
1067
1063
1059
1047
938
888
844
814
784
767
747
731
723
715
719
729
745
765
787
829
864
901
921
907
885
886
883
895
901
879
843
845
850
880
872
867
907
944
953
915
916
919
923
952
960
929
935
964
1003
1005
947
892
858
831
819
820
850
888
886
863
868
873
880
1728
865
835
4797
780
774
775
781
794
805
804
790
784
782
774
772
769
758
744
730
723
726
728
739
756
777
808
811
799
796
788
802
812
817
824
833
851
866
834
812
792
771
764
774
801
829
814
813
836
822
794
772
744
731
719
743
770
780
781
813
805
807
818
799
790
787
785
804
833
849
855
882
931
954
973
946
924
931
929
917
874
860
888
936
921
902
894
923
914
904
834
806
781
758
744
771
841
840
885
938
1002
1021
979
938
937
956
957
933
897
919
953
969
930
895
912
917
903
871
864
878
898
907
892
879
890
849
815
790
777
764
771
781
806
811
844
868
854
836
850
884
914
927
946
921
905
922
903
904
898
894
936
971
992
986
953
964
956
938
905
897
914
945
940
925
912
929
945
947
915
888
902
915
920
920
901
935
946
946
914
899
909
923
903
892
932
967
972
979
951
922
937
947
945
917
916
932
961
970
947
918
946
965
995
1026
1026
996
968
956
935
900
883
881
919
980
972
960
982
1004
1004
976
951
965
974
972
952
942
973
980
979
962
961
988
999
1012
992
915
877
839
809
772
765
745
732
2783
672
672
662
654
646
638
638
636
638
647
661
668
676
693
716
742
771
775
776
813
888
938
961
938
906
858
851
915
947
949
935
973
1016
1076
1027
932
884
896
883
896
962
1029
1024
962
958
980
998
1015
1042
1067
1072
1070
1061
1085
1095
1090
1086
1081
1088
1066
1040
1019
968
981
969
990
1049
1093
1104
1077
1090
1069
1060
1028
1033
1035
1077
1121
1138
1126
1135
1151
1160
1152
1125
1119
1104
1116
1095
1081
1059
1021
942
913
932
964
1005
1041
1087
1099
1096
1076
1104
1115
1123
1135
1085
1074
1093
1127
1142
1142
1122
1116
1109
1075
1010
972
965
1033
1129
1170
1175
1138
1147
1131
1118
1065
1064
1053
1023
1024
1008
1007
1031
1046
1043
1039
1051
1078
1085
1095
1080
1092
1091
1113
1111
1104
1102
1062
1052
1029
1031
1052
1055
1088
1092
1083
1104
1123
1121
1097
1109
1091
1097
1088
1077
1061
1059
1054
1044
1045
1033
1007
1019
1042
1051
1066
1071
1074
1072
1091
1095
1104
1121
1110
1112
1112
1117
1113
1083
1041
1012
988
1001
1048
1069
1110
1168
1185
1165
1188
1159
1138
1108
1124
1118
1118
1102
1099
1114
1108
1095
1078
1057
1054
1034
1038
1037
1060
1080
1125
1128
1066
1060
1038
1030
1036
1007
1016
992
1027
1074
1097
1093
1080
1084
1073
1053
1027
1008
1021
1030
1057
1045
1068
1066
1073
1072
1069
1040
1051
1037
1028
1022
1026
1037
1035
1044
1059
1076
1063
1074
1066
1076
1069
1031
1031
1060
1080
1054
1062
1068
1064
1047
1052
1057
1040
1043
1063
1075
1068
1071
1066
1056
1035
1026
1034
1047
1062
1049
1048
1038
1034
1007
1002
997
998
992
983
1015
1019
1041
1062
1089
1095
1093
1080
1088
1088
1089
1078
1074
1039
1026
1014
1021
1013
1021
1019
1041
1036
1024
1036
1033
1041
1063
1064
999
983
994
1013
1022
1037
1062
1082
1068
1073
1074
1069
1078
1052
1057
1069
1073
1078
1075
1090
1082
1088
1090
1110
1113
1112
1075
1044
1039
1034
1042
1033
1052
1061
1057
1053
1068
1066
1070
1057
1047
1028
1026
1031
1026
1046
1073
1077
1063
1064
1073
1078
1067
1052
1054
1061
1077
1074
1034
1018
1025
1049
1082
1060
1005
1021
1040
1050
1038
1051
1030
1049
1055
1070
1076
1072
1078
1056
1063
1057
1038
1027
1002
1013
1029
1047
1035
1049
1062
1063
1042
1022
1031
1027
1036
1028
1044
994
979
979
997
1021
1013
1038
1032
1033
1030
1020
1009
1022
1025
994
954
915
918
953
1026
1063
1089
1106
1123
1134
1139
1104
1083
1076
1081
1081
1055
1054
1051
1059
1061
1061
1037
1043
1030
1024
1030
1032
983
977
972
991
1015
1028
1065
1096
1080
1062
1059
1031
1027
971
967
947
968
1004
1023
1021
1052
1027
1028
1027
1045
1056
1061
1058
1060
1062
1074
1064
1064
1061
1057
1038
971
945
973
1001
1049
1067
1089
1049
1037
1028
1010
1017
1017
1028
1025
1028
1006
1006
1009
1005
1042
1069
1066
1055
1058
1021
1023
1002
1002
1003
1008
1031
1035
1061
1051
1060
1040
1043
1059
1041
1044
1056
1058
1044
1035
1046
1030
1025
999
992
1011
1023
1039
1036
1039
1055
1076
1071
1061
1063
1061
1052
1032
1069
1044
1029
1013
1024
1026
1029
1036
1043
1061
1054
1050
1018
965
943
949
983
1021
1020
1012
1033
1060
1057
1053
1030
1026
1029
1022
1012
1025
1033
1052
1053
1041
1013
1012
1010
1008
1009
1001
1006
1024
1034
1043
1021
1020
1014
1026
1033
1034
1044
1059
1060
1047
1059
1010
996
1015
990
976
1009
994
1006
1030
1030
1040
1042
1044
1022
1023
1029
1030
1025
1031
1044
1049
1059
1030
1037
1059
1070
1054
1058
1051
1023
1039
1076
1076
1048
1054
1030
1023
1011
1030
1009
1008
992
1003
1035
1069
1084
1073
1077
1076
1086
1080
1052
1063
1071
1081
1064
1045
1035
1011
991
990
998
1003
1030
1055
1045
1058
1059
1056
1044
1043
1040
1058
1050
1046
1031
1016
1007
1003
997
979
994
1003
1032
1055
1064
1040
1029
1039
1026
1033
1027
1041
1031
1038
1031
1052
1059
1056
1027
1022
1033
1054
1044
1024
1049
985
969
961
979
1021
1008
1015
1024
1017
988
996
983
997
954
936
929
985
962
932
912
891
885
922
976
1027
1026
1004
1029
1061
1079
1077
1072
1076
1100
1104
1100
1073
1058
1053
1064
1066
1069
1038
1016
994
992
995
1043
1041
1060
1059
1050
1053
1050
1047
1035
1047
1033
1041
1042
1038
1047
1063
1062
1041
1000
984
1022
1044
1033
1060
1063
1070
1080
1066
1065
1079
1085
1070
1063
1062
1063
1067
1052
1031
1027
1026
1043
1033
1029
1050
1045
1046
1031
1044
1045
1054
1037
1029
1025
1020
990
984
974
951
957
971
1005
996
971
987
977
989
975
975
999
1054
1032
1034
1045
1047
1059
1070
1072
1064
1053
1058
1018
1017
1006
1046
1034
1043
1030
1062
1037
1038
1029
1050
1036
1053
1043
1029
1043
1039
1045
1030
1018
972
968
986
991
1036
1009
1031
1022
1036
1054
1049
1022
1018
984
959
961
993
972
969
975
976
1000
1010
1019
1020
1030
1026
1037
1048
1041
1044
1049
1056
1040
1025
1041
1047
1077
1048
1012
1000
1039
1050
1079
1077
1059
1064
1065
1072
1068
1056
1072
1060
1060
1053
1026
1027
1024
1030
1038
1031
1065
1043
1034
1011
992
1017
1008
995
1037
1030
1026
1011
1042
1010
1001
996
1010
949
935
914
918
953
992
1037
1059
1051
1066
1072
1083
1085
1063
1054
1059
1019
1019
1022
1049
1079
1086
1104
1111
1100
1078
1072
1052
1052
1050
1059
1056
1066
1080
1074
1052
1027
1030
1033
1034
1042
1035
1049
1070
1079
1068
1061
1086
1061
1031
1016
990
1001
1031
1069
1083
1040
1037
1016
1008
1022
1007
1009
1012
1029
1034
1043
1061
1032
1055
1057
1083
1092
1102
1097
996
927
881
846
821
805
822
914
1023
1124
1151
1155
1165
1173
1166
1174
1146
1146
1145
1154
1129
1089
1041
1052
1081
1056
1066
1092
1087
1067
1085
1096
1090
1078
1096
1107
1116
1103
1085
1104
1111
1097
1123
1120
1099
1110
1108
1107
1074
1059
1067
1089
1088
1091
1077
1092
1026
1029
1040
1041
1052
1068
1061
1036
1042
1053
1059
1048
1040
1046
1058
1063
1068
1081
1094
1076
1074
1065
1056
1038
1020
1036
1062
1055
1051
1067
1083
1082
1087
1074
1076
1064
1058
1060
1067
1052
1054
1065
1058
1038
1012
1026
1047
1096
1044
977
938
946
1029
1149
1199
1210
1193
1197
1188
1168
1152
1100
1078
1088
1099
1077
1095
1107
1128
1120
1126
1129
1127
1121
1129
1126
1104
1110
1125
1124
1115
1127
1118
1122
1117
1098
1108
1063
1040
1036
1063
1075
1058
1063
1095
1094
1102
1088
1103
1085
1075
1046
1018
1010
1015
1034
1023
1001
985
990
994
1023
1025
1058
999
940
902
907
952
1039
1098
1111
1099
1089
1075
1057
1056
1058
1073
1087
1092
1060
1072
1079
1086
1086
1084
1084
1073
1077
1092
1092
1085
1073
1080
1072
1056
1033
1054
1073
1068
1070
1083
1026
986
1002
1009
1020
1041
1069
1106
1094
1097
1095
1102
1092
1089
1104
1090
1088
1082
1098
1105
1087
1041
1030
1031
1036
1027
1027
1039
1041
1044
1049
1027
1047
1040
1032
1040
1051
1040
1034
1044
1051
1054
1044
1047
1040
1025
1005
982
985
955
926
913
902
921
979
1034
1065
1091
1098
1097
1071
1083
1075
1057
1072
1088
1068
1056
1047
1022
1029
1043
1043
1050
1064
1056
1059
1050
1059
1049
1050
1026
1001
993
993
986
996
1015
1020
1020
1034
1033
1029
1026
1038
1042
1047
1053
1047
1056
1053
1047
1030
1039
1033
1026
1034
1052
1056
1050
1060
1066
1054
1054
1057
1045
1039
1031
1033
1036
1030
1033
1041
1037
1039
1052
1053
1058
1044
1058
1054
1050
1032
1028
1020
997
1000
986
1011
1043
1044
1054
1030
1025
1004
991
986
987
1000
1000
1017
1024
1036
1042
1052
1037
1025
1017
1019
1018
1014
1005
1004
993
981
979
966
972
974
986
971
986
989
981
987
998
990
975
948
942
938
945
955
964
980
1001
1028
1025
1033
1034
1034
1025
1015
1005
999
983
988
1003
991
989
987
980
979
978
988
986
975
973
977
968
965
955
955
955
960
960
967
965
958
958
971
954
951
961
979
982
971
955
957
955
938
932
938
936
912
883
865
885
949
994
1026
1031
1024
1039
1038
1038
1024
1025
1023
1035
1054
1045
1029
1028
1021
1008
1003
990
996
938
1043
987
993
999
1009
1006
1003
1003
1003
1015
1018
1014
1011
1009
998
1004
1015
1019
1010
991
982
968
975
986
1002
1026
1023
1036
1050
1038
1035
1039
1057
1027
1040
1035
1024
1028
1026
1021
1036
1054
1044
1035
1045
1026
1027
1015
1010
1014
1012
1020
1028
1036
1039
1028
1042
1043
1026
1034
1055
1041
1054
1034
1035
1037
1045
1042
1042
1050
1043
1038
1047
1045
1013
1015
1020
1011
1014
1007
1011
995
989
984
970
974
977
984
996
1008
1009
1005
1009
1005
990
986
976
971
979
988
998
1006
997
993
989
977
971
967
978
976
971
981
980
981
989
993
984
984
991
985
992
993
979
979
961
954
958
957
962
966
974
977
992
985
972
953
943
951
961
970
984
1007
997
1001
999
996
995
985
979
966
971
964
959
959
966
971
968
973
974
968
974
975
966
968
970
954
959
957
953
956
938
924
924
922
919
937
952
956
953
965
963
964
969
973
971
974
975
966
969
962
979
973
973
978
979
972
970
971
964
970
968
974
973
968
973
973
976
965
958
956
950
935
925
919
911
914
922
927
940
960
968
963
962
942
910
884
865
841
807
793
778
768
765
776
804
828
860
884
894
909
935
945
948
950
986
1028
1041
1028
1040
1050
1041
1033
1045
1021
1036
1036
1037
1050
1057
1080
1083
1083
1090
1083
1066
1041
1045
1032
1018
1012
1006
1004
1017
1021
1037
1052
1043
1029
1032
1030
1027
1027
1025
1030
1032
1030
1025
1034
1027
1018
1022
1019
1007
1016
1018
1013
1016
1009
1008
1006
1003
999
1001
1003
1000
999
997
995
970
949
938
917
919
936
944
954
976
1002
1004
997
1001
997
988
997
954
940
930
942
973
1001
1025
1037
1038
1036
1028
1012
1000
981
957
949
945
936
936
947
969
968
979
973
983
985
981
976
976
967
963
963
970
967
961
983
999
1007
1017
1021
997
998
999
1004
1012
1013
1015
1022
1024
1044
1040
1029
1008
1012
1005
1012
1012
1027
1030
1023
1028
1017
1021
1004
979
983
977
1000
991
983
991
1024
1025
1019
1007
992
987
987
983
976
965
979
1007
1024
1025
1006
1008
1012
1004
978
1005
1024
1020
1024
1049
1043
1032
1036
1026
1016
996
981
972
966
959
978
951
956
959
958
951
943
949
951
964
966
974
976
978
981
978
975
977
980
971
971
973
985
992
996
1005
1011
1001
998
1001
1004
989
982
986
969
968
980
976
965
969
970
948
936
930
938
938
937
955
965
979
977
965
948
927
910
896
884
889
925
996
1068
1118
1113
1069
1037
1027
1022
1001
977
978
962
965
984
986
942
928
911
879
866
853
837
840
854
875
907
936
957
955
960
978
976
979
982
975
973
991
1003
1015
1031
1030
1050
1059
1055
1047
1045
1035
1030
1045
1031
1039
1062
1044
1046
1058
1059
1068
1082
1083
1077
1079
1074
1063
1044
1041
1043
1054
1074
1089
1100
1067
1029
1015
1014
1017
1024
1031
1031
1024
1017
1019
1011
1006
990
986
979
970
966
957
956
957
961
961
969
990
1006
1013
1014
1019
1019
1012
1003
1000
995
986
989
989
987
988
990
986
974
975
973
969
975
979
978
968
970
957
956
951
955
964
976
994
1017
1024
1030
1035
1043
1031
1044
1058
1083
1079
1062
1055
1001
955
916
884
858
835
826
847
909
971
1014
1021
1000
979
957
956
981
1013
1048
1063
1080
1099
1095
1098
1082
1082
1068
1044
1030
1029
992
975
981
1006
1059
1064
1051
1045
993
979
966
963
976
1006
1046
1057
1063
1071
1050
1050
1063
1062
1058
1061
1051
1056
1055
1036
1046
1067
1066
1061
1056
1059
1058
1060
1062
1051
1056
1042
1034
1014
1007
1011
1017
1026
1036
1032
1049
1043
1037
1043
1048
1045
1043
1049
1057
1048
1055
1071
1049
1047
1046
1030
1029
1021
1010
994
979
973
968
970
971
971
982
1001
1000
1003
1016
1018
1007
1015
1000
988
978
979
961
948
937
936
911
869
839
819
803
800
819
857
862
889
904
908
900
869
837
810
781
761
744
734
728
726
728
726
729
725
732
730
737
773
842
868
899
971
1037
1017
951
925
957
1040
1059
1108
1154
1169
1150
1153
1132
1131
1134
1145
1145
1123
1101
1097
1103
1103
1082
1078
1084
1080
1095
1086
1076
1074
1073
1032
1027
1010
1019
1030
1049
1078
1103
1089
1086
1093
1090
1083
1085
1087
1068
1060
1041
1039
1051
1063
1059
1058
1043
1033
1026
1021
1016
1021
1021
1023
1025
1032
1047
1048
1043
1041
1045
1038
1030
1031
1033
1041
1039
1026
1032
1032
1026
996
989
991
984
979
981
985
1000
1007
1011
1019
1025
1018
1022
1009
1009
1009
1021
1014
1012
1003
1003
996
987
995
999
1006
1009
1007
1012
1011
999
993
997
981
973
979
985
986
985
997
1013
990
989
972
971
969
974
977
975
991
995
994
1003
959
961
971
994
1036
1060
1070
1076
1079
1069
1054
1031
1011
1001
986
974
969
979
987
1001
1017
1012
1005
1005
989
980
970
970
945
939
938
929
933
952
962
955
966
961
955
949
937
926
918
914
909
909
916
926
933
939
956
961
960
963
954
954
955
948
939
938
950
951
968
998
1039
1012
997
980
987
991
981
985
1000
1004
1015
1025
1023
1020
1019
1021
1010
1021
972
990
1007
1021
1043
1083
1093
1121
1096
1053
1030
1017
996
967
954
969
982
983
990
1007
988
983
972
991
986
1003
1008
1010
1009
1018
1002
1014
1019
999
1009
996
995
983
968
968
942
912
893
920
972
1021
1051
1035
1024
1026
1011
1002
985
973
972
963
974
990
998
1014
1027
1039
1025
1012
1005
1000
988
989
981
993
992
984
989
1007
1005
1005
1006
1008
1002
995
1004
1012
1004
1003
1018
1012
1013
1009
1007
1005
998
1012
1022
1021
985
943
882
829
803
779
765
1496
729
720
706
708
706
707
716
722
717
721
729
727
725
724
719
720
712
712
696
690
685
683
681
681
685
694
714
738
756
768
796
839
880
881
862
881
915
961
966
983
1064
1094
1099
1057
1103
1122
1103
1107
1093
1099
1115
1125
1134
1132
1089
1116
1128
1106
1104
1020
946
962
1056
1069
1083
994
989
1017
1041
1063
1033
1038
1061
1058
1069
1099
1101
1087
1092
1074
1063
1066
1047
1014
1055
1155
1174
1136
1077
1063
1089
1074
1085
966
935
954
1020
1104
1116
1106
1079
1120
1120
1109
1069
995
934
908
915
952
1028
950
899
878
857
834
805
801
784
769
753
735
726
717
710
713
718
739
776
816
854
866
874
908
938
911
846
824
809
781
753
740
727
725
749
781
826
870
859
858
888
901
941
973
944