876
882
924
946
980
951
916
925
949
963
979
937
901
899
911
921
887
896
938
977
985
938
931
948
967
949
928
939
965
957
927
914
952
980
1004
997
944
931
953
984
1008
948
936
959
956
917
912
903
857
853
844
820
801
802
787
776
771
771
743
736
726
744
749
736
741
759
757
752
784
843
883
886
880
921
974
989
939
917
922
922
934
920
938
894
831
787
756
768
793
829
828
820
857
892
933
920
898
925
962
979
984
954
936
970
981
966
938
952
987
1008
977
959
971
988
990
972
966
994
1020
1021
972
972
964
970
959
920
936
974
988
976
917
924
947
950
938
932
964
980
961
933
901
868
802
769
732
713
702
699
696
701
708
712
711
704
699
701
699
692
693
688
670
682
732
803
902
914
885
871
833
797
782
769
752
754
757
755
758
764
757
743
729
713
706
697
688
672
656
657
654
647
648
646
649
652
646
645
646
652
663
661
658
646
639
632
632
638
664
688
708
693
686
695
700
698
693
698
685
694
686
687
697
696
696
688
677
678
671
675
672
675
673
673
669
684
687
682
681
689
690
682
678
680
678
674
675
694
712
706
708
719
707
689
696
693
678
672
677
673
664
665
663
662
662
665
669
663
657
659
670
679
671
688
696
705
698
707
708
682
683
678
678
669
658
654
648
656
658
663
667
686
701
709
700
719
735
737
740
753
767
777
785
798
813
782
778
779
786
785
790
813
834
834
840
867
874
870
845
842
851
846
844
854
874
887
890
874
870
865
854
842
826
852
878
925
904
894
893
884
837
805
796
815
799
775
725
727
778
830
842
854
832
832
837
823
806
810
801
779
784
798
805
812
834
868
863
848
875
896
899
863
845
840
831
836
832
806
808
821
813
807
799
774
741
711
709
704
745
782
818
835
822
821
818
797
801
797
777
790
789
770
775
779
783
775
785
846
913
949
944
941
933
922
896
851
814
777
765
752
746
748
753
749
736
720
699
688
687
674
678
680
688
688
697
707
720
726
717
729
739
727
718
729
746
770
786
800
819
838
849
832
844
873
887
879
853
869
895
911
910
873
870
880
879
887
871
874
920
941
905
870
895
900
881
841
854
877
872
883
925
942
912
902
931
923
898
855
854
856
837
830
856
902
921
910
930
938
920
910
904
893
861
857
864
903
846
838
840
847
854
850
836
855
853
821
850
856
841
834
847
846
846
862
896
928
928
944
958
953
934
915
881
856
870
884
911
906
940
960
928
898
894
885
881
856
888
928
930
928
926
939
914
922
945
967
956
940
947
945
940
927
947
943
964
940
930
941
945
923
919
904
883
894
915
935
910
910
915
879
900
920
909
896
906
919
940
892
922
925
923
910
928
934
911
894
905
920
918
902
855
866
877
862
803
801
830
822
824
849
854
838
805
804
820
826
800
794
806
793
795
813
815
819
828
858
881
872
865
867
882
877
888
905
900
889
898
922
895
896
921
919
897
916
926
925
902
873
879
900
931
947
912
878
887
911
933
953
922
905
938
965
956
914
886
890
919
940
940
931
911
932
966
983
975
935
938
954
966
976
942
932
948
925
877
846
894
914
903
887
896
901
885
898
908
908
891
899
893
895
896
926
946
940
901
917
927
932
912
900
903
904
885
852
859
888
881
894
898
856
864
878
878
854
860
869
884
883
927
942
953
916
920
913
896
875
867
843
849
861
872
859
850
865
882
871
865
894
914
912
884
879
900
916
925
867
844
820
833
839
860
875
859
834
826
790
746
739
728
722
739
780
819
846
857
850
813
786
786
773
745
738
735
756
773
775
772
772
760
745
732
739
741
746
749
759
784
791
781
787
777
779
790
788
805
793
800
774
740
729
730
721
715
709
687
691
689
692
677
681
681
678
673
673
679
679
673
666
672
688
708
728
756
794
829
824
832
838
834
804
811
802
780
764
768
783
826
825
850
857
844
826
826
819
796
788
787
784
771
779
813
830
831
851
848
813
799
789
773
749
772
789
773
774
775
775
772
765
775
785
792
791
763
778
773
740
724
742
756
766
802
860
904
918
878
865
896
897
892
879
930
946
912
928
963
962
929
905
931
950
979
973
982
1001
995
960
958
983
993
967
949
971
977
963
939
960
974
990
994
966
981
1003
1016
988
959
972
981
928
872
869
860
856
848
870
898
883
860
884
916
942
959
944
942
956
977
992
1001
974
961
980
1008
1013
974
927
930
953
978
961
943
978
991
994
964
961
946
848
822
815
817
805
816
787
787
791
802
838
875
915
921
915
910
915
916
905
911
926
949
965
949
970
975
968
921
913
927
953
947
928
959
972
969
956
958
957
930
918
945
980
999
977
969
983
1000
1021
1007
996
1016
1018
1020
979
962
977
999
995
952
937
965
978
968
943
964
964
964
932
921
955
960
949
936
952
960
956
929
928
938
954
954
940
956
960
946
924
930
933
920
904
924
959
979
972
958
964
961
934
921
921
901
870
896
911
929
913
903
929
940
949
935
938
951
948
922
924
945
947
937
932
939
936
943
925
925
947
967
953
938
952
954
936
929
940
937
917
911
931
940
946
938
961
975
960
938
944
938
891
862
912
963
944
902
931
937
917
896
913
927
904
886
906
912
914
895
901
930
942
920
923
940
946
971
940
924
930
933
923
918
922
932
922
901
920
943
966
986
955
940
961
979
990
1003
992
953
940
959
983
985
934
938
950
970
943
916
930
942
941
934
923
948
970
981
965
954
969
985
981
986
962
975
1008
1011
997
1006
1009
998
935
927
925
938
938
938
984
995
980
954
976
994
967
932
933
913
908
893
900
937
969
979
953
945
945
951
949
913
918
937
960
945
914
931
926
895
867
893
926
942
920
929
941
947
932
930
941
954
953
956
955
965
942
922
937
945
961
943
955
975
983
985
962
964
971
980
980
960
967
974
977
959
949
968
981
979
957
954
956
959
940
927
934
941
960
934
903
919
941
962
946
938
950
967
978
949
936
940
952
979
965
953
967
971
976
960
937
940
951
947
922
914
934
935
954
922
919
918
917
900
896
914
926
906
891
889
889
898
895
896
911
935
924
907
916
911
906
889
885
896
912
918
918
945
965
959
943
937
943
938
916
918
937
946
937
912
924
942
948
926
919
934
936
938
952
953
959
948
933
940
943
943
925
916
912
898
871
875
907
927
911
919
927
931
858
823
801
768
735
714
703
686
691
698
728
767
758
746
749
753
755
734
728
741
748
763
787
790
801
815
823
826
817
823
818
826
828
850
844
815
809
839
863
893
892
895
909
925
938
922
911
917
950
986
1010
995
979
975
974
920
894
929
953
916
922
908
896
880
894
909
899
877
890
905
923
904
915
943
959
939
928
938
955
933
935
968
990
993
971
946
953
956
966
960
947
994
1026
1022
1017
983
974
982
1001
1002
962
965
987
998
979
959
981
990
983
965
980
986
998
980
981
1003
1010
1013
982
970
984
978
931
929
957
966
925
912
913
911
889
889
915
928
935
924
931
940
952
955
932
932
947
965
984
970
950
955
962
961
947
930
947
977
998
975
958
981
986
979
963
946
970
993
1008
983
978
999
1002
1002
963
913
909
900
878
914
943
938
912
908
903
884
878
904
934
964
947
952
982
989
982
967
942
943
964
974
958
946
960
968
960
940
953
945
900
855
857
851
836
813
796
795
802
775
741
731
740
738
749
753
750
759
761
782
802
834
853
858
841
847
877
909
925
906
884
896
902
901
877
884
898
917
932
928
910
931
950
959
971
941
941
949
979
984
976
926
909
922
842
806
842
826
863
896
914
888
902
916
900
893
918
934
951
933
928
940
942
935
940
951
933
890
887
890
904
893
891
912
942
945
920
910
918
922
925
900
915
939
969
1004
994
960
961
963
960
945
924
948
972
987
996
972
962
965
974
983
983
955
937
956
986
1006
977
970
978
972
953
916
918
929
938
948
940
956
975
984
963
950
951
958
970
944
943
963
990
985
947
936
926
937
888
874
892
902
898
900
910
920
909
905
917
932
931
940
950
955
922
867
873
872
866
852
866
884
907
896
880
893
896
912
909
908
911
903
870
876
893
899
886
873
893
899
922
926
904
916
925
936
946
937
917
927
924
944
938
912
912
941
957
956
932
929
918
877
852
846
866
854
858
877
897
908
898
917
932
943
947
944
934
913
922
942
964
942
926
941
948
957
943
956
953
954
938
944
959
966
968
948
955
961
957
936
927
946
959
970
945
944
954
957
955
935
923
936
935
931
924
939
944
936
922
931
935
939
928
923
933
947
946
936
950
949
958
937
929
938
941
924
912
935
937
948
926
918
932
942
961
939
914
920
938
944
957
941
931
951
970
971
965
965
934
907
903
916
907
892
902
910
922
901
897
908
922
931
927
938
947
959
963
942
951
960
958
942
937
958
976
980
946
924
934
943
944
936
951
959
960
942
950
956
956
945
947
955
937
910
875
891
908
932
924
898
917
950
956
948
950
957
961
959
933
927
928
931
936
903
906
917
938
945
929
928
946
957
965
939
947
958
967
950
956
963
974
966
964
993
1008
1001
976
957
956
961
971
948
948
978
972
969
927
917
925
931
953
942
938
979
992
996
983
983
979
967
950
896
861
878
880
877
841
848
858
855
833
830
851
870
880
866
864
882
896
909
925
935
908
906
903
921
937
907
883
896
930
958
972
947
924
940
935
945
937
896
892
918
897
857
838
859
877
860
864
886
886
893
873
881
899
913
914
922
938
951
943
917
917
921
926
912
811
756
771
725
692
682
670
670
658
661
663
655
649
646
643
643
643
640
640
637
635
627
619
613
616
622
631
647
690
751
773
781
782
786
812
795
729
697
682
664
665
687
702
677
693
716
729
718
744
754
744
1450
721
729
723
704
720
721
724
726
701
696
702
698
701
695
717
754
765
764
797
832
857
853
840
827
793
771
771
782
787
790
817
859
845
845
868
852
798
791
775
771
761
768
780
780
784
815
844
821
815
823
830
826
808
811
796
767
764
795
800
775
760
746
740
744
751
752
761
777
777
778
791
783
758
747
755
774
781
762
797
844
879
873
892
913
926
896
868
872
854
804
809
813
826
867
878
854
861
881
861
844
854
872
831
840
846
824
821
835
858
852
871
879
883
856
842
795
782
784
792
804
813
853
894
888
896
903
894
862
875
883
875
835
854
866
849
824
853
885
890
886
866
872
880
890
868
852
870
896
925
905
892
916
910
875
878
877
899
900
867
888
908
920
907
900
917
916
918
917
943
960
950
922
927
935
940
928
932
947
960
947
934
907
842
808
809
795
814
834
856
863
830
844
829
808
802
817
838
815
807
806
832
842
849
852
828
824
813
820
829
854
893
879
867
872
885
904
897
886
911
933
951
941
923
930
936
937
931
944
951
942
921
933
938
938
929
940
948
945
927
938
943
938
920
899
901
896
892
919
936
933
921
923
938
935
912
898
906
900
881
906
921
930
912
916
928
924
899
903
923
935
939
917
922
929
921
917
910
933
944
955
957
931
943
947
951
920
896
899
905
932
930
943
965
978
941
928
933
938
924
904
932
947
949
928
942
959
965
956
937
951
961
953
932
934
942
960
923
907
925
943
964
958
970
990
992
981
950
938
932
938
938
954
967
977
955
942
971
974
968
942
937
944
948
944
955
979
992
994
959
951
950
960
963
952
939
954
959
978
954
933
934
927
901
892
920
932
936
911
913
913
918
908
903
917
925
913
898
914
919
929
916
907
905
924
932
927
921
937
937
942
919
905
911
917
912
896
906
905
920
891
889
899
906
891
880
892
900
910
896
893
910
937
952
927
914
921
919
909
902
908
921
923
903
907
926
938
920
902
909
925
934
930
913
905
922
934
946
927
928
941
926
911
918
928
913
906
913
911
919
899
890
898
906
895
905
914
913
871
869
847
851
840
863
857
804
771
743
715
697
692
709
710
711
718
716
717
701
700
709
715
716
738
762
796
791
784
799
813
809
794
814
832
860
856
865
868
878
888
871
872
890
902
886
877
903
924
942
907
902
915
919
868
837
846
865
856
834
862
829
788
751
761
777
826
857
877
880
856
821
823
832
828
800
778
779
783
795
790
780
799
812
830
841
852
838
826
850
868
899
920
910
890
889
898
906
901
880
900
907
907
885
884
904
906
887
876
889
888
873
855
862
870
863
851
862
878
874
848
847
862
857
823
808
822
845
867
855
854
867
882
889
867
857
865
867
868
856
864
877
887
878
864
869
872
870
858
852
867
875
853
824
836
861
830
814
833
853
866
859
848
864
883
899
902
885
893
895
910
924
903
896
902
913
919
903
899
920
875
859
844
875
897
903
899
875
843
805
790
815
853
908
911
897
917
936
940
946
931
921
929
941
949
949
941
936
955
973
983
973
947
955
973
988
983
967
966
983
1001
1007
995
953
938
956
968
999
951
945
971
983
991
949
938
947
948
925
919
938
953
924
914
923
927
913
897
925
932
948
927
902
920
932
923
904
900
925
943
960
950
933
931
937
938
918
909
919
925
938
941
918
920
929
944
943
923
926
942
950
947
916
922
919
927
903
900
911
920
911
900
913
940
947
935
920
922
936
944
945
939
951
962
962
956
931
928
945
951
969
934
930
939
953
944
920
923
936
923
906
901
927
931
951
937
942
964
982
1001
985
974
979
965
976
960
957
975
983
979
974
938
929
953
970
987
961
943
954
972
963
947
946
953
954
923
910
926
959
990
1008
1025
1001
995
996
1006
1007
993
983
992
1005
1002
982
905
894
918
964
967
932
943
953
950
934
936
954
976
986
972
969
982
984
988
980
958
956
969
978
967
944
950
967
965
945
941
949
960
974
954
932
938
957
956
957
922
921
934
941
944
918
920
941
956
968
951
941
954
963
952
927
921
944
971
987
980
956
946
958
965
972
953
939
946
961
974
949
944
964
979
979
952
952
964
972
988
990
962
959
977
977
968
947
942
952
965
962
935
922
934
951
962
965
936
923
933
944
947
948
932
931
957
963
961
936
914
912
925
952
956
936
944
959
972
968
941
929
948
959
976
951
938
949
954
961
950
910
927
946
953
949
932
937
941
952
952
938
948
948
954
939
918
929
939
958
963
953
959
980
981
947
849
798
769
755
752
763
755
739
741
739
746
752
758
755
734
712
706
698
702
714
728
789
855
925
959
949
943
953
905
919
910
882
868
860
835
824
799
817
828
832
818
821
842
873
909
917
896
918
933
933
938
929
925
939
954
987
989
909
868
836
801
798
824
855
842
857
890
927
953
945
898
874
858
855
863
881
901
896
908
933
931
940
944
906
896
920
966
996
979
897
911
898
926
937
931
896
896
918
948
966
979
953
925
932
950
964
967
908
909
898
906
935
950
953
916
902
921
953
975
994
988
945
938
957
967
942
950
959
930
936
959
979
973
940
941
945
922
939
906
897
908
928
948
971
979
959
943
950
950
963
959
959
938
915
930
961
983
988
966
930
933
947
952
959
948
917
936
951
967
973
956
929
913
930
957
978
982
955
918
924
938
957
958
919
889
892
921
963
982
995
970
951
946
947
950
965
940
900
901
914
936
952
943
923
918
938
955
968
974
970
942
929
941
957
971
977
939
906
921
936
960
977
949
928
931
919
883
833
809
804
818
810
802
802
817
824
844
856
853
856
849
835
834
846
867
908
935
922
930
926
922
920
920
896
872
883
851
808
801
786
788
796
785
804
845
875
888
880
878
874
876
884
895
902
884
861
864
887
919
948
924
902
912
930
937
916
890
890
902
932
961
961
964
975
982
986
980
961
953
941
956
969
979
981
974
942
913
922
941
961
956
922
941
953
969
961
946
958
979
986
995
972
947
941
949
962
984
987
989
965
963
965
971
976
946
922
923
942
974
991
968
962
979
993
997
988
968
939
938
957
978
998
1000
997
957
935
938
947
959
956
946
953
957
945
928
921
920
908
888
869
862
837
836
856
876
885
905
932
946
931
929
924
917
924
898
899
866
867
898
929
955
950
936
930
933
921
917
926
911
898
914
918
934
931
915
912
919
924
927
915
900
904
918
896
855
873
889
912
908
902
918
928
936
930
928
931
945
958
970
975
953
943
951
923
886
903
932
956
967
945
908
913
931
949
955
959
935
910
915
931
948
973
991
987
978
979
973
972
974
967
979
976
941
899
919
939
972
942
932
948
954
949
936
942
945
943
935
935
956
957
959
954
935
926
930
936
932
930
918
923
932
937
944
930
933
921
897
867
877
896
926
940
938
938
944
938
916
890
894
903
915
898
887
890
892
889
870
873
891
904
908
893
887
889
861
808
806
803
798
810
821
837
831
838
850
858
877
894
906
923
934
937
934
942
929
885
879
922
957
938
891
894
905
906
881
889
926
945
944
937
948
955
953
936
928
941
946
951
942
945
957
969
979
981
966
943
952
960
964
969
950
920
928
946
965
966
953
940
942
947
952
946
960
959
954
943
938
949
960
963
950
952
964
979
985
944
925
932
943
958
948
940
968
978
982
972
967
973
973
970
960
940
961
977
997
991
983
978
962
918
916
938
951
948
928
925
904
899
885
916
934
934
935
933
919
895
905
923
939
961
950
945
977
982
986
988
955
920
911
938
969
1002
983
956
973
988
985
952
932
933
948
958
962
948
950
972
979
975
974
955
935
934
931
944
950
920
902
915
932
959
978
942
925
940
948
968
981
965
940
941
953
948
951
939
900
906
935
964
970
935
918
930
937
947
941
948
959
961
943
941
950
963
972
981
977
959
951
954
960
968
950
943
957
967
970
951
915
934
964
980
973
952
960
971
974
981
976
971
950
980
976
987
987
964
940
961
976
982
968
961
978
994
1009
979
964
964
975
988
997
995
1012
1024
1025
1022
1013
977
953
965
974
984
939
934
953
965
979
966
942
950
955
933
946
972
981
986
973
968
976
974
969
977
962
960
982
989
998
985
974
966
970
996
981
953
964
975
973
965
976
994
1003
992
967
958
963
954
948
926
907
938
956
969
958
942
959
965
965
960
960
945
928
938
951
970
977
940
939
946
978
945
893
864
810
805
868
885
860
903
929
953
938
890
893
917
942
958
951
928
924
945
948
954
950
933
940
932
896
909
927
912
895
906
928
943
966
971
945
920
926
931
942
949
938
956
971
972
956
933
947
953
966
957
949
962
967
961
946
939
953
956
966
980
986
969
928
938
944
955
965
954
945
952
947
953
934
925
934
927
913
904
920
929
923
906
916
910
916
907
900
917
922
924
914
906
924
938
938
941
934
920
937
941
948
956
935
915
921
930
940
936
919
934
937
947
938
938
939
931
929
919
914
926
930
936
941
932
908
912
917
933
943
930
901
902
918
947
945
931
942
957
966
966
959
941
918
925
932
945
937
917
925
928
939
920
904
922
929
933
919
917
918
931
942
924
907
911
919
917
917
910
893
909
931
948
948
917
897
893
896
894
886
881
891
911
900
908
924
932
932
909
894
901
912
910
917
899
888
901
906
913
913
885
891
904
918
931
899
895
914
931
937
920
907
909
900
896
890
905
929
938
937
930
924
921
939
942
934
948
969
975
979
960
935
944
959
965
954
934
952
971
965
946
959
965
951
935
939
954
971
961
962
959
961
966
946
937
946
964
962
943
939
958
967
966
937
937
957
967
973
966
966
972
975
957
930
941
950
943
967
988
998
938
926
943
969
953
943
969
982
992
985
980
980
994
1002
988
972
987
1000
1010
1019
979
963
972
970
970
957
958
975
977
965
948
948
958
960
960
941
958
966
960
937
918
927
937
935
897
907
906
916
896
940
960
972
966
957
932
939
944
947
953
947
947
982
981
988
982
946
930
940
938
948
934
908
924
934
947
934
910
918
929
942
940
930
928
943
939
951
925
911
914
912
932
923
925
939
939
943
929
904
912
919
939
924
916
937
941
937
924
906
921
926
934
921
923
929
928
927
919
907
914
920
925
911
894
912
916
920
906
899
909
912
917
908
882
896
916
933
950
937
919
931
929
926
918
899
906
923
949
941
928
941
946
938
921
939
945
950
934
931
945
948
958
937
942
936
930
920
914
929
938
944
918
927
934
938
928
915
929
944
937
917
899
909
920
929
924
914
935
938
931
912
898
913
923
904
857
847
845
875
882
881
905
913
915
890
896
908
913
913
899
908
919
935
936
930
907
909
923
924
929
928
904
888
903
924
942
940
945
961
963
959
952
936
941
952
963
949
948
964
971
968
954
960
965
965
942
933
961
975
982
981
970
978
982
958
911
886
894
879
884
917
939
948
940
931
942
946
956
960
945
934
946
951
966
981
994
963
950
956
983
1000
968
937
968
983
983
962
950
973
977
979
966
962
992
994
997
995
967
951
967
982
988
995
970
946
969
992
1007
1000
967
949
959
960
956
940
950
982
990
998
975
943
951
953
945
929
913
924
928
934
935
922
921
938
956
955
932
904
907
913
933
919
858
850
844
822
841
870
871
865
871
875
853
853
871
909
922
903
866
869
877
878
874
877
829
815
805
787
752
721
717
709
701
696
695
695
693
696
694
691
682
670
658
652
640
641
648
660
669
706
768
771
746
720
702
721
756
796
824
878
959
1007
1027
1021
964
927
955
975
905
851
844
868
829
825
826
858
882
912
924
873
832
818
823
840
874
863
833
821
814
828
850
876
865
842
854
887
924
948
950
909
903
932
951
969
960
925
929
954
979
987
970
948
961
980
992
995
980
940
906
893
871
848
841
850
877
876
841
880
902
938
954
965
969
951
920
926
945
960
979
981
956
941
956
973
994
998
1004
966
948
984
1014
1025
1014
948
931
935
966
972
983
1007
1021
1019
1010
973
936
938
962
977
982
993
1006
1023
1012
981
997
1011
1010
1021
1006
986
988
993
1012
1021
1003
987
990
1003
1003
1012
993
973
973
998
1010
1010
1018
999
977
992
1004
1009
1021
1014
995
963
965
986
996
1002
977
948
964
987
1003
1009
1000
979
951
974
998
1027
1021
1021
984
965
976
984
995
1000
970
946
961
979
984
993
995
964
958
969
978
990
996
979
988
1003
1019
1020
993
919
906
889
904
896
906
941
968
981
991
984
952
960
986
1000
1000
1012
1000
979
984
993
1010
1008
1003
980
952
971
994
1005
1007
974
954
972
980
992
989
973
949
960
977
985
997
998
978
944
952
974
1002
1003
978
942
965
986
1007
1020
995
967
980
1000
996
1006
989
967
983
995
1003
1024
1007
987
988
990
992
994
990
979
954
959
976
987
1004
986
961
987
1014
1020
1021
997
985
1008
1015
1016
1000
988
1016
1051
1042
1013
954
924
933
916
905
911
938
948
966
942
907
855
855
878
868
893
931
963
971
987
959
938
956
973
994
1001
1004
982
976
1013
1055
1062
1049
1022
995
1010
1018
1030
1035
993
961
974
996
1012
1027
1007
990
992
1010
1017
1017
1014
973
955
977
1001
1008
1021
998
978
986
992
992
992
964
955
975
1000
1019
1029
1041
1019
1018
1022
1027
1021
1004
971
974
983
997
1002
960
968
979
992
995
982
977
1000
1011
1016
999
984
927
887
893
874
898
938
965
948
960
969
984
988
991
976
964
979
1011
1018
1003
934
912
889
879
855
863
889
913
905
920
962
988
990
996
987
961
954
964
996
1030
1026
987
946
954
975
1001
1004
979
977
1012
1015
1026
1021
1022
988
973
984
1022
1048
1042
982
938
947
961
990
984
969
989
997
997
999
997
965
945
943
971
1000
1001
1002
960
939
940
955
989
977
960
979
993
986
979
952
955
968
974
974
962
932
940
961
975
989
967
947
965
968
966
944
918
928
940
966
980
962
951
958
988
1002
979
934
947
959
970
981
955
929
944
964
976
972
943
952
980
983
991
976
937
926
950
979
1024
1025
996
982
995
998
999
998
988
965
986
1012
1006
1004
959
941
936
938
972
946
933
967
1000
1010
1000
962
960
986
1001
1017
1021
981
959
972
995
1005
968
950
961
968
973
968
967
986
975
992
1013
1023
1026
1036
1012
989
997
1015
1023
984
933
962
984
1019
1024
1045
1059
1059
1068
1058
1008
992
1006
1005
1006
1007
972
966
997
1015
1027
1027
993
964
982
985
982
1012
1012
983
1007
1027
1018
1008
974
954
971
974
983
998
981
969
963
965
962
963
939
917
929
946
963
959
943
960
984
994
992
969
949
937
950
979
974
965
925
913
939
973
983
953
970
996
999
1003
971
949
963
967
982
972
949
940
980
997
1003
1001
981
965
974
979
1002
1007
996
968
979
995
1001
1009
988
963
993
1002
1006
989
968
969
973
991
1019
962
950
965
988
999
1001
995
1009
1038
1041
1048
1043
1053
1051
1060
1055
1051
1016
1006
1016
976
925
864
819
821
842
855
928
964
954
917
939
956
973
993
978
938
957
974
987
996
969
956
984
980
994
986
982
973
948
960
968
962
965
931
896
914
941
990
1003
989
970
982
974
973
979
962
946
969
999
1021
1017
993
983
998
987
987
1009
981
944
947
979
996
1003
995
997
965
934
940
963
990
987
968
940
948
964
979
974
964
938
937
959
977
986
980
960
945
961
975
979
982
983
970
970
988
997
1014
975
944
965
991
1010
1012
990
976
987
1001
1002
987
936
937
956
988
998
1011
1004
973
982
990
1008
1007
979
945
954
977
993
995
982
960
964
973
973
979
956
953
963
962
963
944
917
932
942
948
940
902
905
913
921
938
924
924
946
948
949
932
910
922
924
924
929
903
911
928
928
910
889
899
910
928
919
897
920
935
940
937
918
894
912
932
953
965
972
978
976
981
990
981
956
932
937
964
980
991
978
976
985
989
996
970
955
974
989
999
983
961
970
981
988
995
966
929
948
978
1014
999
975
952
952
968
981
989
986
972
984
989
1002
997
972
966
990
1002
1019
1012
997
996
1009
1010
1016
991
969
981
993
1005
978
968
986
1006
1013
990
980
988
979
986
972
971
982
982
985
974
966
966
964
969
954
943
953
958
975
976
952
948
964
978
979
965
941
966
978
980
968
957
956
969
985
974
963
979
979
993
987
971
975
977
983
986
978
996
1023
1020
1006
958
918
924
955
989
980
956
969
985
1008
1017
1016
991
984
995
1009
1025
1001
978
988
998
998
1007
981
963
969
985
997
997
981
990
993
997
994
984
1002
1013
1022
1023
992
993
995
992
991
984
977
991
1018
1027
1021
1011
986
970
986
989
986
961
937
967
997
1019
1037
1022
1018
1021
1025
1021
1021
1000
1013
1030
1058
1062
1067
1041
1025
1027
1029
1016
960
914
938
950
976
970
957
959
974
988
989
967
976
993
1007
972
904
870
831
780
736
734
723
728
755
788
839
876
895
885
884
884
868
842
844
839
857
881
905
918
898
872
903
955
1010
1039
979
982
997
983
910
867
878
941
1006
919
882
876
871
863
837
818
802
778
776
772
793
793
827
812
818
827
799
800
810
810
814
812
797
764
734
727
727
750
780
791
804
786
774
752
746
729
724
712
711
723
710
709
693
683
677
676
677
671
675
671
679
674
665
655
648
641
638
642
646
649
647
644
649
658
667
667
665
676
697
706
713
730
737
739
734
728
731
721
706
693
691
683
681
694
703
720
755
781
792
797
777
766
748
731
713
685
671
665
664
662
675
686
692
693
677
677
676
673
670
668
667
655
643
639
635
629
623
621
624
623
624
619
614
613
613
615
608
607
602
596
590
587
583
586
584
576
571
566
563
562
565
561
558
556
553
552
552
560
568
577
582
586
593
602
607
604
604
601
596
590
588
584
583
580
579
578
577
581
581
587
591
602
610
614
612
615
618
622
622
633
646
672
679
667
658
659
659
669
686
688
701
725
745
783
770
734
711
702
697
699
706
711
711
715
736
761
787
773
754
752
730
708
699
693
699
704
729
747
775
784
784
814
846
873
845
826
842
849
860
865
847
846
897
942
921
913
925
923
902
892
865
889
903
911
958
1002
1044
1027
1001
990
989
1007
1026
1029
972
956
924
890
837
880
988
993
962
1006
1050
1060
1027
969
940
961
1032
1070
1082
1085
1100
1107
1095
1084
1063
1037
1038
1042
1063
1059
1053
1016
1021
1047
1074
1071
1061
1023
1038
1042
1052
1064
1061
1014
1032
1072
1090
1067
1025
988
1016
1021
1057
1070
1024
1004
1015
1028
1040
1041
1011
994
993
988
997
992
963
983
1010
1007
1020
992
984
984
984
1005
1042
1014
1001
1021
1045
1038
1017
969
961
971
1011
1038
1024
1021
1018
1031
1028
1014
975
992
1018
1030
1023
997
973
1005
1045
1072
1075
1053
1048
1050
1054
1045
1024
989
969
989
1027
1068
1069
1032
1017
1017
991
990
976
948
960
977
980
990
989
970
959
978
990
1005
1021
984
957
960
982
1002
1000
965
947
955
988
1014
994
1002
1018
1021
1005
981
955
960
979
999
991
971
969
992
1040
1066
1064
1040
1021
1018
1033
1033
1026
981
966
987
1005
1030
1029
1000
1009
1018
1035
1042
1043
999
978
1004
1022
1065
1081
1057
1049
1061
1065
1068
1074
1038
1028
1021
1049
1072
1041
1004
1026
1039
969
897
911
996
1014
1037
1045
1042
1033
989
960
989
1002
1024
1040
1035
1039
1040
1047
1045
1034
1010
987
992
987
940
930
897
878
907
912
872
860
892
887
855
827
869
907
878
889
921
975
1001
984
1001
1008
1033
1043
1021
1034
1048
1061
1062
1045
1043
1049
1052
1056
1031
1034
1030
1024
1019
1018
1034
1041
1031
1034
1025
1042
1008
994
990
1007
1007
977
972
995
1017
1021
1020
1031
1037
1026
1020
1023
1037
1044
1042
1021
1002
1014
1040
1045
1054
1015
1014
1031
958
899
949
983
964
979
1009
1021
1032
1005
1006
1009
1034
1027
1010
1012
1028
1021
964
938
947
953
975
1011
1044
1052
1036
1029
1006
1003
1000
1008
1020
986
996
1019
1036
1059
1044
1024
1024
1044
1027
948
948
979
1025
1058
1052
1024
1015
1048
1034
1020
984
971
986
1017
1043
1058
1040
1042
1030
1019
967
971
895
852
860
945
1009
1004
1012
1018
1022
1010
974
976
992
1010
1029
996
1016
1043
1031
1016
1004
1011
1003
1000
1009
988
999
1008
1022
1035
1021
1013
1032
1040
1053
1041
1025
1021
1019
989
991
1003
1004
1004
1027
1044
1054
1037
1040
1039
1042
1039
1031
1021
1019
1026
1023
1001
1015
1016
1015
1027
1025
1010
995
995
977
890
857
887
896
920
963
990
1022
991
976
983
1000
1010
1018
1029
1071
993
945
944
937
936
916
909
918
952
946
967
956
960
964
983
993
987
971
980
993
1002
1005
990
961
957
972
997
985
1005
1021
1033
1033
1021
1006
1002
942
910
912
924
948
952
956
970
1003
1027
1028
1006
1018
1021
1028
1018
1000
990
996
1002
1009
1007
1005
1017
1019
994
988
1021
1035
1028
1020
1004
1017
1021
1029
1014
1004
1017
1020
1017
1018
1032
1046
1036
1026
1012
1037
1044
1063
1045
1050
1058
1054
1038
1046
1036
1036
1036
1067
1062
1046
1018
981
956
971
1006
1008
1033
1063
1062
1045
1032
1035
1036
1032
1012
1006
1031
1050
1064
1055
1067
1075
1069
1027
1008
1007
1005
1019
1002
1018
1027
1021
1024
1006
1017
1039
1045
1036
1029
1032
1023
1028
1028
1021
1007
1023
1033
1044
1025
1038
1040
1054
1066
1038
1047
1043
1029
1014
1027
1048
1065
1093
1085
1039
996
920
862
877
917
922
933
964
984
990
978
995
1010
1027
1049
1043
1054
1072
1071
1063
1052
1021
1012
1021
1029
1044
1030
1039
1041
1042
1036
1013
1023
1038
1043
1048
1033
1046
1049
1064
1053
1019
1014
1026
1031
1010
984
1022
1064
1082
1068
1043
1046
1055
1059
1057
1030
1038
1040
1039
1046
1037
1056
1072
1089
1067
1044
1044
1039
1047
1050
1054
1065
1083
1081
1079
1052
1043
1032
1017
1013
992
994
1015
1046
1059
1053
1037
1020
1035
1051
1052
1041
1055
1068
1087
1097
1072
965
902
857
831
862
854
830
831
841
854
850
854
878
901
923
947
947
927
941
973
1006
1040
1063
1038
1024
1054
1068
1070
1064
1042
1012
1000
1022
1055
1089
1100
1080
1061
1076
1078
1070
1074
1030
1019
1052
1097
1117
1105
1087
1079
1077
1080
1096
1068
1073
1093
1088
1099
1086
1050
1042
1047
1041
1021
1038
1052
1055
1046
1018
1016
1032
1024
1050
1067
1079
1082
1056
1056
1071
1070
1086
1043
1050
1051
1064
1088
1063
1064
1080
1084
1078
1046
1037
1032
1041
1055
1026
1012
1031
1050
1054
1029
1021
1029
1039
1063
1052
1038
1047
1059
1059
1065
1029
998
1010
1014
1016
1024
990
986
1020
1044
1058
1050
1037
1052
1049
1051
1034
1025
1044
1052
1048
1039
1033
988
983
991
1020
1017
997
974
982
993
1012
998
955
961
984
1016
1036
1009
1000
1012
1016
1014
1012
984
982
993
1007
1021
1004
983
989
1008
1027
1006
1002
1005
1008
997
969
936
944
948
976
990
967
976
963
964
954
933
940
947
962
959
965
937
904
849
836
832
822
828
843
864
866
870
891
910
923
926
910
907
927
951
963
952
932
948
965
975
957
945
956
962
972
940
906
928
944
945
939
941
964
963
961
935
915
922
923
935
944
939
931
944
956
955
976
965
955
991
999
996
987
956
932
932
927
916
913
929
944
954
942
954
963
962
961
952
976
975
996
996
967
920
893
919
941
942
954
961
953
982
1004
1018
1034
1051
1002
954
953
965
969
961
961
992
1002
1015
1019
979
961
910
869
834
825
834
855
852
882
902
905
905
935
952
964
932
871
867
877
890
915
899
903
924
944
950
951
936
937
968
967
988
998
955
861
827
790
771
741
729
719
701
692
686
682
679
679
680
680
690
709
729
741
761
798
835
876
886
887
903
907
894
887
857
833
848
885
934
948
935
930
931
911
908
887
896
924
934
938
918
894
909
921
908
879
857
851
858
859
857
879
900
906
898
873
886
887
898
882
855
838
828
838
860
863
891
925
940
942
944
953
936
942
908
874
872
863
848
840
844
872
878
863
876
875
877
862
853
866
866
886
880
868
879
880
901
909
908
912
899
886
872
855
878
899
917
887
864
887
900
898
884
883
884
886
880
884
895
916
937
908
908
896
867
849
837
848
873
894
882
873
877
887
867
854
850
866
866
862
847
850
845
847
842
841
848
853
837
836
845
847
821
806
809
801
800
786
784
809
844
850
822
811
813
808
799
786
773
786
804
794
793
800
800
808
811
797
801
819
819
791
782
762
750
740
738
757
788
777
767
778
792
815
809
782
760
753
747
737
735
736
737
745
748
735
732
744
746
763
772
766
767
767
765
775
771
747
731
728
727
727
723
716
710
715
719
710
710
712
714
720
725
721
719
725
733
729
729
730
715
712
721
732
731
729
710
707
716
705
692
686
688
686
690
688
681
680
681
677
682
688
698
704
714
715
717
717
691
680
674
666
666
673
667
660
661
660
657
658
668
651
643
638
636
638
640
644
641
639
643
643
641
643
639
636
643
659
661
658
662
664
669
681
696
692
679
676
668
674
685
696
687
672
674
679
668
664
665
661
662
671
669
669
667
668
674
684
700
691
683
678
670
676
673
680
672
663
670
683
676
676
687
680
676
679
675
669
677
675
678
688
692
684
672
666
661
661
660
666
664
658
666
669
658
662
675
700
726
729
704
688
687
699
731
726
702
689
689
723
784
792
770
754
734
711
700
691
686
706
730
759
754
751
760
730
705
690
686
680
671
674
676
666
669
666
653
649
650
649
649
646
639
633
630
639
655
671
699
729
738
733
734
745
754
743
712
686
670
669
676
673
674
669
661
655
654
650
657
666
662
662
660
658
653
653
649
650
643
636
638
642
636
640
645
643
651
661
646
636
627
619
607
604
598
594
595
591
591
594
600
606
613
625
629
630
621
613
610
607
603
604
602
597
590
582
576
576
574
568
567
565
568
564
563
563
563
563
561
559
558
555
551
547
547
543
538
535
533
529
526
524
521
520
518
516
513
514
513
515
513
514
516
517
519
521
523
527
531
531
534
537
540
547
547
550
550
554
557
563
568
573
583
595
612
619
625
636
649
663
669
670
679
696
708
705
696
699
700
703
704
718
737
767
785
766
769
791
795
773
758
770
781
808
804
794
817
833
818
788
795
797
794
771
781
813
834
827
833
870
851
823
806
804
803
787
760
770
819
848
869
893
918
911
887
877
895
901
874
870
893
901
877
876
900
900
895
888
906
923
919
900
885
896
902
878
853
866
892
908
924
942
965
974
933
889
830
781
772
743
729
717
703
687
682
674
677
675
671
675
682
687
693
693
692
685
678
675
676
674
670
666
658
650
642
634
629
628
630
633
644
673
699
735
750
756
739
737
737
727
718
711
702
686
664
646
646
646
663
674
673
671
666
662
662
660
654
654
653
642
647
639
625
621
623
624
626
624
637
682
747
814
873
882
853
878
908
865
815
836
861
879
867
866
865
833
839
871
921
963
944
938
940
950
951
925
884
893
924
975
1002
979
960
970
979
992
996
974
957
978
1007
1027
1017
1033
1049
1062
1023
949
909
885
858
821
833
797
806
934
1023
994
1029
556
504
1068
1064
1018
1009
1023
1041
1066
1043
1045
1063
1065
1078
1074
1041
1028
1036
1049
1062
1047
1020
1021
1036
1046
1061
1038
1010
1021
1021
1025
1037
1016
1006
1021
1028
1044
1046
1011
990
1009
1025
1048
1032
988
920
892
892
895
902
885
879
911
946
951
951
945
937
957
922
933
983
1022
1000
963
967
962
970
953
978
1007
1024
1010
980
959
962
980
1012
1023
1019
1004
1015
1029
1046
1044
999
986
1002
1022
1032
1011
1032
1050
1052
1040
1004
1015
1020
1022
1026
1017
1038
1052
1048
1041
1026
982
976
1011
1031
1040
1029
1029
1042
1037
1018
996
989
1011
1029
1032
1010
912
879
876
880
881
910
939
936
934
959
989
1008
1009
1012
979
975
972
984
999
979
997
1025
1054
1056
1051
1053
1025
1016
1036
1063
1081
1066
1015
997
1011
1029
1046
1017
1000
1010
1020
1032
1036
1011
989
990
1001
1030
1023
938
929
948
972
965
932
869
846
867
906
934
973
956
963
992
1026
1043
1025
985
992
1017
1045
1051
1026
1000
1014
1022
1039
1044
1040
1012
1002
1020
1040
1054
1053
1003
975
988
1001
1027
959
898
895
900
924
937
936
921
920
878
838
844
896
920
893
921
970
1005
979
941
958
978
1013
1027
1000
940
921
942
909
932
954
967
979
982
990
988
993
993
995
999
948
931
976
1021
1034
990
1000
1004
1004
980
971
987
998
1009
1023
1032
1022
1030
1044
1047
1021
984
1005
1043
1071
1010
987
987
940
902
897
919
934
950
983
989
990
998
981
973
965
974
996
1013
980
958
969
985
1032
1048
995
986
1013
1033
1048
1021
994
999
1016
1020
1032
1005
998
1029
1034
1045
1027
1000
983
998
1015
1033
1060
1025
1008
1008
1019
1033
1010
979
991
996
1009
1007
1004
1010
1011
1013
1032
1042
1042
1035
1015
1022
1021
973
906
894
932
970
899
856
842
802
790
787
786
777
768
758
739
731
718
716
709
709
712
712
709
703
705
704
699
687
670
664
664
665
667
675
685
697
693
704
710
703
702
712
727
734
742
745
737
725
724
722
728
724
717
715
719
727
741
761
761
746
754
769
781
779
778
770
746
729
717
720
738
776
818
853
858
850
820
808
783
755
741
721
704
701
700
693
699
715
753
769
739
706
698
731
770
762
789
796
805
799
790
799
793
810
837
866
832
799
804
836
848
855
841
825
828
830
838
858
863
852
843
845
856
861
873
895
901
890
892
888
871
873
878
875
857
839
816
829
823
813
816
807
807
814
826
817
827
832
803
770
782
804
830
803
783
778
771
752
747
751
769
792
806
778
785
798
784
771
745
751
745
740
734
735
745
732
729
747
768
770
748
767
793
817
860
894
858
831
844
890
955
969
916
885
892
899
897
892
839
806
771
773
827
898
931
964
917
897
904
931
956
958
913
875
872
891
931
943
927
883
888
905
917
922
901
867
878
899
936
963
969
926
921
930
951
967
930
864
858
861
893
938
961
939
889
905
924
951
964
935
926
932
935
914
852
856
875
884
898
852
835
836
850
869
886
864
859
878
902
921
925
906
868
869
891
890
896
867
862
876
892
895
905
856
848
863
870
854
787
764
757
747
758
772
787
771
790
805
826
839
829
824
834
852
890
925
945
952
924
921
928
938
946
945
916
888
905
928
944
906
857
850
870
892
901
881
884
916
950
980
978
965
925
920
927
936
945
910
881
896
924
935
954
921
893
892
906
857
798
779
740
719
698
694
689
681
663
665
667
670
672
669
675
678
687
688
690
680