795
813
814
806
795
784
784
792
807
810
794
788
788
791
804
822
828
824
792
783
780
758
753
793
823
837
823
814
818
829
860
881
878
861
859
860
870
874
849
814
809
809
825
847
854
842
846
849
855
862
858
854
843
845
856
877
890
887
860
839
831
842
855
874
866
857
858
860
866
862
843
832
829
842
854
858
848
850
852
852
845
867
874
876
873
850
851
848
851
852
856
846
835
823
805
774
769
760
764
774
793
806
836
853
845
848
845
835
832
814
813
812
809
818
825
835
854
861
866
867
847
841
839
820
813
821
853
885
871
849
826
815
817
820
828
822
804
814
812
815
813
822
828
827
812
794
781
774
779
785
796
809
803
794
812
820
840
843
833
815
812
816
822
832
840
843
839
828
829
845
846
817
793
789
799
805
809
814
804
789
792
790
800
811
818
819
803
793
796
804
827
845
852
841
843
840
850
854
854
847
843
835
814
812
825
854
888
909
890
872
871
874
876
874
844
834
839
854
871
881
881
859
861
853
856
865
871
841
813
813
815
826
836
839
827
831
841
859
880
892
887
875
860
844
844
848
825
823
824
829
839
841
832
840
839
851
859
840
814
819
823
827
816
822
827
838
832
824
830
829
828
822
818
829
833
848
854
843
847
861
865
866
861
846
851
847
851
855
842
839
845
848
854
851
850
851
859
868
880
868
855
835
831
840
859
871
877
879
863
850
854
854
870
866
840
840
833
840
839
807
786
781
775
766
762
771
777
790
806
809
808
812
828
837
850
860
868
859
838
836
844
861
882
879
859
852
862
869
873
849
831
832
837
845
853
845
847
859
867
880
881
870
869
856
846
833
826
834
851
868
878
860
856
868
882
878
850
854
847
854
848
848
849
856
865
859
851
853
854
864
881
894
892
888
873
853
846
845
855
839
815
813
817
819
808
801
804
807
819
821
809
818
821
833
838
835
838
843
849
852
859
846
839
835
834
846
849
836
826
827
836
859
858
852
841
835
835
838
847
847
834
825
825
832
840
846
835
832
825
822
823
814
814
816
820
830
839
831
837
839
838
840
827
836
839
841
843
832
837
838
837
831
825
829
833
838
842
833
840
843
849
854
852
839
838
832
844
836
819
805
806
807
819
825
827
812
803
805
793
770
761
772
785
786
777
772
787
815
843
854
845
838
854
857
861
844
835
839
849
862
884
886
880
884
891
901
907
902
882
864
859
857
847
824
818
821
827
832
826
836
837
836
837
823
815
795
787
789
784
771
775
784
807
833
860
867
850
852
852
855
844
838
812
813
804
798
797
778
783
791
796
800
807
813
795
789
802
820
847
870
879
859
858
861
872
879
880
855
828
807
805
796
801
817
812
806
811
816
820
806
804
813
813
813
805
796
800
805
817
834
838
833
840
854
867
881
867
857
827
808
795
796
801
805
790
793
807
818
828
833
818
801
796
793
796
799
792
781
793
809
829
843
844
837
834
843
842
838
834
814
798
795
794
797
790
776
771
771
776
780
783
794
800
805
820
832
831
819
813
821
820
816
806
800
799
805
811
803
806
812
808
785
769
763
772
794
808
813
831
830
813
812
813
812
817
791
766
760
770
772
778
781
789
802
808
794
789
792
801
816
829
836
825
831
836
848
857
854
821
822
813
814
822
824
822
809
811
815
825
829
840
837
820
810
802
805
811
816
823
827
838
847
846
822
804
803
797
807
816
821
813
812
805
819
823
807
790
796
810
827
841
841
820
827
822
830
846
842
836
834
838
845
854
850
841
846
849
841
822
822
833
844
839
832
825
819
818
816
804
805
804
796
797
776
775
775
780
771
759
763
761
770
777
789
805
824
841
852
858
869
871
872
876
870
859
850
855
857
839
813
807
795
774
773
779
778
778
773
771
782
793
809
813
819
833
853
865
869
866
857
857
854
861
866
872
874
847
838
837
846
866
877
867
841
838
813
803
787
776
780
779
790
796
794
805
808
823
829
823
820
815
816
819
810
806
813
825
839
851
851
823
807
805
799
796
774
757
753
749
734
735
733
730
738
744
754
750
748
756
762
771
780
795
796
798
810
832
843
842
833
813
771
768
753
744
743
736
730
724
715
712
704
698
685
679
673
674
667
660
656
650
650
653
650
659
663
655
655
666
675
688
695
701
701
707
707
711
712
714
716
720
716
725
720
719
717
714
713
707
700
693
694
689
688
687
681
676
677
677
681
687
694
700
702
704
703
703
704
707
708
707
699
694
688
681
677
668
666
661
657
654
650
650
650
649
651
648
650
648
645
645
645
646
645
646
642
640
641
642
641
635
633
633
631
622
627
627
629
625
631
632
634
636
639
647
662
676
690
691
689
694
700
701
702
700
697
689
682
673
656
656
647
641
644
657
665
668
679
680
684
673
674
666
662
654
652
651
653
660
664
670
681
701
718
728
719
724
720
716
714
711
698
693
688
688
689
692
688
680
676
671
669
669
671
669
666
668
676
688
700
705
708
698
693
687
685
684
685
688
687
681
681
687
689
692
692
687
678
671
667
665
671
680
696
715
714
699
701
704
706
707
697
687
684
681
682
688
687
692
701
710
716
724
722
715
709
699
690
687
689
698
707
700
690
688
686
687
689
696
694
693
694
695
692
694
695
686
678
674
677
687
699
709
718
720
701
693
684
678
681
690
707
717
710
704
699
696
689
688
688
680
681
688
685
682
688
688
682
680
683
673
676
678
675
684
675
689
698
714
728
731
730
724
718
715
709
708
692
685
680
669
668
677
690
698
728
744
756
771
776
786
796
797
781
754
745
739
723
713
699
687
675
667
672
675
684
692
693
706
712
714
720
721
729
728
723
706
702
701
702
698
692
699
702
712
716
724
709
708
706
709
708
715
721
714
713
724
724
732
716
703
697
690
688
686
679
683
691
698
705
704
696
696
696
695
690
682
679
675
669
666
661
659
663
669
677
683
674
672
690
707
723
726
733
726
719
716
713
706
693
690
688
688
688
683
675
676
668
657
651
649
645
643
646
653
662
677
684
690
689
683
679
665
656
650
648
646
648
643
639
637
635
636
638
633
630
628
628
626
626
627
628
624
624
620
620
615
609
605
604
608
615
617
619
618
618
622
624
625
630
628
624
619
614
615
614
616
620
625
624
628
634
640
640
638
636
634
619
617
609
605
609
613
618
625
639
646
656
655
657
660
666
664
671
676
679
681
671
667
671
675
672
668
654
654
654
644
646
646
640
647
650
644
648
645
641
644
647
647
648
644
638
637
644
648
662
665
655
659
662
660
656
648
646
645
649
661
674
683
690
703
719
729
733
730
723
724
724
720
712
700
691
692
697
702
706
693
692
694
695
698
684
668
666
660
661
663
663
664
662
662
656
652
650
644
637
630
629
632
638
646
648
644
636
631
630
646
688
740
777
735
713
689
684
667
655
651
656
656
644
636
636
639
643
647
644
652
661
671
682
677
682
688
697
705
695
681
676
684
687
682
676
671
677
684
702
719
729
730
714
697
702
708
719
719
716
697
677
669
662
665
666
670
678
696
714
722
739
766
771
771
773
778
767
750
741
734
729
727
738
741
748
732
719
690
698
701
693
707
706
731
756
773
773
767
762
758
758
761
754
734
724
720
718
699
695
688
683
673
669
667
667
649
648
648
648
651
654
644
642
641
646
639
639
643
647
642
644
646
648
646
647
646
640
642
642
642
641
632
629
629
626
629
623
622
619
623
629
632
633
633
634
631
627
625
624
622
622
614
613
607
603
606
603
598
594
595
598
601
597
591
594
594
593
592
594
599
596
599
604
610
608
613
618
617
621
617
613
612
614
609
604
601
602
595
596
603
617
643
657
670
698
727
746
770
771
735
726
731
743
761
763
735
723
725
734
747
750
737
734
750
771
793
761
749
755
752
741
738
736
738
727
724
735
754