932
919
916
910
902
868
849
829
848
906
933
897
846
803
772
744
742
776
767
795
838
906
947
978
973
917
895
900
915
921
927
906
847
832
835
854
858
884
853
826
820
825
847
842
824
809
791
808
824
856
893
896
871
854
839
842
853
849
853
839
808
798
800
831
866
874
893
878
844
822
818
839
842
854
823
808
811
816
835
861
881
848
827
827
837
833
832
793
781
784
791
805
813
798
806
813
822
833
833
801
772
771
782
790
794
796
778
755
748
754
736
723
719
722
729
739
764
792
818
841
825
799
803
817
826
839
851
829
800
786
794
813
846
870
880
873
839
840
860
866
862
856
829
807
811
824
852
855
843
817
807
817
823
826
831
801
785
773
780
789
799
800
787
783
787
804
830
846
852
841
820
816
823
826
821
815
795
775
774
783
789
805
804