731
740
761
773
781
778
769
747
736
731
725
721
724
717
706
701
705
719
727
753
780
805
813
828
820
810
789
751
737
733
745
763
757
747
735
716
712
717
739
762
781
792
798
790
783
781
770
744
730
711
685
675
698
736
776
786
781
772
763
755
744
742
740
738
742
746
749
750
745
737
739
753
769
775
784
776
762
749
732
735
751
768
784
794
799
788
777
757
728
713
706
699
696
707
723
727
717
718
722
724
725
723
719
704
698
690
688
686
686
691
697
698
701
721
746
774
793
788
771
746
713
700
698
706
715
728
732
731
721
728
727
733
736
737
723
707
707
711
719
728
728
729
732
734
735
737
748
742
734
745
744
744
742
743
743
731
730
746
776
810
822
818
805
776
757
750
757
767
781
789
787
776
763
764
770
782
792
786
759
747
742
744
750
755
753
755
752
754
756
752
751
749
748
749
742
725
705
717
741
773
786
775
770
763
753
748
737
722
714
707
703
698
704
699
695
693
698
690
696
706
705
710
716
723
730
731
731
714
713
707
704
702
705
708
712
706
710
725
745
756
761
769
765
753
727
718
718
733
757
768
755
754
761
767
774
787
783
780
759
745
726
714
716
732
753
785
806
802
788
773
755
735
720
710
706
713
729
756
785
790
771
768
768
778
783
780
766
737
723
721
719
723
729
704
691
706
724
737
751
749
730
732
741
759
776
785
761
738
727
714
704
696
691
685
686
683
678
674
672
662
659
653
651
646
643
645
653
659
662
670
675
676
672
683
696
720
737
751
750
747
740
728
728
722
713
705
714
729
741
741
715
701
701
710
729
746
746
737
733
739
742
744
740
736
735
729
729
719
715
713
697
694
703
706
705
723
738
766
783
790
789
779
769
767
759
752
739
733
724
710
715
731
755
773
785
786
791
789
784
778
772
752
728
726
728
731
746
749
753
738
740
743
735
729
736
744
732
714
715
728
754
780
806
811
815
813
809
799
788
783
773
763
759
762
771
786
797
785
753
756
750
759
736
743
766
784
811
810
810
813
810
801
772
757
744
735
732
737
740
733
730
740
732
736
729
714
712
704
700
698
698
694
696
692
691
688
689
690
696
708
723
734
739
746
752
758
761
758
752
732
726
720
719
714
709
708
711
714
709
711
717
732
746
762
766
752
750
743
743
749
749
741
719
708
712
715
719
704
695
698
709
724
739
763
777
780
761
754
750
751
740
732
716
720
724
738
758
766
749
743
737
736
742
748
730
723
723
731
726
727
732
741
750
756
749
746
739
742
749
760
767
771
774
744
720
708
710
729
729
721
728
739
765
772
776
776
765
756
745
732
714
704
707
724
753
771
771
760
736
728
732
742
755
776
781
773
748
737
737
742
750
760
754
735
709
703
705
718
733
749
755
735
722
708
695
690
686
680
693
701
707
707
695
693
685
687
687
686
693
700
702
702
706
705
706
707
722
730
729
727
721
704
699
700
698
679
662
665
668
671
665
655
654
654
664
678
679
684
699
737
771
788
791
797
802
790
775
747
731
731
728
732
739
737
724
711
710
715
728
742
750
726
723
719
717
725
728
717
716
718
713
716
721
725
719
711
705
705
706
708
717
718
701
693
690
693
698
710
714
709
698
702
710
716
718
718
711
694
691
690
692
697
703
706
696
691
689
692
698
696
692
683
678
679
672
667
669
680
696
705
707
703
706
712
716
711
708
699
691
680
676
679
688
699
708
707
694
698
708
729
743
761
769
761
764
753
740
735
726
719
715
718
720
728
736
748
742
719
712
707
684
681
701
729
742
735
715
696
680
660
647
642
640
654
666
677
678
670
675
696
732
774
798
799
789
787
799
790
768
749
731
721
716
730
742
754
756
753
738
743
757
778
788
786
765
739
732
721
719
726
726
723
736
743
748
748
745
746
731
727
728
732
747
756
753
734
714
714
711
704
715
715
737
747
756
772
788
797
798
795
786
768
748
737
735
745
745
727
728
728
730
742
752
756
739
732
714
712
702
702
697
696
706
719
737
760
769
768
758
758
758
760
762
758
744
721
712
712
731
760
769
786
802
828
847
848
838
836
827
809
799
772
754
749
748
732
732
717
715
722
734
747
758
751
756
765
764
756
763
755
753
752
760
762
750
728
725
718
722
737
751
769
771
767
767
756
745
734
738
736
720
706
702
697
701
699
709
720
742
752
751
740
738
735
732
736
747
758
755
733
728
729
735
749
753
757
748
747
743
740
728
714
715
712
721
731
750
747
737
716
687
677
683
694
691
689
689
689
693
696
699
706
697
693
702
710
713
721
716
705
702
707
716
721
723
724
725
723
729
740
745
748
753
744
742
733
730
728
730
733
728
710
719
738
769
765
780
803
814
831
847
857
855
860
847
828
812
806
792
781
783
766
778
794
809
816
783
761
760
751
750
752
740
750
756
761
761
754
732
718
707
707
720
738
754
763
747
734
736
740
747
760
771
775
777
771
769
723
711
707
708
707
717
730
736
740
745
744
740
735
735
739
741
753
757
751
733
745
757
771
777
789
831
858
837
809
807
812
830
836
834
813
811
813
818
822
825
820
801
795
785
790
794
796
799
800
790
786
802
831
865
884
886
880
855
842
832
823
813
809
807
797
787
785
792
795
801
801
785
780
776
778
776
756
734
737
748
770
793
798
806
809
808
807
806
799
800
789
760
749
756
756
767
768
766
751
744
729
727
729
733
732
731
734
728
712
706
703
709
726
734
746
753
747
752
743
743
745
744
743
734
726
727
733
739
742
747
743
731
732
737
739
745
759
772
779
782
777
785
789
784
787
778
760
734
723
723
727
729
736
743
731
721
721
726
731
740
717
708
696
691
682
684
688
705
713
730
736
735
723
705
689
685
684
687
696
701
691
692
698
712
730
743
749
751
741
723
717
714
723
726
736
737
719
713
714
716
733
752
744
756
765
790
782
775
756
741
729
730
724
721
715
720
731
746
759
768
768
765
747
722
714
713
703
709
719
718
726
731
739
740
730
729
729
732
735
732
727
728
725
730
729
731
737
735
731
737
755
771
772
773
757
750
747
748
749
745
739
723
712
706
708
722
735
731
726
725
719
719
716
707
708
709
715
721
724
715
711
708
702
700
694
695
686
673
654
644
658
671
689
701
707
700
690
685
683
680
681
679
664
665
666
669
674
681
680
684
689
693
694
697
697
693
687
680
680
682
693
696
704
703
695
688
685
680
685
687
686
696
705
709
702
694
677
662
653
661
673
693
708
730
774
795
811
811
796
771
738
731
729
727
724
717
704
685
683
689
701
722
725
722
708
690
688
688
695
701
704
695
700
701
711
717
717
719
720
713
719
724
720
713
714
704
696
689
688
677
681
688
707
723
734
741
735
725
726
724
723
722
720
711
691
688
696
700
718
726
731
725
729
727
726
725
722
709
699
701
697
696
695
696
688
684
685
696
702
702
707
703
695
697
700
716
729
738
750
739
723
723
725
734
740
745
751
738
723
720
720
727
732
732
713
715
725
749
774
783
782
765
759
754
747
732
722
716
697
688
688
688
694
714
729
745
737
728
730
729
730
728
722
710
693
683
681
684
694
709
726
726
726
729
733
740
727
722
720
705
696
680
661
656
653
660
671
687
715
738
768
787
782
772
766
766
751
742
722
713
700
699
688
682
686
692
702
719
722
725
712
681
677
673
672
670
666
657
644
639
635
637
642
641
648
655
667
677
683
680
685
687
696
706
725
731
729
713
701
705
714
729
734
733
727
713
693
684
687
702
731
776
799
792
796
799
783
754
742
739
739
739
729
725
726
730
734
739
735
733
715
719
739
756
772
786
787
782
779
769
758
753
739
735
727
716
696
698
699
693
696
706
699
700
701
692
696
694
690
686
674
662
655
649
638
632
622
613
613
619
625
627
631
643
655
663
665
660
652
646
646
644
645
637
637
641
649
654
656
660
666
671
682
701
720
723
725
724
716
707
701
687
680
682
686
688
686
680
664
659
662
680
713
745
767
754
729
709
694
685
677
672
669
660
662
665
673
683
682
675
672
676
681
691
690
688
687
685
680
683
676
672
676
680
683
680
676
677
674
673
680
695
720
738
751
753
744
738
725
713
700
692
695
697
703
709
710
713
720
728
730
719
711
705
701
692
684
680
673
657
659
682
712
733
734
726
721
721
726
729
716
726
734
747
758
761
762
767
762
758
758
758
745
730
724
723
736
743
742
741
736
742
745
732
725
725
728
722
713
712
718
722
722
716
710
709
705
706
707
705
711
708
713
724
731
730
723
721
719
713
709
713
709
707
704
693
694
696
694
695
690
686
684
688
690
696
689
681
679
683
695
705
715
730
746
763
759
762
755
745
728
716
714
712
707
697
686
685
683
683
682
672
669
673
682
690
695
691
687
680
671
675
677
688
690
698
699
708
717
713
703
690
688
689
684
685
683
677
667
660
662
665
678
688
711
740
757
752
760
761
763
747
731
715
703
687
680
688
690
715
732
734
720
712
712
713
715
715
717
728
728
726
711
713
722
740
741
722
721
726
730
735
722
717
716
712
704
699
698
701
710
708
700
693
692
693
699
698
691
681
677
683
697
731
764
778
785
795
798
788
783
762
737
733
727
721
711
697
698
713
737
742
739
740
752
739
733
729
723
716
713
707
708
710
713
721
723
716
704
703
705
699
721
744
768
785
776
770
751
739
725
698
689
690
693
696
697
689
693
694
693
694
690
693
704
720
730
746
743
750
758
757
757
751
742
729
717
714
722
732
746
752
724
723
720
721
729
729
725
722
722
735
737
728
727
717
715
711
704
696
691
697
705
710
718
723
718
717
715
717
716
715
698
689
688
690
702
710
709
713
714
729
735
731
728
728
723
729
727
725
724
727
721
697
680
688
695
697
706
707
707
704
700
693
688
689
692
696
697
698
696
691
695
708
728
748
746
720
709
705
705
706
715
721
716
707
703
704
703
701
699
697
688
674
662
655
655
652
639
637
653
671
685
693
703
715
731
743
743
731
703
690
694
711
736
748
757
753
737
721
718
712
720
729
737
744
741
735
723
722
721
730
739
740
733
714
701
696
695
703
707
718
726
731
724
711
703
698
703
718
726
732
726
727
716
707
701
706
711
724
729
698
678
684
694
691
694
696
682
669
666
667
670
674
672
673
674
670
658
657
659
667
688
717
708
683
678
682
680
681
685
683
682
679
667
651
655
657
674
683
679
668
650
651
657
685
719
744
769
785
795
791
762
742
729
729
725
719
706
713
728
759
808
823
811
766
747
726
732
748
749
729
733
734
748
758
758
748
743
736
737
736
729
716
714
719
717
704
708
732
753
772
767
786
806
818
819
821
810
802
785
756
744
756
777
792
785
742
737
759
796
823
851
891
923
929
895
861
839
815
790
769
762
764
770
777
784
766
770
776
789
792
789
781
766
748
750
749
750
754
760
753
752
755
765
769
772
770
748
736
732
739
757
764
767
761
753
758
754
729
722
719
719
724
745
770
781
795
805
796
782
774
769
742
731
725
727
734
743
763
800
821
838
843
843
840
824
805
788
777
773
758
733
725
719
725
729
737
758
786
788
788
795
793
798
801
795
775
730
722
721
741
774
803
793
795
795
802
798
764
753
733
739
724
711
709
713
711
711
711
712
707
724
733
731
729
741
751
762
729
728
721
720
731
744
774
790
805
798
783
767
751
740
735
731
719
717
707
716
722
722
736
755
765
749
745
743
727
702
695
692
688
690
686
694
696
690
696
702
714
732
745
750
750
752
757
763
768
779
766
757
758
766
759
727
708
705
727
772
759
775
816
859
873
862
827
778
747
721
712
704
705
693
675
681
692
717
723
714
726
728
738
726
715
717
721
722
719
713
714
714
725
725
731
722
708
708
711
709
717
718
720
717
702
692
687
687
689
692
700
699
706
703
708
722
733
730
717
717
689
668
676
698
714
721
718
709
710
698
689
680
682
690
710
745
737
733
744
759
768
775
767
743
743
746
758
768
778
777
771
752
751
754
752
758
777
779
772
799
797
794
761
747
731
730
733
745
753
760
755
760
771
777
780
756
744
754
775
809
822
799
773
767
771
783
781
738
743
744
762
768
775
781
773
752
735
725
712
707
717
721
738
765
780
791
807
801
778
769
768
768
760
771
794
804
809
803
779
768
774
782
798
805
807
794
762
733
727
728
736
767
788
795
782
768
761
749
748
758
759
746
749
760
774
762
733
724
710
700
698
704
716
730
737
729
742
748
746
739
731
721
717
714
712
710
699
707
733
752
761
761
745
746
742
730
718
704
702
708
711
707
709
713
677
652
655
660
679
691
684
680
673
673
675
667
663
662
657
646
633
630
632
638
650
650
673
695
717
698
673
685
707
730
757
761
750
752
744
732
709
697
689
685
688
690
692
675
670
671
663
660
654
649
658
662
659
656
652
655
654
649
651
644
645
640
637
634
626
624
621
611
606
603
603
604
612
619
632
664
700
713
743
766
769
752
742
746
737
724
705
711
706
706
704
701
700
704
702
701
698
698
694
689
685
682
671
669
671
660
654
642
640
630
629
622
616
614
607
604
598
591
593
593
596
595
594
586
583
584
580
577
568
569
565
565
565
560
552
549
547
545
542
542
541
540
540
542
542
545
546
549
550
552
550
552
552
553
553
554
553
554
554
553
550
550
546
541
537
533
529
527
522
523
523
521
518
519
517
522
521
522
522
521
520
521
517
517
514
511
506
503
503
501
498
497
497
494
494
491
492
492
492
491
490
489
488
488
488
487
487
489
487
486
486
485
486
486
486
485
487
491
491
487
489
489
493
489
491
490
493
493
492
488
490
493
489
487
485
483
488
488
490
492
492
491
490
492
494
492
493
496
497
495
496
494
496
496
493
494
496
499
497
494
499
503
505
501
504
507
511
511
510
513
517
519
516
515
521
526
517
519
523
528
526
525
531
528
518
520
524
520
511
519
526
527
530
531
535
541
545
544
549
555
557
557
556
559
559
555
553
554
552
551
550
555
558
560
559
562
563
563
560
560
563
564
567
573
578
582
577
579
581
583
581
579
579
580
576
573
577
581
583
583
593
597
611
613
627
632
638
634
640
639
631
622
617
617
617
619
621
622
620
631
633
627
625
628
625
624
624
625
621
613
611
606
602
596
599
599
602
594
591
589
594
601
602
605
605
605
592
586
578
571
577
578
569
563
566
568
574
578
581
592
596
599
598
599
593
591
587
588
582
577
570
570
569
566
564
563
561
562
563
561
555
547
543
543
546
551
557
563
567
573
580
583
580
573
574
573
574
572
577
580
579
579
585
595
598
604
604
615
613
605
604
603
604
600
602
600
598
591
587
584
581
576
574
573
574
574
575
580
583
585
584
585
588
590
592
590
591
591
595
597
599
598
598
592
591
589
590
588
584
579
584
582
581
583
588
595
600
598
603
599
600
594
592
590
586
583
575
575
574
572
570
572
575
581
579
582
583
587
584
581
581
581
581
576
575
575
576
570
570
570
573
574
575
577
579
579
573
571
573
574
573
571
568
569
571
567
565
564
568
566
560
558
556
552
550
549
549
549
549
547
548
548
549
551
557
560
563
560
552
555
563
568
568
572
577
579
572
568
566
562
558
558
557
560
566
569
575
583
588
595
595
593
596
595
592
591
590
589
582
581
581
583
584
585
591
598
607
609
612
615
611
606
604
599
595
590
586
586
585
586
588
593
597
599
604
608
604
603
601
600
596
590
589
590
589
584
583
583
583
579
582
583
587
585
588
588
591
590
594
597
597
596
598
603
606
608
609
610
614
611
609
604
602
595
587
584
585
584
586
587
590
590
590
595
601
602
602
606
607
606
604
603
600
596
595
597
594
593
590
591
594
596
592
597
598
603
604
605
606
604
597
593
589
589
587
586
590
593
596
597
600
598
596
594
590
588
581
574
573
571
575
573
570
571
575
577
576
581
585
590
590
587
582
580
577
571
565
563
566
571
575
585
596
611
614
623
626
629
622
623
615
614
610
611
615
615
607
609
606
606
599
594
591
592
586
584
584
585
572
568
568
568
571
573
579
582
575
573
570
571
570
565
563
557
557
561
575
586
599
602
602
605
608
608
605
600
601
604
604
597
592
585
583
576
574
575
578
584
591
599
604
610
611
610
616
619
619
616
612
609
602
596
594
592
591
587
589
590
594
591
592
593
596
596
591
592
594
594
590
587
588
581
579
579
578
582
585
586
586
590
598
596
593
595
592
586
581
580
578
577
572
572
570
573
574
567
568
573
578
579
577
575
578
576
572
569
570
568
566
563
562
562
562
562
563
565
567
566
563
562
560
558
557
556
558
561
564
568
575
584
585
589
596
592
590
590
588
581
577
575
576
569
570
568
568
572
571
565
559
559
561
563
562
564
563
563
565
566
567
569
567
571
575
578
587
594
599
596
595
595
595
588
586
584
581
577
578
582
584
585
588
597
606
609
616
619
623
616
613
609
604
600
595
591
589
582
579
582
590
602
600
609
614
613
610
608
604
599
596
593
591
590
590
590
592
593
589
591
591
587
581
577
575
577
577
575
575
576
581
582
585
587
590
589
586
583
584
584
575
573
572
571
568
566
566
567
570
572
572
575
577
579
576
579
582
584
583
574
564
565
568
571
579
583
589
588
588
586
588
582
579
578
577
579
576
574
572
573
575
575
580
583
587
587
586
584
582
577
574
571
571
568
566
564
563
563
562
558
557
558
558
554
555
557
556
557
555
557
557
559
558
563
565
569
571
564
555
553
553
554
550
551
554
556
555
550
548
545
547
548
550
551
554
558
563
562
562
563
562
560
559
557
555
553
548
548
547
546
549
549
547
546
545
546
557
562
563
562
557
558
560
562
563
560
557
553
553
552
550
546
547
550
559
568
577
584
596
604
604
607
604
592
585
583
576
573
569
567
565
567
566
566
567
570
573
574
572
572
575
576
573
572
571
573
570
568
563
563
562
559
558
560
564
568
568
569
572
577
580
578
580
577
567
561
559
557
558
559
561
556
553
553
551
553
551
551
556
561
563
569
570
579
576
582
584
586
580
578
577
572
570
566
567
566
571
570
571
576
579
585
583
584
584
585
582
577
575
571
567
567
563
567
572
575
574
579
580
582
578
581
585
584
587
580
580
581
582
583
578
575
573
579
581
586
585
578
572
564
560
554
550
551
556
566
578
596
604
605
601
603
596
594
592
590
585
583
577
573
568
564
562
563
567
572
576
582
591
597
606
612
602
593
589
587
585
587
591
591
592
596
603
609
620
624
623
612
602
598
599
598
596
597
594
587
583
581
582
584
586
588
586
581
577
579
581
588
588
591
591
586
584
581
578
575
572
570
566
562
556
553
550
547
549
544
542
535
538
542
559
579
594
617
629
614
604
591
582
578
583
590
579
575
577
570
565
563
560
560
563
572
589
604
610
620
630
644
660
669
672
657
650
647
646
646
641
630
621
613
604
604
617
644
696
753
771
750
714
686
672
664
657
654
646
637
641
649
656
659
656
651
655
661
667
670
660
663
679
686
689
690
678
662
656
654
652
650
658
653
646
639
635
637
641
640
639
643
647
654
659
655
656
658
659
656
657
648
646
653
663
669
673
662
656
651
651
652
646
642
639
646
654
656
640
621
620
623
617
610
613
621
631
647
649
641
643
646
649
655
653
655
659
665
666
667
665
670
681
694
701
706
698
667
653
652
647
649
650
653
667
676
684
696
686
674
657
638
626
620
618
622
630
636
642
653
655
666
667
669
659
659
661
658
653
649
650
646
636
627
625
629
635
638
647
653
659
659
663
652
646
636
623
612
606
603
606
589
600
601
599
595
596
595
600
597
595
587
580
589
603
633
662
683
688
689
694
687
678
676
685
690
691
694
682
677
675
681
687
696
694
680
670
673
682
692
701
694
684
679
686
689
694
682
671
668
648
638
646
658
662
655
659
677
699
724
753
756
744
737
734
740
755
763
753
742
734
747
761
776
776
757
748
752
761
773
772
758
742
738
739
753
764
763
761
770
779
798
808
807
786
774
770
766
776
784
764
758
762
774
791
806
769
736
729
727
738
732
717
719
738
762
796
822
823
811
794
791
794
803
821
829
836
813
806
800
796
813
834
832
801
793
795
791
799
797
785
784
787
795
790
776
761
763
778
797
816
822
819
789
772
768
774
798
823
831
826
827
830
838
813
766
737
731
733
739
762
765
757
757
766
774
790
809
811
797
787
789
799
817
843
850
854
840
839
843
854
865
870
868
864
840
841
849
863
872
888
860
817
805
809
825
850
857
844
820
810
816
831
836
842
844
834
819
817
824
843
851
842
811
790
787
795
789
781
769
779
796
815
828
833
817
803
789
785
799
813
829
835
822
791
767
765
772
793
808
774
741
738
740
743
757
763
761
766
780
793
797
802
810
806
804
800
788
786
797
819
842
846
823
801
797
793
810
831
839
826
813
820
810
810
803
792
774
774
777
789
799
798
788
777
772
781
790
774
765
736
717
712
706
687
669
679
710
744
760
746
744
761
786
819
854
867
856
830
813
810
811
824
819
797
798
783
777
771
759
741
741
748
753
757
754
753
764
786
810
824
831
812
803
803
804
801
798
787
777
757
754
753
760
769
774
767
762
770
773
775
782
784
769
763
759
762
769
775
786
779
773
779
792
802
805
795
771
761
759
761
761
762
763
746
744
743
758
772
787
794
786
776
780
783
783
777
763
732
715
711
711
730
759
780
780
771
771
770
778
782
782
769
752
750
755
771
782
783
768
755
751
749
754
758
753
737
736
747
769
788
792
798
777
762
753
747
752
767
722
688
678
672
671
667
650
638
629
623
621
614
604
604
600
596
591
587
579
577
576
576
581
586
590
595
596
593
597
606
623
638
647
653
657
668
666
660
646
645
638
632
628
624
627
624
619
621
619
621
623
623
626
635
643
655
654
662
663
663
651
643
640
635
629
629
629
624
613
604
598
597
597
599
593
589
592
596
602
609
612
616
618
614
616
630
646
651
648
647
646
646
634
628
628
624
620
616
610
604
597
591
584
576
570
572
577
584
594
598
608
609
611
627
641
645
638
634
623
609
604
598
598
596
595
585
583
590
607
635
662
672
660
656
656
659
657
649
646
633
625
619
612
598
589
587
587
588
588
586
588
593
600
609
620
626
622
615
608
606
611
614
611
611
606
606
606
612
623
634
643
648
649
646
648
646
645
643
645
643
639
633
635
644
653
668
679
681
682
683
677
676
665
648
636
632
633
631
631
624
623
626
629
637
644
647
648
641
643
646
647
648
644
637
630
631
633
636
637
637
630
616
610
610
618
632
637
634
629
626
632
637
645
651
654
655
649
641
636
630
628
624
624
623
612
605
607
615
628
651
672
678
670
670
669
664
654
646
643
629
616
613
614
617
623
630
640
643
651
664
680
694
699
701
691
676
665
656
651
647
641
621
603
591
589
593
603
610
628
637
647
646
656
665
660
664
669
669
675
676
662
654
643
637
619
616
611
604
597
593
589
585
585
579
577
575
572
573
569
564
563
564
565
563
563
559
559
560
561
560
557
556
557
556
557
556
552
551
552
555
555
552
551
552
552
553
555
557
556
554
551
551
546
540
538
539
543
534
529
528
521
521
522
529
525
521
519
516
518
517
515
516
517
516
515
515
514
512
512
513
512
511
511
512
511
512
510
509
509
509
508
506
507
507
506
507
507
512
518
526
529
531
540
548
554
556
554
552
551
549
547
547
545
545
545
546
551
555
563
565
564
563
562
563
561
560
556
550
546
543
542
542
549
559
570
576
574
568
564
564
564
570
568
569
567
567
563
560
560
561
563
560
560
557
559
562
564
563
561
557
552
551
558
573
580
590
600
609
622
624
628
623
612
604
598
591
588
585
581
576
568
563
560
563
570
569
570
576
581
589
588
586
585
584
588
589
589
587
588
586
584
578
577
582
580
577
577
579
577
578
578
577
572
571
576
583
598
605
605
604
606
609
610
610
607
604
602
598
586
578
575
576
578
583
591
592
593
588
586
583
584
585
587
583
577
575
581
580
579
586
599
611
615
616
608
606
606
607
607
610
608
605
604
600
596
593
588
579
574
571
571
571
570
573
578
589
598
599
595
592
578
574
566
560
554
552
551
552
551
550
549
552
551
553
542
538
532
527
522
521
522
528
540
563
590
607
622
611
618
656
673
662
653
650
644
634
637
634
629
621
612
608
609
606
604
595
589
590
594
599
601
601
601
597
598
598
601
604
604
600
603
608
607
603
600
599
597
585
581
577
576
579
579
578
583
585
581
579
588
597
602
610
608
612
612
610
614
615
617
608
604
603
595
595
598
604
617
623
632
633
631
625
622
624
625
628
621
611
610
610
613
620
630
642
654
646
632
623
620
625
626
628
634
637
631
628
633
639
649
665
665
651
647
645
645
635
640
645
648
644
644
635
632
632
628
629
624
618
612
605
604
603
603
599
593
591
599
610
629
646
649
650
645
645
648
654
653
655
660
646
623
609
603
594
583
580
585
602
611
625
625
624
621
620
615
620
611
606
614
621
628
623
617
619
617
615
612
621
636
641
649
643
629
623
622
620
624
622
619
623
626
627
621
610
612
615
618
621
620
620
630
646
643
639
633
640
653
671
690
685
688
689
683
673
661
651
656
662
659
647
640
637
631
634
640
643
644
645
654
655
656
650
649
650
646
631
624
618
618
620
614
611
612
610
607
608
613
618
621
622
618
613
612
620
633
640
646
646
644
645
641
631
622
612
603
602
608
618
620
621
625
634
629
622
614
604
602
604
613
611
610
614
614
610
611
629
647
660
661
656
654
646
635
622
613
610
619
630
645
647
666
680
687
678
664
654
639
618
609
605
599
591
586
591
596
600
601
617
621
631
631
634
632
636
651
657
662
678
686
693
694
670
658
648
647
655
660
650
645
636
637
640
657
677
706
730
735
738
738
716
698
688
667
658
652
646
636
628
624
623
623
624
618
618
624
636
647
648
646
642
636
631
618
604
599
598
596
593
600
633
665
684
690
717
742
724
709
687
665
652
644
636
630
624
627
636
642
640
637
634
628
618
604
599
603
608
617
618
624
620
612
607
608
620
645
677
702
703
711
710
686
674
663
668
679
696
703
693
688
671
649
635
623
620
623
644
681
727
751
731
735
734
730
733
728
716
702
698
704
719
735
744
730
719
721
724
729
715
704
704
710
713
716
710
680
670
657
652
656
658
660
656
654
656
658
671
678
657
650
663
680
683
689
716
747
776
773
747
725
726
729
744
756
751
747
756
755
728
713
704
695
689
687
680
669
665
664
666
669
673
677
676
671
650
640
637
635
641
645
654
670
685
684
675
680
675
664
670
682
689
699
694
688
674
658
649
644
637
634
629
623
619
619
619
618
612
616
623
628
635
641
642
631
631
634
638
644
659
656
646
648
644
646
651
652
660
659
653
644
628
616
607
603
602
604
605
612
622
637
646
644
636
634
622
616
623
629
633
646
645
641
638
632
622
615
604
598
599
606
621
631
631
652
660
676
694
698
687
673
666
654
639
628
617
615
614
616
628
634
635
633
634
629
626
618
607
600
597
601
602
604
602
602
612
624
627
632
622
614
606
603
596
595
605
620
644
658
663
656
647
643
642
646
635
627
632
636
633
633
639
641
646
646
653
650
641
637
627
620
613
609
612
619
630
645
652
655
648
642
628
621
621
624
629
631
639
635
632
629
629
624
619
613
608
600
596
600
616
634
646
658
657
660
652
650
655
662
658
651
641
635
627
626
635
634
641
644
646
649
647
641
637
630
619
614
604
596
589
587
591
599
602
608
611
609
607
615
621
630
641
648
660
642
634
630
616
611
608
609
611
615
618
621
627
640
647
659
655
646
638
636
634
628
626
614
611
618
630
637
634
638
644
638
627
630
635
639
645
644
646
645
639
628
624
618
617
611
607
606
604
604
609
615
624
631
630
629
629
627
623
620
613
603
594
590
590
592
592
588
588
585
587
596
599
592
589
592
596
598
598
594
598
605
616
630
640
637
631
625
629
628
638
642
637
628
629
638
639
635
636
637
635
633
628
624
623
628
638
651
653
657
663
662
659
660
659
652
650
647
642
638
630
621
615
612
608
605
604
599
594
587
580
579
585
601
622
645
657
661
657
647
635
619
611
604
604
606
605
612
611
610
610
616
631
650
659
670
667
654
654
652
638
628
622
617
612
612
612
618
632
644
640
644
643
641
645
641
638
634
637
631
628
634
637
638
640
633
629
619
613
617
621
619
620
614
607
604
598
591
587
587
591
596
599
604
598
598
599
602
605
607
604
598
590
588
590
589
597
604
611
622
637
640
632
632
634
630
623
614
604
596
592
596
593
596
602
609
618
626
631
639
641
642
633
629
625
618
614
610
611
609
604
601
598
599
600
604
598
593
593
592
592
590
584
581
581
581
587
594
599
604
603
600
601
603
597
592
593
598
600
601
600
602
602
600
604
606
607
608
606
604
602
604
606
609
609
607
606
599
594
597
603
609
612
610
612
615
620
621
620
622
621
617
615
610
608
602
595
595
603
609
615
624
633
633
629
622
617
613
613
608
604
602
595
588
582
578
573
570
571
577
574
572
577
589
599
598
605
612
610
608
604
599
597
594
594
588
586
587
591
598
592
603
611
617
638
644
646
649
642
630
625
623
621
622
620
618
616
613
613
608
607
608
615
606
608
604
599
598
597
596
592
591
585
582
582
584
585
584
586
586
588
593
604
623
632
628
621
621
617
623
623
620
632
639
648
656
656
657
656
655
648
639
632
623
609
599
593
589
588
586
584
582
584
595
607
622
631
645
635
626
626
621
613
604
597
594
594
599
610
633
639
665
674
690
687
680
677
669
647
637
628
619
612
607
602
597
592
588
590
595
600
611
612
605
600
596
594
592
602
604
609
617
635
635
629
628
623
624
617
611
604
599
594
591
591
589
583
579
578
581
580
579
575
571
572
579
584
601
604
605
609
608
604
609
609
607
604
598
596
594
589
588
589
590
591
591
586
587
594
597
601
600
597
593
594
602
611
621
620
616
613
604
602
600
597
597
595
590
591
590
591
586
585
586
592
601
608
611
605
600
603
616
629
640
650
656
660
646
646
643
644
656
668
686
685
682
685
684
688
680
677
668
661
657
650
638
630
640
651
657
666
672
669
672
658
656
658
647
633
622
610
602
608
606
608
604
610
618
617
612
608
608
616
628
632
637
642
647
633
622
626
640
653
660
666
664
664
675
658
652
648
640
634
640
652
660
671
672
680
688
679
675
674
663
660
654
645
644
637
638
645
647
655
656
660
667
655
659
651
638
637
645
649
643
653
663
678
679
679
665
655
653
664
665
671
664
673
689
694
696
691
683
673
673
675
683
698
715
720
712
700
690
697
707
727
744
728
720
715
712
717
727
730
713
700
690
681
687
691
696
711
722
713
705
687
667
670
686
698
710
710
703
697
698
716
735
734
723
702
695
695
709
729
735
739
729
715
709
704
709
719
732
732
727
723
727
741
748
764
775
779
775
760
746
729
726
730
733
740
741
745
737
726
714
704
701
713
720
730
733
730
719
722
718
718
724
721
721
721
724
729
731
737
739
735
729
721
722
721
719
723
727
738
737
728
721
717
714
716
717
713
702
685
679
685
693
696
703
695
686
676
663
647
640
646
658
675
688
692
691
692
700
719
742
755
756
757
748
741
747
768
789
803
806
812
810
801
793
787
778
753
726
723
722
706
707
698
680
669
658
652
646
651
664
688
706
716
704
705
712
723
729
730
731
735
740
739
741
740
718
713
702
689
700
722
746
768
777
782
777
771
763
747
722
696
690
703
716
729
732
735
735
729
728
730
729
725
723
718
721
721
724
732
725
716
716
719
723
706
703
689
677
685
691
707
724
738
745
723
714
707
706
712
716
721
720
715
702
700
701
715
732
743
747
751
745
730
721
721
728
728
729
731
733
740
742
745
740
746
761
767
774
774
769
753
738
731
740
749
756
761
758
750
741
735
735
748
753
750
757
752
745
735
736
735
739
744
732
714
697
691
695
704
711
723
731
739
741
740
727
719
717
720
725
722
716
709
697
694
698
711
724
726
725
718
710
713
714
717
720
724
719
709
703
712
723
728
729
740
740
742
739
735
737
739
738
739
720
714
727
732
736
744
739
724
713
723
719
720
720
724
727
733
740
748
756
760
756
752
741
722
711
712
718
720
723
712
705
717
729
739
745
756
745
733
721
727
729
729
734
740
734
729
724
729
727
730
733
734
732
725
716
721
734
743
748
756
759
754
750
734
726
729
738
748
758
755
751
749
740
747
755
759
746
718
707
705
684
666
665
677
689
693
676
682
693
712
729
730
731
729
728
737
753
763
768
766
771
766
766
765
762
766
752
736
736
729
734
733
738
730
721
723
735
746
753
750
747
730
725
728
739
755
762
764
756
763
768
778
787
790
789
775
770
770
769
765
762
755
746
740
744
751
764
766
767
758
756
757
754
759
766
763
759
761
764
773
779
782
770
764
759
760
764
768
773
768
764
762
766
773
778
780
769
759
757
758
769
768
768
762
765
764
766
762
765
763
764
759
756
756
759
766
767
750
732
732
733
735
738
733
728
731
738
752
758
763
766
769
764
760
753
750
746
738
729
734
748
760
770
760
747
743
747
754
759
762
760
751
741
738
743
750
754
756
748
742
742
738
745
755
759
760
757
761
769
772
778
771
758
743
739
736
735
737
738
740
743
746
750
752
758
753
752
746
712
695
678
677
664
655
640
621
608
603
599
601
599
601
604
606
605
602
596
593
596
589
584
581
578
578
575
573
568
566
565
565
573
583
590
591
591
592
596
596
592
590
593
592
593
588
589
593
598
604
608
613
612
606
607
605
606
605
609
614
614
609
605
611
610
612
613
610
610
610
602
595
589
583
577
579
580
584
589
593
595
602
606
608
608
614
614
620
617
619
622
620
611
608
606
604
604
604
604
604
606
610
617
619
607
603
604
598
602
603
609
622
634
645
649
649
642
640
645
640
632
617
608
593
588
589
597
607
616
625
631
634
637
634
639
633
633
630
631
632
634
633
630
631
636
635
639
631
631
632
636
635
632
630
631
637
637
638
646
654
661
668
670
670
662
658
657
662
670
677
665
662
665
670
671
673
668
657
653
649
641
632
622
619
620
619
619
624
634
635
634
618
606
601
590
590
591
588
588
592
589
590
590
595
602
601
599
599
598
595
591
587
580
576
576
579
577
582
587
588
594
597
599
601
606
610
607
598
590
583
575
576
577
575
571
570
570
568
567
564
564
563
559
557
556
558
563
575
590
591
589
586
589
592
597
604
603
605
606
603
599
602
605
606
602
603
610
618
615
615
615
615
617
617
617
619
629
635
626
619
613
613
611
608
608
611
613
620
618
612
606
601
589
582
576
575
576
576
580
582
591
596
593
599
604
609
610
612
618
621
620
621
626
626
620
613
604
596
588
590
588
584
580
575
569
563
560
555
552
553
554
557
563
568
570
568
571
573
572
573
569
563
562
561
560
555
550
549
546
549
551
550
550
553
563
572
596
619
633
645
636
637
628
625
616
617
618
612
604
600
595
587
584
585
581
581
579
579
583
581
582
580
582
584
588
586
589
586
584
576
570
567
563
564
568
572
576
578
582
584
589
587
587
589
591
591
591
597
604
603
603
603
602
598
598
601
606
617
625
623
616
612
607
605
609
612
612
612
614
614
611
602
597
590
582
578
576
577
576
581
586
589
592
598
602
605
604
608
611
613
604
601
590
580
576
573
570
570
571
574
569
566
563
565
565
571
576
586
591
598
607
613
617
620
623
611
612
615
619
613
616
616
616
609
604
598
590
577
576
572
573
576
575
573
568
571
572
578
580
577
576
576
575
572
575
577
580
579
577
578
576
574
574
576
578
580
579
580
580
583
585
581
579
578
574
566
564
563
563
564
561
566
568
572
574
577
582
582
582
582
584
584
585
580
577
577
571
567
564
564
564
565
565
567
572
576
578
582
583
586
581
580
577
576
571
570
570
566
561
554
551
550
550
552
554
556
559
561
561
565
564
564
564
565
563
564
565
568
570
573
574
579
583
581
578
572
577
571
572
570
572
577
581
583
591
589
594
586
589
594
597
597
594
595
593
586
578
574
569
565
565
566
570
579
586
596
596
594
593
592
593
595
591
590
589
588
584
580
577
573
572
567
566
564
564
564
565
564
565
563
565
567
570
574
575
577
579
584
584
586
588
588
587
590
588
591
590
592
592
594
590
591
593
594
596
595
593
591
587
586
585
585
579
581
580
578
577
575
574
578
580
584
583
588
588
587
586
583
583
583
582
584
585
586
585
590
591
590
588
589
588
585
581
580
576
574
567
564
559
558
556
558
560
563
567
577
587
590
584
578
570
566
569
567
566
566
564
563
564
566
568
567
567
566
565
563
563
563
564
562
563
563
565
566
574
577
576
576
578
575
578
573
573
573
575
574
572
570
571
570
571
576
582
580
585
583
574
569
564
562
561
560
560
563
560
560
559
556
556
554
553
554
554
560
562
564
568
574
577
585
594
601
600
597
599
595
589
587
589
588
586
582
582
579
575
570
570
568
567
564
564
565
566
565
571
572
571
571
572
573
578
580
579
579
578
573
567
566
564
565
566
565
566
568
572
578
579
579
578
578
581
582
580
581
579
578
573
574
572
572
572
570
571
570
576
573
574
577
577
578
577
574
572
568
563
563
561
561
558
559
562
565
567
568
570
576
580
580
579
579
580
577
578
573
575
572
570
568
566
565
563
564
563
565
563
563
562
560
560
561
561
560
563
564
567
571
574
574
573
566
568
567
565
564
566
563
560
557
557
559
562
565
569
575
578
577
576
579
581
580
581
575
566
563
560
558
559
559
557
560
563
564
565
567
567
570
572
569
568
568
568
566
564
561
557
555
556
558
559
559
555
556
559
563
567
565
566
569
566
563
566
570
580
590
593
600
607
612
615
616
604
596
595
594
593
592
587
590
591
587
588
584
579
570
566
563
559
552
549
551
560
568
571
574
585
597
609
625
631
626
614
614
608
610
611
607
601
591
587
582
584
583
582
583
590
601
608
610
615
615
617
620
619
612
604
602
594
589
587
587
586
588
590
589
588
592
595
598
600
602
602
602
603
604
604
608
611
617
624
624
625
623
621
620
622
623
622
623
617
604
602
595
592
586
583
587
592
602
610
615
622
626
633
634
643
639
630
626
623
614
604
601
599
596
590
587
586
590
598
601
606
617
627
637
641
648
654
664
665
671
668
661
654
650
649
647
646
649
650
646
646
645
647
646
653
654
652
649
650
652
654
652
658
652
646
644
645
644
640
639
639
638
635
640
641
645
643
644
643
645
643
640
638
636
630
630
625
622
615
613
615
617
614
612
608
607
602
598
596
597
597
589
595
590
593
587
586
585
585
582
578
576
573
571
566
566
566
568
568
570
575
578
583
584
582
581
580
580
578
575
577
579
578
574
573
573
573
570
570
570
572
572
571
575
576
577
576
579
577
576
576
575
574
570
565
564
564
563
562
563
565
569
568
570
572
571
566
566
564
565
563
563
563
564
566
568
569
567
567
566
565
566
563
562
562
560
558
559
561
564
563
565
567
568
568
567
570
569
571
568
567
566
565
563
563
564
563
559
559
559
560
562
559
559
556
554
555
555
555
556
563
569
580
581
588
593
593
587
586
585
583
579
580
581
576
577
580
579
574
569
563
558
554
551
550
552
554
554
552
553
554
556
560
560
563
562
565
570
571
572
578
578
576
575
575
576
578
577
572
571
570
568
566
566
566
565
566
566
569
569
565
564
565
566
566
565
565
567
570
570
568
564
562
561
560
556
555
555
554
552
553
554
555
557
557
557
558
562
562
564
566
569
567
567
567
569
571
568
564
563
564
564
565
565
569
572
577
574
575
577
578
577
574
576
574
571
569
567
568
564
568
567
566
562
561
559
557
555
555
555
557
559
561
563
565
563
562
565
566
565
564
560
563
564
567
570
565
571
566
565
562
558
556
554
554
555
559
565
573
582
586
596
596
598
596
592
585
579
576
570
566
563
561
556
553
553
550
548
548
549
551
551
552
556
558
561
561
564
564
565
562
565
566
570
570
572
575
577
577
576
579
575
572
569
564
561
558
558
556
552
549
547
545
546
546
547
549
550
552
554
558
559
560
562
561
558
555
557
557
556
551
550
548
543
537
533
533
535
538
542
542
549
551
554
553
554
552
550
547
543
543
541
540
541
542
542
546
547
548
553
555
560
561
561
563
563
563
559
558
558
556
552
551
553
555
554
556
555
558
556
553
556
553
553
550
550
553
551
549
550
550
551
548
550
549
553
550
549
551
549
547
550
548
547
545
544
542
541
539
536
534
529
528
527
529
529
531
532
535
537
539
541
543
548
548
548
549
550
552
551
546
545
545
543
542
542
542
543
544
543
542
544
545
546
546
549
548
548
547
546
548
547
545
545
547
547
548
549
550
552
553
551
553
552
551
549
549
548
548
545
543
543
543
541
541
543
544
547
549
553
554
553
554
555
554
552
553
548
544
542
540
540
539
538
541
542
538
538
540
541
543
545
547
551
558
557
556
556
556
557
552
552
551
550
548
548
546
544
541
541
544
544
543
541
543
543
544
543
543
542
544
542
541
542
543
543
544
547
548
550
550
549
551
551
550
550
551
550
550
550
549
549
550
548
549
550
547
545
545
545
546
548
548
547
549
550
548
547
547
546
542
542
542
543
539
541
541
542
540
543
544
546
550
554
559
560
560
559
559
561
562
559
558
557
560
561
561
563
566
569
571
572
573
573
576
573
571
571
573
570
568
567
563
563
563
562
560
557
560
561
565
568
569
569
566
564
563
561
562
563
567
567
567
566
568
569
572
570
562
554
551
547
545
549
555
564
570
573
576
578
573
571
569
569
568
569
572
571
568
567
567
567
565
566
568
574
580
584
586
586
580
578
578
576
573
577
579
576
572
567
568
563
561
563
563
564
563
567
568
567
568
563
563
562
561
558
556
560
560
559
561
560
561
564
565
564
565
566
563
557
557
555
557
555
553
560
558
556
552
552
549
549
550
551
550
550
551
549
550
551
555
554
557
556
557
560
560
562
555
553
549
549
549
552
552
555
554
555
554
556
557
556
557
556
555
557
555
558
558
559
558
556
557
559
560
556
559
559
556
560
559
561
560
563
564
565
562
558
555
551
544
539
538
537
535
534
535
538
540
545
548
554
556
561
563
565
565
564
563
563
563
561
557
557
557
557
556
562
560
561
560
561
561
567
568
566
566
565
564
563
560
561
560
559
561
554
551
549
548
549
555
557
562
566
565
563
564
568
563
562
561
559
558
561
559
563
567
566
570
573
579
582
582
579
579
578
570
567
566
565
563
565
563
561
559
557
559
557
560
558
554
552
551
557
562
567
570
575
573
569
567
566
563
564
563
565
568
570
573
575
571
572
578
573
577
582
590
591
591
584
578
578
579
576
576
580
583
583
582
584
573
568
566
566
563
564
563
566
569
571
561
559
559
559
560
561
563
566
560
555
553
558
551
547
538
534
536
544
550
556
555
557
557
554
551
553
554
556
557
552
545
547
546
548
550
550
550
551
547
542
542
543
537
535
528
533
534
538
539
539
539
539
534
533
529
533
532
539
548
555
565
578
580
580
579
578
578
575
576
580
574
567
563
563
563
563
564
564
570
573
571
572
573
579
575
581
586
590
591
590
586
586
584
584
585
585
585
586
589
593
596
601
593
591
587
587
585
586
586
585
577
574
574
576
581
585
586
590
583
574
567
560
564
567
578
578
584
576
579
578
581
581
579
584
590
594
589
591
594
591
588
580
577
578
578
581
580
579
578
577
569
567
564
566
566
564
564
563
564
563
556
551
545
544
543
541
548
557
570
585
597
592
594
592
593
589
579
574
573
572
574
570
566
570
573
572
575
577
579
578
575
578
582
586
594
596
595
599
604
604
607
615
624
631
621
616
611
606
607
603
596
595
594
597
602
607
609
616
613
605
605
601
602
604
605
611
618
620
622
623
617
619
624
632
643
647
644
637
634
630
620
613
613
610
603
584
578
576
579
589
600
619
626
635
639
636
633
630
625
619
608
605
598
589
585
583
584
586
591
594
596
601
604
605
608
613
619
628
626
621
623
622
615
619
620
619
617
618
619
621
627
626
626
623
623
617
613
609
607
609
613
622
621
619
621
623
625
627
620
615
615
616
612
610
606
604
601
594
593
598
604
611
618
620
624
623
624
622
616
610
607
604
590
583
580
581
586
587
585
579
569
563
560
560
561
563
573
574
578
582
587
587
582
579
575
571
568
571
572
573
577
578
578
578
578
572
560
554
550
548
549
553
554
561
575
579
587
595
589
584
581
584
590
592
590
587
575
573
574
572
569
563
562
561
562
564
563
559
556
549
544
543
541
541
544
546
547
547
557
555
553
550
546
548
549
547
546
545
550
549
547
551
551
550
550
550
545
539
537
535
536
536
533
532
528
521
516
524
518
520
520
521
519
518
520
521
520
518
531
541
545
548
547
548
548
550
558
563
567
576
574
570
587
602
615
618
604
589
577
573
575
568
557
549
546
540
535
530
528
525
523
519
518
515
513
514
514
506
502
498
494
491
489
488
491
498
509
513
515
515
508