887
819
801
830
861
875
876
842
829
833
846
830
817
816
846
894
938
944
902
896
911
935
938
951
956
920
883
885
903
938
950
957
915
911
917
954
957
964
970
926
889
884
900
926
950
954
965
931
902
906
924
943
957
947
911
899
917
932
920
913
842
821
810
816
839
868
861
847
860
874
882
890
890
882
851
842
836
854
879
896
874
862
880
897
911
932
936
909
897
911
920
944
973
974
949
929
930
948
969
981
970
944
908
909
922
927
934
932
906
878
875
889
898
926
925
903
898
908
914
945
946
914
908
918
938
949
957
964
948
937
943
965
959
945
939
949
975
994
990
979
962
973
983
994
996
997
1001
988
944
925
938
956
979
995
1004
979
945
942
964
975
983
958
929
912
911