932
909
892
878
884
891
902
869
804
771
763
778
787
768
776
824
854
841
847
867
903
929
900
863
853
864
907
971
992
952
940
933
942
940
936
896
866
854
879
901
923
938
930
902
879
883
895
905
925
936
915
879
864
857
829
827
835
831
791
781
776
760
756
746
750
772
800
828
804
805
804
824
838
826
808
797
799
789
770
758
760
776
804
832
849
854
904
950
972
967
957
928
909
912
929
934
930
906
884
870
893
933
938
924
914
888
876
885
885
896
905
869
828
835
860
889
909
896
872
875
879
891
890
889
865
872
894
914
931
935
888
854
845
848
866
900
912
888
878
873
887
897
906
912
906
885
861
856
880
914
948
947
889
845
834
846
879
930
953
956
945
934
896
861
868
906
925
918
875
860
873
893
924