964
923
902
914
917
931
929
889
885
874
848
838
823
829
843
830
819
803
778
761
748
749
748
740
713
689
688
685
679
664
652
648
648
656
660
644
624
628
646
712
813
871
910
925
920
905
889
870
870
829
810
818
854
881
890
874
859
867
873
885
895
889
888
896
909
910
908
904
877
847
844
867
886
892
867
850
851
873
901
916
912
877
866
872
883
898
900
881
882
887
908
911
872
1574
754
774
803
807
786
780
786
780
771
757
696
780
729
718
713
701
689
701
735
773
827
821
851
812
806
818
844
872
859
840
814
786
773
754
740
720
710
699
717
727
750
776
799
815
831
843
855
860
865
875
877
884
877
872
848
821
775
762
784
831
866
874
851
835
833
836
845
857
862
861
861
870
863
865
840
816
821
838
854
852
816
799
799
803
819
814
825
850
864
872
866
855
830
836
852
858
881
886
868
832
771
739
705
694
679
676
681
685
687
694
707
719
736
748
739
750
772
791
814
833
826
827
852
887
909
912
862
845
854
859
878
899
856
843
857
884
899
929
894
888
903
919
942
952
912
903
919
930
942
933
897
882
908
916
934
907
877
890
896
908
909
879
882
886
840
864
828
799
813
807
802
789
759
753
706
720
717
723
730
728
722
712
692
683
672
673
696
753
827
871
882
874
859
858
850
853
843
813
760
755
779
810
819
796
795
818
836
855
821
810
821
847
877
842
830
828
843
849
866
870
881
878
873
865
863
837
860
896
936
938
851
835
831
861
913
943
942
884
909
864
801
788
820
844
876
897
898
881
857
884
908
912
880
833
818
814
837
834
826
841
871
896
905
903
914
893
897
904
906
909
891
902
904
901
909
903
914
894
874
894
924
940
936
926
917
897
879
842
828
825
846
883
920
908
919
925
910
879
831
829
835
850
857
866
862
850
810
800
795
814
853
901
927
938
938
924
843
836
860
883
895
900
896
841
824
822
829
848
867
865
832
830
854
900
947
968
960
952
936
924
896
870
889
922
939
925
916
926
941
960
951
968
975
971
940
911
863
875
902
945
970
980
965
981
989
984
992
990
990
940
928
941
955
953
876
805
808
818
831
826
803
767
780
772
768
781
809
796
777
769
759
749
736
737
736
743
743
736
716
709
716
733
767
810
814
818
825
786
774
782
805
815
801
800
785
771
781
796
811
818
823
807
794
768
765
772
813
832
843
838
826
829
837
842
830
833
828
825
827
827
806
795
791
781
794
797
805
820
813
811
819
840
819
820
820
799
794
781
780
781
795
795
761
762
759
792
832
848
817
829
827
820
797
755
747
761
775
802
838
838
796
762
761
772
803
835
834
848
874
915
932
933
917
911
898
896
896
888
859
814
812
812
815
826
836
845
815
784
789
809
826
860
871
876
899
929
929
937
927
902
912
921
939
964
892
880
870
841
828
801
780
760
747
775
804
827
827
843
826
817
777
769
785
797
818
828
812
814
802
808
770
782
794
830
846
836
832
820
782
797
799
806
827
820
812
819
815
830
848
854
862
874
885
863
859
852
836
798
804
779
751
757
753
769
793
829
846
854
856
871
886
900
913
921
912
879
870
874
870
869
853
836
836
840
844
842
847
827
802
809
824
861
895
900
885
876
868
869
869
875
909
922
912
878
878
882
865
841
784
772
757
752
761
811
888
954
966
954
961
964
957
949
938
923
884
859
860
878
893
866
852
856
878
895
880
891
906
902
849
848
823
802
799
810
816
828
811
798
815
830
829
810
812
837
861
877
888
854
840
852
866
879
865
875
869
866
858
852
834
831
826
826
818
820
820
830
831
871
910
904
893
874
857
816
805
799
805
821
814
839
856
872
863
849
832
822
826
839
863
879
870
866
865
857
854
853
860
841
806
809
838
825
827
808
785
770
743
724
763
845
886
896
892
897
910
906
899
898
884
858
867
886
909
934
923
909
919
946
957
911
919
909
867
865
846
808
780
755
746
746
743
735
738
756
767
754
752
746
757
772
796
800
790
759
752
758
774
796
810
814
822
824
819
802
817
825
823
843
856
829
834
803
821
832
833
785
765
760
763
745
749
692
606
736
708
729
757
760
770
762
764
759
767
758
758
732
744
758
769
743
742
740
744
733
720
716
708
706
709
711
728
727
729
729
719
717
720
724
727
714
723
706
710
718
735
762
763
767
758
740
742
766
803
826
830
838
812
816
812
826
812
807
795
786
782
783
790
808
813
825
820
803
818
811
773
733
714
718
736
779
819
846
851
852
841
835
831
835
830
860
891
925
917
862
831
808
791
769
775
811
858
884
878
876
871
838
787
800
799
773
767
775
767
768
772
791
806
800
808
821
829
777
732
738
767
800
822
838
801
791
790
792
811
819
822
825
793
797
805
806
812
802
785
769
777
805
816
868
889
863
862
855
846
824
819
835
830
826
823
823
819
813
821
847
859
872
885
882
881
863
839
822
773
773
780
783
800
805
803
792
804
798
788
788
808
812
813
817
820
815
806
775
782
779
778
782
779
768
771
765
802
825
843
849
833
808
796
775
750
744
737
740
754
775
777
791
762
748
763
775
802
838
849
844
843
841
838
818
798
780
771
766
753
753
720
705
711
740
779
770
780
790
802
810
802
800
792
761
775
775
793
800
788
813
810
811
803
788
784
782
760
740
722
731
753
788
811
794
809
805
802
795
803
800
796
791
790
767
772
779
804
826
822
798
781
772
750
775
815
867
897
908
895
885
825
831
806
791
788
783
757
766
765
768
774
773
793
801
778
785
777
767
781
783
771
745
758
784
821
839
844
836
805
788
775
780
789
789
788
789
773
771
763
774
796
805
798
788
803
813
830
806
807
821
821
828
812
796
780
744
739
735
742
756
773
771
779
739
753
779
813
778
756
795
837
848
836
771
768
739
739
742
740
725
727
690
701
710
721
732
729
740
737
770
793
814
831
821
804
790
772
742
739
739
756
789
805
784
793
794
780
774
781
791
797
798
773
808
824
856
873
868
844
823
813
811
813
787
790
756
774
792
808
801
794
775
756
763
762
772
786
783
782
769
794
828
829
817
828
821
804
774
783
783
778
765
755
755
769
766
795
806
799
776
765
779
783
799
806
814
828
838
841
848
848
848
835
816
801
796
805
810
820
837
823
826
788
777
803
788
768
746
746
734
719
691
699
703
712
713
725
745
776
818
847
869
862
853
853
861
813
820
817
813
813
797
740
731
736
755
771
784
801
805
803
801
794
804
820
810
799
792
781
782
769
755
727
716
721
718
725
743
729
712
723
720
725
742
736
742
761
780
793
771
732
728
743
761
757
769
781
804
823
820
809
799
795
797
823
855
875
879
871
876
874
878
866
832
808
782
773
833
854
862
847
791
780
769
763
739
738
745
756
775
783
792
771
753
727
736
752
792
826
817
807
813
836
854
872
884
894
906
902
871
826
811
794
773
773
748
731
734
726
747
760
777
790
814
837
865
880
863
845
835
808
813
813
771
756
771
782
800
809
810
805
793
767
764
771
797
831
832
799
805
800
779
764
739
748
743
720
697
708
715
721
713
728
743
768
785
789
742
723
719
716
700
712
723
743
768
746
755
771
794
821
822
835
837
811
813
781
799
811
828
809
823
842
867
882
886
882
864
861
865
870
870
878
876
812
755
770
800
784
800
817
803
809
805
806
803
771
784
788
811
824
826
822
827
825
819
820
834
830
867
880
912
904
888
869
853
834
816
802
779
745
722
730
751
797
835
850
852
840
816
802
786
794
812
822
831
849
863
885
898
890
896
873
854
852
846
824
832
836
834
851
863
873
855
854
843
850
870
885
880
814
784
790
773
774
781
786
778
761
732
745
744
758
780
805
799
795
781
767
741
757
797
857
893
875
867
855
811
790
771
769
780
805
812
819
818
843
867
889
907
896
880
840
784
768
770
771
771
770
737
729
704
700
720
752
774
791
803
795
754
751
761
799
852
893
922
935
934
937
938
923
874
873
876
856
861
807
795
797
808
828
830
846
876
908
897
900
911
913
914
922
917
923
924
923
927
922
940
950
894
860
873
900
924
897
866
872
889
881
863
856
863
854
854
854
863
867
868
867
882
895
892
871
876
898
917
934
901
898
851
824
810
782
782
798
819
821
822
832
838
843
836
809
840
883
912
929
923
874
860
868
900
943
944
911
863
861
854
860
842
840
863
873
886
890
842
791
778
776
772
771
767
763
755
752
760
746
765
764
746
758
745
752
800
802
775
780
763
745
744
738
754
726
725
725
730
740
746
724
708
706
706
720
745
743
737
756
795
846
889
906
888
867
865
863
865
873
846
805
809
802
766
771
748
720
720
755
796
821
841
854
838
805
815
836
860
869
833
793
789
806
831
864
857
849
877
892
863
827
816
817
826
845
821
831
859
890
925
939
944
942
922
875
892
933
952
959
928
895
905
918
936
953
937
956
974
974
965
948
923
926
956
967
994
964
937
929
905
888
861
851
881
891
908
897
894
897
896
903
923
923
877
902
894
900
941
953
932
920
907
916
926
920
896
860
888
911
948
967
949
950
958
968
982
985
959
935
925
933
904
848
803
790
791
801
826
845
855
854
859
874
890
911
885
895
917
950
963
950
900
911
947
932
866
843
859
869
892
905
930
919
892
875
807
801
829
880
908
949
950
940
923
906
844
847
855
875
892
885
879
848
859
853
838
845
807
798
798
798
813
821
824
823
813
809
835
827
851
869
888
854
868
887
884
903
893
885
877
864
860
818
817
838
882
912
925
932
922
909
896
858
830
837
854
886
924
935
940
912
849
823
810
804
813
826
848
840
809
813
827
871
913
946
955
921
871
890
917
956
948
896
892
908
925
858
847
862
892
913
937
944
954
954
960
956
947
954
952
938
935
948
945
931
857
855
860
886
891
885
841
822
823
848
881
903
908
912
907
900
890
880
848
822
797
820
855
905
947
945
936
934
942
939
938
938
943
931
909
891
894
929
959
954
865
873
928
963
950
954
952
914
920
930
938
905
861
841
816
812
809
812
812
810
802
786
771
779
796
817
826
822
828
827
834
803
815
790
789
813
854
887
896
900
901
897
842
835
826
849
871
875
891
920
936
889
901
898
897
895
883
891
855
867
868
892
901
854
850
847
844
839
863
857
831
832
840
859
865
850
821
841
862
876
876
881
883
865
858
848
831
811
799
802
838
872
879
880
850
860
856
863
865
872
852
854
858
860
825
828
839
851
846
823
842
867
871
884
881
895
902
901
881
873
864
847
846
824
835
859
886
898
879
864
851
852
855
857
818
818
828
836
844
810
811
820
847
866
879
847
826
848
868
896
923
924
907
907
900
828
849
873
930
963
955
946
928
906
902
893
926
941
953
956
933
920
928
935
910
917
913
886
864
790
791
829
889
915
916
907
882
902
912
929
935
911
897
918
940
967
996
996
956
929
952
975
977
983
959
929
933
952
977
989
974
948
945
947
939
929
900
882
882
887
901
911
907
873
894
921
951
981
984
961
950
954
957
967
964
900
878
892
906
929
883
894
907
929
950
957
909
900
870
859
883
938
971
957
905
861
863
894
938
896
911
933
963
967
952
938
928
911
877
870
851
842
854
892
946
940
945
950
926
941
951
954
945
926
909
878
879
887
902
905
915
911
924
929
925
930
917
925
928
917
931
920
913
932
945
977
989
980
938
908
865
874
868
879
921
937
941
907
901
909
924
919
911
919
927
936
951
943
937
929
908
885
887
897
912
934
936
923
918
938
954
957
939
913
873
878
902
935
938
952
944
938
944
930
930
941
912
906
907
916
929
893
825
797
833
870
914
941
950
948
943
888
880
882
886
901
860
874
897
912
939
927
909
905
887
866
882
890
920
927
926
872
901
922
942
964
954
935
915
868
843
859
866
893
914
896
876
869
862
862
864
896
922
923
913
929
933
896
833
845
862
882
904
904
869
901
922
937
925
890
902
909
911
906
902
887
853
850
869
888
934
922
936
949
973
982
982
974
951
914
890
886
817
811
827
869
913
943
959
966
962
945
928
911
897
882
858
867
877
886
906
916
909
901
918
928
938
937
940
930
899
910
910
906
891
862
882
882
907
918
891
887
911
925
916
916
909
822
747
758
745
732
715
708
704
700
704
706
705
691
685
682
681
683
678
687
688
695
710
708
713
725
742
772
803
829
835
816
828
822
820
818
765
746
735
724
729
729
733
713
732
741
749
745
729
724
715
710
706
708
699
694
693
698
707
722
712
708
721
753
789
794
799
815
830
846
843
819
826
854
885
915
919
867
812
782
802
833
872
870
841
872
881
893
889
892
890
890
896
895
911
903
884
901
938
975
983
962
894
889
906
940
990
1015
972
941
952
984
1014
1021
1026
1022
1015
1013
1014
1017
940
943
958
987
950
893
915
936
967
984
957
974
1002
1020
1013
1013
1003
989
979
983
995
999
941
922
965
978
984
927
899
933
968
1003
1009
999
1019
1019
1010
1004
994
983
958
914
875
887
903
930
915
930
946
961
974
977
951
938
928
936
919
928
943
953
965
974
982
991
979
933
908
937
952
977
899
905
890
883
870
877
857
859
852
853
852
891
915
922
925
905
900
883
860
861
842
857
837
845
833
868
898
880
873
866
857
842
840
860
884
900
919
916
904
935
964
991
953
932
952
957
953
948
933
901
880
883
920
943
939
898
918
933
960
973
957
892
844
826
827
872
938
976
931
939
937
950
956
933
902
913
919
946
969
969
938
951
958
970
973
979
986
983
990
994
954
915
913
942
947
916
896
921
933
936
918
932
951
992
989
981
969
974
972
980
978
929
902
918
938
945
918
889
902
923
942
948
918
923
918
930
938
971
966
957
927
933
949
982
989
995
954
922
937
932
922
942
936
969
974
970
973
973
946
923
889
876
863
860
887
890
887
878
883
896
903
902
903
913
917
880
872
882
906
917
867
870
890
914
937
924
934
942
964
979
987
992
993
995
983
965
928
923
968
1018
1016
956
899
861
830
762
760
754
766
798
759
741
732
741
752
767
783
777
767
755
744
716
717
703
688
688
691
689
691
700
706
707
720
724
725
745
803
852
867
832
827
836
851
857
871
854
825
824
820
835
853
851
862
869
881
884
888
891
891
872
820
827
856
895
910
875
846
851
861
889
901
884
879
891
911
925
953
959
960
940
931
926
924
904
868
866
891
916
933
887
867
880
885
903
923
917
883
897
905
928
944
950
949
954
956
953
958
976
987
925
908
943
983
989
940
919
939
955
973
968
972
968
966
967
968
965
965
931
917
930
954
977
980
967
929
938
947
963
968
935
921
924
942
957
981
968
950
949
967
971
983
981
975
976
940
936
951
964
972
943
916
930
943
961
955
942
949
965
960
956
953
935
944
952
959
960
963
938
905
917
934
946
950
919
913
941
957
965
969
937
931
939
952
961
961
970
964
961
962
923
928
956
994
979
935
949
954
958
937
936
949
966
978
983
983
983
979
971
964
962
917
889
909
928
946
926
901
905
906
908
897
910
926
932
932
934
929
922
926
929
927
916
927
952
966
939
919
926
940
954
960
967
983
999
998
979
949
960
970
980
985
979
959
961
972
991
993
946
954
957
966
977
950
929
940
950
953
965
958
939
952
940
953
965
949
918
925
941
969
975
969
938
912
919
945
967
987
974
961
979
979
983
978
938
927
938
965
981
999
980
969
963
968
975
974
946
916
920
948
957
956
936
912
909
924
945
961
962
940
927
924
935
940
957
947
916
921
933
947
962
975
954
928
935
946
971
976
945
916
930
953
966
991
984
946
952
957
967
975
978
956
932
936
954
971
986
983
951
928
931
943
952
966
973
947
933
930
943
947
945
916
882
888
890
905
908
919
898
891
913
934
942
955
957
927
899
906
924
958
976
975
945
921
928
933
953
968
962
952
945
909
895
913
935
954
954
915
890
877
885
885
893
894
873
874
892
911
923
909
874
865
874
894
917
931
933
930
920
927
937
947
958
972
932
908
921
924
937
947
911
893
903
912
940
957
940
917
917
929
940
939
938
923
892
898
900
908
915
912
881
871
877
879
895
902
896
895
901
915
913
922
924
899
876
890
890
905
914
930
915
901
917
932
939
947
951
926
937
948
952
964
958
930
925
930
947
958
955
934
928
936
956
967
972
968
927
933
946
964
979
972
959
904
840
814
811
826
843
840
845
870
887
904
906
904
904
908
918
932
930
848
852
913
896
835
822
837
864
886
845
849
874
872
893
927
947
963
963
965
972
976
977
983
981
978
986
960
941
947
961
979
940
902
910
909
925
901
922
950
970
974
962
923
914
907
903
918
891
816
798
789
787
790
786
768
761
751
736
727
723
735
747
764
768
763
733
712
696
692
712
737
755
723
720
728
756
766
767
781
773
788
787
757
779
845
875
901
872
853
861
890
922
944
909
910
935
949
968
952
962
938
934
934
903
871
891
926
970
992
997
976
943
941
936
951
946
915
867
888
897
919
944
907
891
896
901
908
899
891
891
924
951
942
924
912
918
924
936
936
898
882
891
914
942
956
920
898
896
905
900
899
860
865
888
912
932
943
917
894
899
922
939
959
924
879
887
898
936
965
929
897
908
935
957
967
962
959
948
915
896
909
928
944
929
884
870
900
937
968
967
931
938
948
946
932
924
927
912
893
901
919
944
961
965
944
919
930
934
933
928
937
898
896
906
932
974
976
930
932
937
947
951
932
894
904
914
937
951
976
953
925
938
945
960
971
963
913
892
901
927
953
969
978
930
909
924
945
951
945
919
893
905
908
922
931
936
906
866
893
900
924
926
905
891
889
896
896
854
842
847
874
916
945
959
939
947
901
879
827
790
798
821
838
820
822
848
888
909
928
904
881
898
915
920
948
970
968
939
953
974
984
994
996
968
949
938
939
952
930
851
788
678
750
750
752
757
750
744
737
730
724
724
720
712
721
704
688
674
663
663
668
676
686
697
712
715
713
713
701
689
676
664
652
654
667
696
755
789
818
846
870
862
841
838
827
831
822
813
799
797
791
780
755
723
721
730
750
754
756
755
749
754
752
740
750
749
752
762
760
761
763
757
741
751
767
781
777
786
789
812
834
861
853
833
839
845
871
845
801
802
816
856
893
902
893
881
886
901
849
818
798
762
778
804
830
857
889
872
826
771
736
727
741
745
764
802
865
911
916
851
824
825
786
773
787
787
798
803
845
861
787
765
766
785
780
795
802
793
813
818
786
765
781
796
812
854
896
918
938
948
940
936
812
771
781
795
815
803
802
803
786
774
771
770
765
755
771
787
796
760
762
784
812
830
839
812
815
813
800
756
751
740
728
728
720
719
719
718
715
713
706
712
710
716
625
637
643
652
663
654
665
676
699
718
736
752
758
750
738
729
724
713
713
720
711
725
726
718
713
717
710
697
697
693
691
682
678
681
688
699
697
698
707
713
722
726
715
713
707
686
684
704
714
703
696
688
683
683
683
680
669
673
670
676
670
675
664
665
668
660
663
661
657
647
639
630
619
609
604
608
614
622
634
645
657
644
647
654
661
662
665
669
680
690
679
677
672
657
653
674
706
709
728
746
771
784
768
765
768
794
800
802
801
798
788
799
792
765
758
757
767
781
785
778
787
801
813
832
823
820
815
841
851
837
824
838
805
790
770
730
707
737
788
863
892
907
906
907
893
855
826
827
839
848
858
883
897
901
890
895
877
868
868
883
896
896
889
861
842
842
813
778
775
762
750
738
732
727
721
710
717
705
688
675
675
670
670
689
699
708
715
707
702
689
680
679
671
655
647
643
643
648
650
663
660
670
671
671
670
677
674
674
671
661
666
694
712
719
724
724
707
703
699
698
699
688
684
687
681
675
667
658
654
638
625
641
639
645
645
632
634
639
649
651
653
657
659
656
651
652
646
644
639
634
627
618
615
611
607
608
620
633
640
644
648
656
653
649
651
638
623
615
612
614
614
608
609
604
600
593
592
596
599
600
600
606
613
617
607
607
610
627
658
704
691
703
714
743
740
750
730
723
729
734
746
761
781
771
753
750
760
777
769
764
753
730
716
702
704
721
729
736
733
728
712
702
694
676
662
647
645
649
654
651
653
665
679
696
689
675
676
681
667
660
655
655
677
694
689
689
703
692
706
768
802
824
780
787
763
751
761
769
746
748
759
772
787
798
767
723
701
679
665
652
662
672
672
669
673
678
694
694
686
682
686
691
704
724
713
711
704
686
679
691
698
704
699
697
705
719
737
738
728
729
726
717
724
716
705
716
733
756
768
761
763
770
786
797
795
771
761
766
774
785
792
785
772
772
775
765
757
753
727
718
717
706
680
673
671
667
658
665
675
679
680
678
687
696
704
693
685
679
666
669
688
719
731
742
771
791
803
836
808
771
766
766
758
757
729
739
785
812
838
834
839
872
877
890
874
836
818
826
841
852
843
847
860
882
911
913
878
881
904
927
906
852
827
799
798
796
779
741
724
711
713
702
717
756
790
799
800
790
777
748
724
741
801
837
829
805
820
841
872
876
829
824
865
884
900
907
914
941
940
929
892
823
802
834
857
854
883
917
946
952
922
922
924
932
932
930
902
874
892
903
903
900
876
872
880
893
902
915
876
861
880
893
836
790
804
836
864
855
855
878
915
930
921
894
876
867
826
836
828
836
830
865
856
855
864
874
855
857
844
856
868
870
863
887
891
891
923
941
932
965
938
863
846
857
851
878
928
952
985
1003
987
995
1019
1020
1048
1052
1030
1015
1001
1009
996
991
933
926
916
963
968
943
940
974
991
964
927
924
929
943
965
958
956
979
992
980
945
927
958
986
1024
1042
1021
994
1000
1011
1003
986
961
939
963
999
1020
1038
1015
990
999
1021
1026
1011
986
979
1006
1042
1063
1080
1087
1060
1043
1009
997
1042
1053
1050
1013
963
966
963
966
948
926
935
962
981
983
968
961
962
968
961
965
948
913
901
906
929
956
987
981
938
921
942
958
978
921
868
847
815
780
777
783
785
774
771
771
765
752
742
721
714
725
722
718
745
737
731
776
813
800
784
774
757
800
842
860
841
842
863
878
881
853
857
876
896
913
888
902
935
931
854
846
891
925
925
918
928
961
976
947
930
946
975
1009
977
956
974
980
996
969
963
975
979
989
971
966
988
1014
1031
1013
958
945
959
967
994
1008
1008
1024
1050
1069
1051
988
957
961
979
1013
1012
1027
1033
1026
1016
974
955
950
949
943
902
944
985
1000
1001
953
971
981
987
945
960
978
956
884
859
918
952
969
952
935
940
964
980
957
932
953
973
978
967
939
921
939
962
982
953
911
913
927
936
946
939
932
960
980
996
1002
1008
1006
981
980
990
990
1000
978
969
997
1014
1010
993
999
987
984
935
941
941
945
964
958
989
1002
1006
1001
965
953
958
952
964
974
940
934
957
974
999
986
974
985
980
976
965
920
858
835
883
918
961
939
961
990
1016
1009
961
949
946
947
943
942
968
993
1007
1018
991
1006
1028
1034
1032
1015
1029
1037
1041
1041
1008
997
991
985
987
988
946
954
974
996
1020
1007
974
995
991
990
977
953
966
996
1013
1014
993
977
985
1012
1023
1036
1009
1004
1013
1020
1037
1041
1003
1027
1054
1063
1077
1071
1014
1002
1001
1006
1013
989
1001
1009
1021
1005
982
971
979
991
1001
1014
970
970
970
973
1000
982
954
963
967
981
1003
983
1004
1043
1062
1047
1038
1005
986
993
1014
1032
1034
1002
974
1008
980
867
837
830
808
803
795
774
768
756
751
744
748
746
744
737
729
733
741
755
779
811
821
852
896
929
935
921
891
890
891
891
878
852
852
864
877
896
917
909
910
899
825
786
775
763
775
784
799
788
785
798
800
811
797
801
823
854
883
891
886
855
854
851
850
867
871
852
863
889
896
883
892
898
903
909
885
869
849
838
834
817
762
743
753
800
854
908
914
929
943
932
898
871
859
846
840
813
785
822
854
889
891
858
853
823
814
817
815
823
836
850
864
890
909
900
916
940
945
930
866
864
850
836
829
825
819
832
833
838
852
858
839
829
815
795
771
773
771
771
748
762
757
745
736
739
743
719
713
702
703
720
735
750
748
763
742
725
727
725
705
698
699
701
722
729
722
736
777
841
913
941
939
904
918
914
916
892
855
792
764
749
753
744
742
744
747
759
747
744
764
777
789
760
789
808
845
870
880
888
905
930
940
940
951
974
911
872
856
875
897
884
846
820
804
823
841
836
834
816
778
784
851
918
952
902
929
957
965
959
909
899
906
922
937
959
918
954
967
993
1003
1011
1009
988
988
999
974
901
925
938
928
896
911
912
906
883
920
948
957
959
930
942
946
961
980
989
976
952
979
987
1006
948
931
939
970
1012
1011
985
966
903
865
884
905
919
907
852
854
885
903
935
930
942
929
915
926
936
916
908
899
911
938
970
950
953
949
958
939
940
936
908
925
950
975
979
979
980
963
964
960
953
954
963
977
902
900
888
860
882
909
922
928
893
882
845
794
801
831
882
945
979
987
982
940
946
954
926
942
972
969
972
978
979
977
980
987
916
862
835
824
807
782
758
735
729
724
720
730
739
745
742
730
723
716
725
737
761
776
786
797
792
803
778
784
760
759
750
730
734
732
727
747
747
756
758
765
777
794
787
773
749
745
756
781
814
831
825
841
860
876
892
850
830
835
806
797
801
776
748
745
747
757
765
771
762
753
772
788
782
801
804
794
790
806
813
832
837
834
852
846
846
838
848
847
826
813
818
848
892
938
958
958
932
951
958
936
923
846
836
828
781
771
763
736
747
745
764
805
809
820
813
795
781
774
765
784
797
819
823
837
815
820
822
836
852
853
814
799
789
802
818
791
797
797
790
777
768
758
752
752
729
714
689
686
701
744
795
817
805
790
773
742
724
727
726
736
745
748
740
720
705
705
711
734
773
761
778
802
835
846
808
792
731
709
707
714
730
744
732
744
733
742
749
755
751
745
738
726
746
761
785
797
769
793
812
839
839
813
813
797
770
777
778
780
767
767
803
839
843
831
813
817
816
823
830
835
848
837
789
773
771
801
847
883
866
862
866
850
846
853
852
825
824
829
829
844
843
812
819
836
857
856
863
852
842
867
884
854
838
869
889
913
910
900
870
795
760
748
734
744
768
811
862
871
871
880
873
827
852
872
908
948
923
884
870
873
910
920
917
897
857
823
813
816
808
818
814
817
802
815
835
853
878
868
846
835
849
880
877
889
897
924
872
901
903
925
926
927
942
953
955
924
914
925
899
884
847
827
800
801
813
825
852
854
862
853
841
837
835
836
850
857
804
823
848
869
862
830
807
814
832
854
849
843
860
850
854
837
826
842
855
886
909
924
927
924
927
923
916
905
854
852
848
846
797
785
790
811
832
832
836
828
805
809
788
780
795
786
776
788
815
847
874
860
876
906
926
962
979
972
982
977
977
947
876
825
768
760
756
759
786
793
776
779
799
825
847
860
877
893
877
837
850
846
793
759
787
820
842
842
851
887
876
879
874
865
835
803
766
773
794
836
854
856
888
893
901
893
865
831
826
842
870
874
888
891
886
893
900
906
898
868
827
801
769
745
740
751
767
785
784
795
780
791
790
797
822
861
895
896
903
905
880
865
854
858
841
832
862
896
949
956
930
901
916
918
905
875
851
830
808
804
791
805
838
874
863
872
856
821
836
821
796
761
721
716
716
712
715
728
752
784
802
810
828
852
849
854
855
849
846
831
817
811
834
850
843
833
816
795
803
817
839
883
907
886
896
894
901
894
894
887
882
844
848
864
875
867
862
843
839
824
825
816
818
796
802
807
804
812
813
796
797
803
811
803
792
777
762
755
754
750
751
756
773
803
774
780
804
829
802
807
782
767
748
744
729
726
734
750
770
792
785
773
753
768
778
807
835
824
830
856
859
875
833
828
848
843
838
832
813
793
791
796
788
745
736
729
722
726
734
745
751
744
737
744
741
743
743
756
758
746
743
740
765
802
817
840
855
876
867
854
833
797
777
786
813
855
880
872
829
827
829
843
842
857
869
881
884
887
823
753
745
757
769
772
768
769
755
757
771
807
832
854
861
819
795
781
794
793
795
749
745
752
759
772
771
774
763
754
742
729
729
734
746
758
717
723
736
731
753
740
729
733
728
750
779
816
835
841
841
814
826
849
865
880
840
822
831
834
852
837
823
844
859
867
851
850
863
872
848
821
807
778
755
726
706
704
709
724
755
759
761
778
795
818
833
844
838
820
806
828
877
904
900
876
853
821
791
741
756
776
783
791
818
847
845
845
870
872
864
865
880
893
892
900
910
910
889
893
912
925
921
896
904
903
887
862
888
908
942
926
926
931
928
910
908
912
910
928
941
922
897
904
932
948
958
921
900
912
919
931
917
921
927
932
937
899
901
916
925
896
853
856
883
899
892
899
921
931
929
912
924
935
949
966
941
897
885
891
890
871
881
893
916
938
933
943
963
979
980
955
921
927
935
925
876
855
854
875
869
828
832
842
849
855
854
849
854
868
907
905
881
896
903
927
914
872
852
885
910
918
932
941
935
923
899
880
846
815
809
814
817
833
835
846
859
872
890
855
831
842
875
912
938
933
919
926
944
940
924
885
892
914
933
918
883
879
907
904
912
920
867
879
902
925
931
932
909
892
904
919
941
930
892
896
911
897
914
923
907
916
925
889
889
902
926
954
961
909
918
925
932
910
905
909
910
873
877
903
934
952
954
931
901
910
930
939
910
853
835
811
768
746
762
776
795
826
848
846
858
842
835
856
882
891
899
913
924
928
922
881
896
926
944
947
936
883
874
893
920
949
959
946
905
857
885
912
940
945
898
910
898
894
896
896
875
847
846
874
907
938
950
968
956
941
944
942
930
905
901
898
920
933
962
974
965
950
896
901
908
886
909
922
885
849
852
861
889
911
884
892
902
926
932
947
957
937
913
880
887
912
930
931
908
899
888
850
835
864
899
934
959
965
965
965
954
928
922
928
887
819
806
864
930
959
966
973
973
975
973
938
896
876
891
905
911
929
893
854
864
888
912
924
913
892
905
923
933
950
953
953
918
909
924
947
954
927
913
914
912
904
870
823
782
778
825
872
862
894
927
943
927
923
895
870
874
880
885
885
904
921
913
918
945
957
951
955
952
960
959
942
952
966
896
851
864
866
871
897
911
912
915
904
871
854
860
876
890
879
903
919
946
966
972
977
980
983
973
962
935
893
890
905
901
897
886
903
903
863
841
835
818
784
783
771
792
794
798
801
803
817
830
823
836
873
917
951
952
956
957
955
962
968
974
973
978
982
961
893
848
772
759
775
812
848
811
825
855
885
908
924
930
910
875
854
869
898
899
906
908
878
878
885
879
888
897
893
864
846
852
871
897
896
848
847
829
848
854
854
838
828
840
847
852
854
855
859
883
915
933
943
929
917
906
897
872
844
825
823
771
760
778
800
829
821
836
863
888
904
923
913
906
901
886
850
856
886
905
921
957
968
977
964
944
935
921
915
894
854
872
908
959
982
991
979
969
942
915
915
860
872
906
937
949
941
876
891
908
923
935
930
930
851
847
851
869
885
880
836
839
840
852
855
876
860
854
848
835
841
860
868
865
863
858
876
905
928
947
950
947
954
963
974
990
979
932
873
880
893
927
923
831
832
881
920
936
921
907
905
909
899
875
854
825
830
810
793
776
768
763
767
759
738
733
724
713
683
675
676
677
692
713
733
754
769
778
794
804
817
836
847
844
853
872
894
896
881
880
870
855
835
787
786
800
838
872
874
857
832
837
839
842
855
859
861
859
853
839
829
825
777
791
803
822
835
835
826
813
796
810
831
865
867
856
848
853
863
866
839
827
842
859
883
894
892
884
893
890
856
804
809
824
823
827
823
815
803
821
830
848
871
889
907
923
916
911
889
855
856
874
896
898
891
891
866
857
852
850
830
832
839
861
866
854
835
843
858
858
861
866
854
859
873
885
892
879
843
839
850
856
867
869
861
841
844
849
862
875
881
888
845
796
788
785
798
816
823
824
815
804
813
830
854
875
887
884
871
848
848
860
879
894
905
904
893
896
867
865
862
814
783
786
777
766
778
798
817
831
847
849
834
817
825
811
814
814
813
840
880
896
929
907
874
863
866
855
845
834
812
810
824
841
829
833
853
863
831
819
834
837
835
842
853
866
877
888
894
893
884
872
843
825
829
844
865
891
879
831
829
849
867
834
830
834
839
815
787
771
769
767
742
726
719
707
696
691
689
698
708
708
705
679
680
673
665
665
668
652
645
650
668
675
674
682
703
731
753
767
779
775
741
753
753
766
777
793
789
763
768
775
798
794
782
768
744
741
729
740
764
767
750
746
743
718
735
744
728
729
708
706
707
701
696
695
687
689
690
693
701
689
693
702
704
710
742
767
810
832
800
822
830
795
796
810
812
813
806
805
807
814
796
817
846
897
938
938
888
892
884
891
889
847
860
881
907
885
877
901
912
901
876
887
898
903
876
876
887
895
919
914
909
926
925
906
898
915
928
918
890
907
910
919
902
902
924
925
925
907
915
930
937
933
937
910
876
871
893
930
927
907
925
934
951
964
940
921
944
971
997
1011
978
963
965
978
982
977
955
947
963
979
986
954
945
950
968
965
927
942
945
961
960
934
943
974
978
967
955
939
943
960
951
951
930
924
976
1003
1019
1005
966
963
961
954
950
926
904
913
925
951
951
931
923
937
943
956
933
910
930
953
966
973
947
934
928
918
922
916
907
923
943
953
948
932
943
927
917
890
896
902
908
897
902
909
918
929
927
943
955
965
967
973
968
933
905
919
932
957
939
902
851
808
793
772
759
739
737
731
730
735
729
708
704
699
701
699
692
684
679
671
657
646
646
654
664
675
702
732
759
747
735
708
703
696
683
679
673
678
685
689
693
702
704
699
694
690
683
688
696
689
705
729
751
766
776
771
762
748
743
729
709
705
715
728
749
754
739
738
735
737
726
710
712
715
724
739
735
725
715
712
718
729
738
709
707
719
734
717
714
716
729
738
717
723
738
746
761
765
769
778
770
764
763
756
746
711
706
714
726
725
749
766
803
799
773
714
727
752
782
823
820
817
772
746
739
738
741
749
741
717
717
727
746
763
778
776
778
765
752
743
755
786
799
799
780
752
728
712
718
725
734
736
727
713
708
707
726
748
759
758
752
731
714
715
720
730
732
724
719
710
699
692
679
684
688
682
677
678
684
688
684
700
703
716
737
751
752
750
717
700
694
688
697
700
703
704
706
691
684
685
673
684
694
692
693
703
687
677
675
675
676
679
682
682
677
681
683
670
666
650
652
663
674
669
651
649
641
629
626
625
618
614
615
619
624
639
652
667
676
679
688
689
677
678
677
666
659
658
653
647
651
654
646
642
644
650
649
646
653
671
697
692
681
669
667
662
666
663
678
687
695
693
701
709
721
713
713
710
708
711
704
700
733
784
816
809
778
746
730
734
723
709
714
728
753
789
818
820
774
720
701
696
709
710
711
728
753
755
741
753
771
779
807
833
854
861
885
883
839
836
787
770
769
753
741
738
731
714
721
725
722
729
764
805
849
863
891
909
889
857
842
786
783
764
764
774
793
782
792
821
848
875
872
857
860
866
866
839
863
881
892
863
887
907
918
897
890
894
901
900
911
926
910
898
922
943
932
882
878
886
866
822
807
826
855
838
853
826
772
761
752
741
725
731
734
729
720
710
695
698
701
702
709
714
721
720
719
724
739
748
774
797
814
827
842
854
840
828
834
842
856
845
802
791
786
781
795
822
848
860
870
870
869
846
836
848
830
796
806
771
774
800
832
863
866
837
800
783
764
760
765
786
806
794
786
790
800
779
799
809
810
820
818
824
819
834
843
857
869
863
871
862
838
809
814
818
792
788
790
778
750
484
942
729
709
690
705
724
744
777
797
800
806
824
840
865
881
836
825
832
854
881
882
861
885
914
947
921
899
924
947
965
972
927
926
937
952
959
949
921
924
948
968
990
953
946
945
945
908
889
901
906
925
911
899
921
933
947
928
910
901
908
922
926
898
905
903
928
943
918
893
895
918
937
926
916
943
949
958
933
922
919
914
897
906
921
933
927
931
937
945
931
913
922
934
932
911
917
928
930
910
901
909
922
929
925
936
944
945
862
845
827
825
802
807
807
813
827
823
819
832
855
885
906
922
910
910
916
932
950
930
911
909
928
955
951
945
946
946
937
945
955
963
942
927
919
918
902
923
940
937
916
924
931
943
918
915
922
948
968
985
960
947
940
947
958
952
920
926
935
956
966
972
971
973
976
977
981
948
886
898
929
968
994
952
952
955
950
914
923
925
931
912
926
915
913
902
920
925
924
933
925
926
938
947
972
982
973
934
891
848
830
823
788
789
775
753
735
728
724
719
716
704
695
688
691
696
705
713
716
720
725
728
724
706
699
708
716
729
741
757
780
764
745
750
756
758
759
749
745
757
771
788
788
787
801
801
802
778
752
748
748
755
766
754
766
777
791
792
781
781
760
756
731
732
729
716
719
719
727
705
693
687
688
679
667
673
684
704
731
747
763
774
798
794
772
765
745
739
736
741
730
734
739
743
737
734
740
736
731
712
696
681
681
701
721
730
749
773
793
810
792
765
765
781
829
880
881
890
904
896
878
873
867
863
849
836
837
834
826
828
857
864
830
798
797
797
787
788
784
767
766
766
759
740
735
740
728
734
752
775
796
785
761
783
804
833
872
895
907
426
453
847
837
878
896
898
891
877
862
840
843
824
835
876
898
885
921
928
929
904
908
916
931
898
836
820
802
787
772
790
814
829
837
843
847
830
819
810
815
832
843
850
848
836
830
829
809
787
784
803
846
865
834
847
881
901
925
927
917
914
854
855
859
859
876
882
881
835
835
836
860
874
880
816
819
822
829
842
834
833
807
796
804
768
771
788
799
815
812
771
756
800
845
880
905
896
898
877
866
851
828
810
768
749
743
736
734
752
765
808
846
863
843
823
799
769
767
777
796
793
796
784
762
767
769
759
739
738
735
758
796
839
849
871
877
860
837
799
783
754
749
754
772
791
811
818
816
815
790
783
797
798
799
798
796
786
795
783
755
743
732
730
728
703
703
697
695
706
701
716
728
740
714
727
744
757
767
784
743
751
748
748
740
722
726
715
702
693
687
689
705
713
742
741
736
727
731
729
729
692
677
673
672
680
672
663
654
643
639
643
648
656
679
706
730
729
733
732
717
720
723
724
727
729
727
710
714
711
702
694
707
706
696
700
704
684
696
709
727
745
733
712
690
672
670
673
681
688
681
677
688
684
691
705
708
708
713
709
714
718
747
766
800
813
792
786
806
841
892
884
886
898
904
884
883
881
873
851
827
838
854
871
872
884
912
919
905
849
838
859
875
893
892
874
887
911
933
943
908
896
913
921
936
929
907
935
953
942
899
902
895
883
856
870
883
905
902
919
923
937
923
928
932
932
941
960
964
954
963
979
987
964
979
997
1006
1003
977
978
979
979
984
951
934
959
978
990
977
975
982
977
947
948
955
953
949
942
927
928
934
904
923
939
963
966
944
957
960
969
974
976
936
914
936
954
976
974
963
962
970
983
979
981
947
921
940
962
982
986
956
956
962
960
958
949
922
924
937
959
965
970
944
939
939
945
957
943
918
927
938
966
976
965
938
931
925
938
952
953
927
934
956
976
995
977
965
969
974
974
938
917
914
924
952
947
968
983
991
981
969
966
967
940
919
935
958
982
981
952
936
942
955
964
942
942
949
955
971
954
950
946
943
951
960
953
957
978
993
992
966
943
948
941
952
953
932
912
919
931
960
957
954
970
978
979
960
936
944
948
938
950
939
936
964
1004
1027
1025
990
961
944
937
939
923
904
917
934
947
922
910
922
928
916
928
907
896
905
879
810
798
841
871
877
890
922
950
978
935
908
915
917
930
943
945
952
962
972
979
982
952
936
938
960
983
989
969
961
956
953
957
950
951
945
947
952
923
911
926
926
953
947
920
872
849
801
772
749
757
746
736
750
760
769
763
744
739
757
773
798
829
845
820
807
826
861
908
937
911
904
922
938
962
929
910
923
936
946
920
882
898
938
978
985
978
942
937
943
963
947
938
959
966
954
933
935
953
966
936
924
948
967
989
976
962
965
969
968
970
942
930
936
948
974
971
943
949
968
979
999
956
941
966
977
998
986
973
975
971
972
955
942
961
979
997
974
959
970
969
971
946
934
955
979
993
979
963
957
966
980
953
939
943
951
937
909
911
927
938
944
924
936
942
951
929
902
908
918
924
931
928
900
903
927
941
951
943
929
932
941
946
940
928
932
946
967
965
967
929
918
927
938
946
929
915
929
930
939
938
933
940
947
935
910
920
933
939
942
952
922
904
921
916
885
905
919
929
898
905
913
927
919
896
908
923
935
938
945
928
917
922
935
941
890
890
906
946
989
997
953
926
931
946
963
942
920
931
936
951
957
944
914
918
935
961
979
965
939
935
936
939
927
925
929
954
956
955
904
914
921
934
938
937
938
931
938
946
925
904
911
930
952
953
920
902
915
932
944
920
910
910
920
921
921
908
919
918
925
920
925
934
949
959
947
914
896
904
921
942
935
909
904
909
928
932
914
932
947
955
946
940
957
965
962
937
913
909
915
923
921
930
922
939
948
938
923
928
937
949
952
930
911
920
929
935
938
931
913
933
948
963
951
913
903
922
945
964
946
925
939
927
935
925
904
912
913
939
951
940
940
950
962
963
947
924
939
937
944
954
894
887
901
924
899
872
877
888
902
902
911
909
918
932
952
913
820
784
768
756
762
783
795
764
749
743
737
726
725
726
732
726
720
716
715
711
714
711
707
710
720
742
767
810
839
840
837
822
817
831
844
854
824
817
835
888
932
959
961
954
939
916
904
888
846
816
835
874
922
941
947
891
865
854
820
809
813
823
823
812
795
792
765
747
767
796
833
865
883
888
899
878
844
857
890
932
956
920
881
880
898
929
958
958
936
936
952
952
948
937
912
904
909
919
930
927
913
883
884
897
904
924
911
883
893
899
915
911
893
867
866
875
891
912
937
929
905
909
921
938
941
949
920
906
911
934
941
949
931
908
908
911
925
926
913
894
902
922
939
946
951
929
903
896
911
928
945
942
924
902
907
914
938
946
946
908
864
871
890
904
921
914
883
889
890
912
924
924
929
922
920
922
913
877
866
885
916
927
911
866
868
863
821
811
819
830
835
816
803
791
775
736
718
702
700
703
708
715
698
696
722
758
787
791
767
773
784
763
734
728
725
740
756
772
791
762
743
768
788
816
839
848
857
866
867
873
878
876
843
835
854
893
913
922
884
885
895
916
929
915
899
857
826
798
793
807
829
815
823
831
838
844
841
815
813
811
821
839
852
816
788
783
789
784
792
794
794
788
758
748
746
750
757
782
817
854
865
844
822
793
790
791
799
819
848
854
884
859
828
833
859
861
836
813
819
856
903
931
914
912
916
906
850
853
867
889
895
897
909
907
914
902
900
877
846
847
872
890
915
893
863
861
869
889
925
930
912
910
911
911
926
920
907
892
889
879
844
833
850
868
890
879
856
865
882
886
887
861
865
859
867
865
864
868
878
873
856
838
822
827
836
847
857
849
823
803
807
783
745
741
775
795
778
770
790
803
845
869
878
862
860
857
865
850
845
874
899
915
930
931
909
879
884
898
902
901
906
885
862
871
880
893
917
907
869
869
876
875
886
872
855
862
872
887
897
875
846
852
862
896
934
938
941
936
925
920
903
898
860
817
827
840
880
915
884
852
863
856
865
850
847
855
872
873
861
869
881
891
890
877
861
839
834
844
880
899
905
891
867
871
873
890
891
871
849
855
875
892
901
900
893
855
855
859
875
895
895
872
828
823
843
858
855
791
736
736
738
771
795
821
831
819
802
773
760
737
707
698
686
675
666
649
645
638
633
632
630
621
619
623
634
644
649
651
646
645
650
655
665
669
663
658
647
638
638
637
644
656
676
693
725
747
761
764
761
744
720
696
681
679
693
712
732
741
749
753
729
731
743
775
804
827
804
798
795
788
763
731
729
718
718
702
699
683
663
671
669
671
685
688
697
708
719
704
701
705
726
754
792
813
799
811
842
881
890
875
848
850
842
854
798
799
796
768
749
752
747
727
725
716
700
710
713
709
698
700
695
688
688
688
698
710
699
683
679
680
677
672
666
673
685
702
711
708
713
714
734
763
787
755
746
730
713
705
732
755
756
741
758
774
785
762
771
779
791
788
785
799
802
813
809
808
799
801
780
751
752
755
732
739
738
736
733
733
726
725
729
729
738
739
729
721
729
757
790
823
796
809
821
826
824
808
769
730
725
716
713
708
690
700
700
701
697
695
696
706
725
721
722
723
716
717
708
714
728
748
765
771
771
782
820
850
846
817
815
830
794
745
744
774
789
802
764
757
765
765
768
758
734
736
754
806
867
908
916
905
885
875
885
887
886
880
861
833
834
861
900
923
921
862
839
847
859
875
874
842
831
844
864
882
870
846
853
858
865
855
800
787
768
748
759
767
782
783
778
798
809
830
846
859
853
838
834
859
889
911
916
887
867
886
898
915
940
922
887
887
893
916
916
884
866
870
897
911
899
873
886
896
911
912
898
874
873
886
888
897
879
854
857
878
894
905
851
827
830
830
827
801
798
811
825
838
843
804
805
823
842
876
888
849
828
836
852
866
875
878
861
850
853
872
871
886
893
892
867
846
851
863
872
876
854
821
822
826
835
851
827
828
836
849
866
854
823
799
805
815
834
855
836
815
825
838
855
868
878
868
859
874
878
876
859
845
851
857
890
891
874
887
890
885
896
871
864
864
868
873
874
848
839
833
843
827
839
851
851
840
814
814
820
827
842
832
833
841
860
870
875
864
850
844
846
863
886
881
848
827
843
857
877
873
865
875
892
894
896
870
841
839
849
866
887
888
879
894
896
893
903
875
841
830
836
846
876
875
861
850
859
869
881
890
881
861
856
868
869
875
856
843
850
850
860
860
845
812
807
803
826
851
877
880
860
861
877
885
901
893
864
864
883
897
905
900
873
845
842
854
867
886
887
866
877
888
903
902
896
874
843
838
838
854
876
889
874
848
850
867
898
881
839
829
813
793
770
764
764
753
756
753
762
772
791
811
823
838
835
825
826
812
817
846
887
903
910
891
885
886
889
879
853
825
830
848
867
887
874
854
854
865
869
880
883
870
875
883
897
901
892
867
836
841
845
870
896
883
860
853
868
880
891
869
850
854
860
873
879
874
859
856
865
874
884
889
851
796
781
777
781
788
794
790
813
838
851
866
865
860
866
862
863
873
851
831
830
861
901
919
916
901
876
863
879
891
890
858
834
836
858
883
904
906
885
869
873
889
917
913
901
887
891
901
910
907
885
860
863
887
910
922
896
874
868
874
884
901
895
875
879
896
915
940
916
881
880
885
895
898
892
874
862
875
885
904
889
860
859
867
880
893
879
859
854
859
875
874
875
850
845
856
880
885
877
855
844
852
872
887
893
864
850
854
874
891
903
871
859
866
889
897
902
887
876
867
873
882
883
864
872
892
902
906
874
857
865
884
895
893
873
866
867
882
884
874
852
849
853
871
874
865
851
859
868
886
886
843
818
813
818
800
788
805
813
835
848
801
783
785
791
809
799
785
794
802
813
822
833
829
821
834
861
894
921
933
938
938
924
906
872
864
878
901
925
931
905
873
867
882
908
920
925
898
880
888
914
903
853
821
794
781
761
725
711
693
692
720
757
776
742
743
752
728
709
718
739
765
782
768
770
786
813
872
881
858
851
877
911
928
927
889
854
847
847
863
869
852
848
863
872
879
886
893
855
847
847
852
862
874
860
831
837
844
852
840
804
791
797
806
823
799
762
756
766
795
814
837
826
809
813
817
814
833
831
811
814
834
870
902
911
886
859
862
863
858
873
879
856
854
864
884
900
921
885
841
832
847
882
895
887
835
804
807
801
780
792
803
813
840
835
808
801
808
806
826
817
797
815
848
861
855
831
828
849
858
881
894
899
908
871
833
833
851
888
912
914
889
867
859
866
838
798
808
810
825
823
819
833
842
845
850
838
832
845
859
884
890
886
861
833
832
853
876
900
910
892
860
856
867
857
864
857
836
821
833
846
867
879
864
838
824
828
848
869
885
900
868
820
833
836
783
753
770
750
757
774
800
829
844
837
815
823
842
854
869
889
874
850
851
862
879
908
912
884
848
853
863
886
902
892
887
859
857
868
881
889
885
871
844
833
850
877
896
906
903
867
824
827
857
889
914
913
892
890
891
884
871
872
836
813
815
832
859
891
911
913
911
902
883
787
733
726
727
730
755
772
785
777
781
794
798
795
792
783
749
715
713
703
705
704
687
687
683
673
667
659
656
656
657
655
644
641
640
646
644
639
632
633
644
651
647
635
628
636
655
667
685
693
692
686
674
665
669
667
676
676
696
715
727
735
744
748
760
751
722
723
752
801
793
784
795
812
827
836
840
837
846
830
800
792
807
838
836
836
852
827
803
775
731
724
728
736
767
797
800
799
786
793
809
844
861
813
820
825
833
814
793
782
771
773
746
710
690
704
729
770
805
818
817
790
769
772
800
853
895
873
893
909
915
918
907
876
842
838
864
895
916
926
937
941
925
911
898
889
855
823
813
831
846
832
795
789
777
780
784
764
768
786
808
835
854
859
833
826
835
855
888
907
885
878
875
833
832
822
830
828
813
794
793
785
772
779
792
781
804
796
818
801
815
818
830
854
851
879
884
854
831
840
837
798
773
778
770
772
785
808
823
839
860
873
878
825
806
830
869
909
886
841
844
875
925
970
990
992
994
981
960
935
871
858
892
926
935
938
917
880
889
927
949
961
958
904
882
883
890
902
890
836
848
858
867
852
844
874
909
936
936
902
872
865
886
926
909
892
879
865
873
874
896
925
905
865
862
881
908
933
953
950
952
938
914
923
944
973
972
977
946
913
916
940
954
965
948
910
919
938
955
957
940
896
884
893
909
940
930
891
888
898
915
924
918
883
860
863
881
904
911
890
882
914
946
967
970
970
965
950
915
892
912
953
979
985
947
924
919
947
971
982
942
928
938
946
951
951
911
877
878
893
919
929
906
918
932
947
956
939
898
890
896
902
909
913
885
866
881
899
929
936
914
884
888
896
908
919
913
887
882
899
912
929
926
898
917
927
933
943
916
847
842
842
847
848
828
858
893
913
928
917
909
926
939
952
963
970
971
945
927
930
949
969
942
889
901
909
916
918
889
907
933
955
971
969
946
899
900
926
924
875
855
854
862
897
906
887
880
903
898
918
911
905
918
950
967
948
927
926
918
888
905
916
933
941
920
890
874
880
902
908
923
927
923
892
903
925
959
976
968
921
902
909
917
934
925
898
899
899
909
885
867
883
902
920
932
946
938
935
917
898
867
864
890
938
963
962
940
938
956
962
952
861
842
809
775
750
755
758
763
754
741
723
727
722
708
702
701
687
670
673
683
688
693
688
687
691
700
704
715
720
728
746
776
808
836
852
857
827
830
827
822
827
848
867
880
870
869
861
840
805
805
818
847
872
885
882
880
851
844
850
861
882
907
897
847
799
808
798
793
814
834
863
868
883
887
896
888
870
865
869
873
864
875
896
854
841
793
750
729
724
721
724
732
725
715
706
708
729
770
818
883
897
919
954
982
984
970
925
894
900
905
914
919
844
825
819
835
834
833
840
837
813
811
820
847
850
837
792
786
779
781
788
789
762
757
759
759
771
791
815
811
808
823
825
785
779
765
772
766
781
792
807
805
805
810
826
850
851
812
835
879
930
908
877
887
936
978
960
936
938
960
973
979
977
938
905
914
951
969
973
936
901
901
923
942
965
931
888
898
914
955
970
942
918
941
954
973
976
943
927
944
967
999
979
952
964
998
1003
975
937
946
963
980
950
968
981
994
996
980
968
982
1000
1006
1011
973
942
957
975
997
989
950
953
973
998
993
957
952
963
977
993
981
948
950
974
984
982
955
943
953
972
986
995
976
953
967
990
1002
986
950
951
958
981
993
972
954
971
983
995
967
934
944
959
970
976
948
922
938
943
961
941
920
925
938
947
962
949
933
932
949
952
953
928
937
938
898
867
886
900
923
919
920
933
938
945
916
887
901
917
950
973
974
941
924
941
960
958
965
940
906
906
940
973
969
896
887
860
856
831
840
843
854
868
867
859
870
895
920
933
944
924
896
907
932
964
978
982
949
925
934
944
970
977
961
945
949
963
983
984
965
949
949
957
966
979
959
939
932
938
942
929
913
920
943
955
953
933
908
914
926
938
942
943
912
893
906
925
944
962
965
967
898
812
773
779
757
729
715
717
725
729
718
717
712
722
718
711
703
690
674
672
669
677
687
701
712
719
739
745
751
758
745
757
765
772
764
757
729
722
726
749
776
785
792
787
775
782
793
800
806
798
790
794
804
813
837
848
845
835
822
798
795
804
823
855
877
892
854
813
789
774
760
738
728
731
731
704
713
716
696
689
691
695
717
720
727
728
738
734
750
754
761
775
799
809
782
798
836
892
929
900
866
877
905
950
963
928
882
899
924
929
966
975
981
957
919
913
921
923
928
943
921
901
914
938
951
962
938
878
872
880
907
936
908
891
904
930
934
938
911
880
878
895
908
932
924
898
915
932
943
945
934
899
900
920
940
957
957
919
918
933
950
962
946
913
928
952
954
955
958
928
900
916
962
978
992
991
948
931
934
960
969
961
932
933
917
908
880
870
885
901
912
902
880
879
907
925
936
939
908
900
913
930
949
972
984
986
961
938
947
964
971
973
941
920
939
977
1014
1028
1008
976
971
973
977
981
980
952
950
981
1004
1015
1018
987
974
976
995
1009
1011
998
963
940
952
968
984
986
962
970
984
996
1003
980
949
957
987
1007
999
966
948
952
975
1003
1011
989
995
997
1004
1011
961
925
937
957
983
987
960
940
953
964
974
976
967
956
966
981
1000
1006
970
943
943
959
957
945
932
947
965
979
997
984
974
979
991
998
1002
971
945
950
976
1002
1015
985
967
946
908
889
840
844
860
887
894
854
849
856
889
906
928
935
905
846
760
753
727
711
738
732
742
719
702
696
700
705
710
713
708
712
691
675
663
669
676
676
688
718
761
786
772
781
797
813
827
831
791
783
790
813
837
846
832
832
840
859
842
826
813
804
800
803
804
800
795
786
797
813
831
825
817
773
782
787
785
807
812
810
804
784
759
774
789
817
800
787
800
797
813
819
820
819
804
816
833
837
854
857
847
825
803
805
818
852
893
883
908
943
954
960
932
926
920
925
928
921
891
867
835
806
809
824
852
890
888
897
915
923
923
904
902
903
896
870
879
891
925
919
928
939
955
943
920
901
881
870
854
841
790
778
792
832
885
883
890
905
926
931
931
930
920
913
906
880
889
885
865
850
813
806
813
827
824
829
850
858
859
846
824
800
794
817
846
856
873
863
856
877
884
901
916
891
866
870
881
896
903
900
903
920
912
858
820
796
755
756
763
773
791
804
804
805
819
829
810
787
779
769
773
804
877
922
935
919
926
938
961
969
970
947
917
923
929
937
923
902
896
864
842
809
809
804
798
751
733
737
751
771
769
774
782
798
783
790
816
858
874
850
863
894
926
941
928
946
955
968
961
924
907
911
906
888
796
753
777
794
804
824
802
807
795
786
779
767
767
769
760
750
759
752
751
745
749
765
780
767
754
728
715
705
700
704
705
712
709
698
695
711
738
783
823
864
878
853
836
835
833
807
813
817
823
814
825
865
909
930
908
910
937
946
947
945
934
907
917
931
942
959
962
942
933
931
929
942
924
897
913
929
939
919
894
904
905
910
907
886
871
883
837
815
830
834
838
842
869
879
887
851
862
875
895
928
928
919
893
889
911
939
960
964
930
914
930
924
909
928
874
854
914
954
969
972
952
942
908
861
887
927
955
954
909
921
949
972
991
976
974
977
989
1014
1001
975
957
975
994
997
992
954
952
968
986
1007
982
963
973
978
992
960
923
917
930
934
618
338
946
916
898
906
938
948
951
937
922
937
958
976
989
979
938
899
901
885
887
930
958
941
934
895
882
843
831
834
849
844
825
852
885
921
936
936
934
944
952
969
990
996
990
940
928
962
985
998
1004
956
917
891
888
918
948
924
880
853
833
818
839
846
869
891
878
896
909
938
962
981
982
925
923
943
949
973
992
944
951
955
965
972
978
963
918
912
931
964
999
1011
1009
1010
1011
1000
965
925
924
954
979
977
947
906
917
933
972
1001
979
970
990
998
1004
999
988
967
930
938
967
995
1006
1006
984
962
970
988
998
1014
1000
964
965
966
975
986
965
946
968
991
998
1005
978
958
964
970
999
1011
982
974
989
1010
1025
1028
1023
981
972
982
993
1028
1039
1008
992
1006
1016
1023
1003
969
981
1000
1005
1013
970
940
939
958
990
936
925
940
949
972
953
930
938
945
966
980
951
962
959
966
969
965
964
969
972
983
976
946
895
935
938
938
933
949
971
960
881
874
851
816
771
747
735
738
741
739
734
712
688
695
687
700
720
720
755
760
747
746
736
736
726
731
733
719
734
746
760
756
771
784
790
783
760
752
741
738
729
731
732
720
729
731
736
746
737
739
745
757
761
778
779
804
808
819
808
809
792
797
777
773
771
736
737
736
748
744
747
737
739
733
728
709
708
708
733
777
813
803
817
841
848
845
857
840
837
857
872
860
854
862
885
900
917
930
933
924
920
932
941
966
939
943
911
891
899
900
855
829
824
788
781
777
779
768
768
797
838
863
868
862
818
807
808
803
823
833
835
832
841
846
857
889
915
912
892
895
908
883
894
878
844
840
797
765
761
768
773
786
806
807
802
809
805
801
788
765
760
766
811
844
881
877
868
831
859
902
935
954
937
921
894
893
874
862
853
861
856
860
869
873
874
868
868
827
814
816
816
822
839
848
837
819
794
811
814
806
816
832
814
826
813
774
788
797
801
804
797
772
775
771
751
744
757
745
750
766
777
798
820
842
845
854
848
838
824
784
773
801
842
879
900
860
871
868
867
854
854
868
862
844
854
846
848
830
840
864
880
868
853
841
834
837
832
806
803
815
812
783
785
786
803
798
829
858
879
860
873
871
861
865
881
867
883
893
883
857
869
879
880
917
910
909
920
933
927
891
902
893
907
922
914
893
892
863
873
868
839
867
872
886
885
882
870
863
835
827
810
803
794
794
794
803
796
779
783
800
807
824
858
902
929
968
965
950
960
950
926
915
908
879
873
869
868
854
858
851
825
829
832
847
855
857
861
885
899
895
909
870
803
777
810
818
826
854
879
904
886
867
875
894
916
912
914
944
1000
1016
993
1021
1022
1006
993
959
927
897
894
892
878
846
843
848
840
844
852
868
877
889
920
944
968
964
965
979
984
980
970
976
983
1003
979
959
957
946
914
909
914
888
896
900
866
833
821
850
883
911
949
969
978
958
923
876
840
853
858
874
885
867
843
845
858
877
914
919
905
917
920
938
947
942
952
962
924
881
873
883
872
885
913
916
915
894
896
896
870
890
895
882
882
911
924
943
936
953
961
954
948
971
967
957
943
963
971
982
968
979
991
1004
983
973
972
968
962
962
968
963
926
918
933
951
949
949
953
931
885
892
878
852
844
850
870
890
914
932
949
939
953
968
985
979
983
1017
1025
1034
1010
1004
1001
991
978
974
979
948
959
979
992
970
961
967
983
988
964
972
984
939
892
887
864
848
844
838
834
808
795
796
807
824
851
863
855
880
890
884
907
899
890
879
874
856
827
828
838
830
815
834
847
825
867
919
962
957
965
972
983
982
984
973
979
991
1006
998
984
959
979
999
1011
983
974
988
1014
1032
998
979
981
991
995
948
927
931
946
916
933
943
921
928
925
936
932
883
870
868
859
861
854
863
862
855
836
845
861
890
902
885
877
850
816
820
827
824
807
829
853
883
896
866
856
796
756
770
767
789
793
800
778
785
778
773
759
771
770
767
763
752
762
759
772
759
772
778
794
814
843
860
868
871
878
893
886
876
890
908
934
942
929
924
927
925
916
932
938
952
926
925
917
913
906
920
929
923
912
898
903
892
895
901
913
905
928
927
917
919
925
935
918
922
927
918
912
923
938
920
925
934
873
866
867
873
850
854
830
786
776
769
765
745
746
747
755
744
747
747
761
772
771
785
809
820
805
835
872
890
875
885
868
878
895
877
880
882
886
882
856
840
860
899
920
920
951
942
918
898
902
904
894
895
892
872
857
861
866
865
857
859
816
804
799
786
768
741
729
729
740
761
769
806
827
834
854
857
842
832
828
808
814
831
849
851
896
940
962
940
925
884
882
870
861
869
855
840
837
838
835
848
861
864
869
863
887
911
948
964
948
917
910
919
936
931
917
904
890
879
888
886
861
869
858
855
853
833
845
856
841
835
817
832
848
867
864
862
866
844
821
835
842
831
835
821
798
804
797
784
792
822
842
820
823
835
851
865
862
877
878
874
896
928
938
924
928
932
940
918
900
896
906
906
892
894
896
865
821
776
754
760
766
780
809
813
836
848
839
854
884
896
907
915
908
902
896
897
897
888
906
900
907
926
945
941
947
964
959
937
941
934
914
908
900
896
872
844
849
854
836
868
885
916
922
888
836
786
755
729
702
678
667
664
691
769
863
902
912
958
961
957
918
904
861
795
763
753
782
793
800
781
811
815
825
841
851
840
854
844
823
822
826
834
842
798
777
851
895
892
901
877
883
893
861
839
846
857
865
867
870
845
834
799
794
810
819
818
819
813
776
790
824
903
943
953
922
911
937
951
979
933
912
899
881
822
814
827
820
810
819
836
822
794
793
795
764
745
756
773
790
770
753
766
786
811
829
858
876
861
857
856
839
847
846
853
831
863
849
853
850
862
898
910
882
876
851
833
816
808
839
858
870
884
874
875
865
860
851
840
837
831
850
857
856
860
847
800
810
811
793
775
739
715
697
693
704
724
746
762
760
771
772
768
749
724
747
778
823
857
867
868
844
787
788
813
850
904
933
939
939
936
875
862
854
847
843
823
837
843
854
858
862
834
850
856
874
898
901
903
880
876
858
813
840
902
958
973
973
971
944
930
916
893
860
856
847
851
848
867
880
893
891
889
867
852
868
869
883
900
907
917
919
904
896
837
829
836
835
828
872
901
926
887
897
894
891
888
883
879
882
851
833
833
825
844
860
856
813
840
851
793
758
740
737
744
780
834
887
897
896
835
847
851
841
843
856
871
842
830
844
836
817
824
836
840
844
829
839
822
818
821
829
852
866
871
859
843
836
833
828
810
807
822
834
852
877
889
893
883
894
890
870
813
829
907
951
893
896
934
951
949
929
928
916
897
869
850
817
826
868
897
925
937
933
931
923
898
855
834
785
788
803
786
767
807
846
884
901
898
882
861
873
871
875
876
863
845
828
847
858
827
838
841
843
828
816
780
772
755
748
738
745
752
741
753
752
758
772
797
802
792
802
772
789
797
819
819
776
580
872
796
813
838
833
831
828
818
808
770
745
733
735
734
730
729
770
807
844
811
810
799
796
798
811
806
798
793
794
791
794
813
809
812
810
809
826
844
852
825
799
767
768
769
758
777
782
754
729
736
729
720
729
743
744
771
765
771
790
789
784
793
802
787
778
756
765
773
775
784
805
838
848
852
848
839
812
824
824
800
810
811
796
802
806
798
815
830
825
796
808
808
814
812
802
774
798
792
790
785
780
777
802
837
850
872
870
866
837
847
857
860
858
834
779
770
759
770
761
774
795
810
806
819
827
828
788
771
786
800
793
835
831
813
821
822
838
833
788
784
750
713
721
717
728
734
773
794
821
790
804
813
826
840
838
834
821
813
802
788
798
814
854
840
821
829
823
844
837
845
790
745
762
791
816
834
831
846
836
850
849
863
840
836
841
859
857
841
839
853
843
858
859
830
805
823
826
840
847
847
833
785
794
794
810
840
847
849
868
896
905
897
841
819
819
842
866
836
823
829
792
771
760
774
755
754
769
766
776
762
765
789
809
820
821
821
804
807
823
857
828
865
893
912
920
913
873
820
781
785
799
832
873
900
889
920
945
967
973
912
897
896
899
926
909
934
928
938
942
907
896
915
934
949
956
929
949
950
925
915
861
830
782
769
746
742
744
786
855
899
876
903
929
960
916
858
869
867
844
805
787
787
790
780
773
758
789
813
832
850
863
848
835
804
764
740
717
724
722
729
757
784
803
815
829
846
861
855
790
808
832
873
904
909
905
894
830
848
872
893
897
884
834
823
830
824
813
826
826
833
839
803
792
810
824
844
845
850
840
781
761
774
807
846
887
901
912
912
867
883
884
881
874
873
885
900
903
901
884
902
920
941
935
946
922
911
872
832
850
875
877
872
898
908
893
871
889
909
930
933
917
889
887
907
916
931
949
934
917
930
938
933
912
928
940
938
900
903
903
896
873
885
896
914
934
932
933
927
921
888
890
893
899
917
934
948
930
944
963
980
991
995
954
926
928
945
963
923
930
949
955
942
928
941
945
944
936
930
939
939
941
943
926
889
895
894
889
868
878
868
859
850
850
835
815
813
819
827
839
844
832
838
848
864
885
882
896
911
933
950
961
942
961
967
968
963
940
922
912
912
920
929
946
960
943
957
966
967
940
937
931
916
896
905
915
928
909
913
918
924
925
912
926
928
921
914
920
914
906
880
880
892
893
875
884
894
903
881
896
894
896
887
896
920
929
938
914
917
905
899
895
870
871
873
893
896
894
916
926
909
906
909
873
856
859
857
854
845
824
773
763
762
762
753
751
755
778
789
792
800
817
850
871
899
888
909
907
885
905
898
887
878
873
889
892
859
867
877
893
888
850
854
822
782
773
789
802
817
833
847
844
816
777
758
771
747
731
706
698
699
701
721
752
772
795
792
753
745
744
754
759
781
786
787
785
792
781
780
773
766
758
730
703
717
752
819
881
858
902
929
943
921
890
873
805
778
785
789
795
814
820
805
804
796
772
750
722
717
699
719
719
715
711
711
714
736
763
802
803
791
788
761
770
773
766
744
727
724
716
695
704
705
701
700
707
707
702
701
696
698
682
676
683
680
674
667
665
657
655
646
643
639
634
634
628
624
616
611
607
608
613
612
614
615
616
615
608
605
604
602
594
595
592
587
586
588
594
607
613
614
612
617
629
634
631
638
638
638
630
633
640
652
669
687
683
680
667
650
644
646
655
676
688
693
692
684
686
677
669
662
666
655
646
654
668
675
673
673
665
662
660
667
682
695
688
691
695
692
681
688
687
695
688
696
711
715
705
690
698
692
681
676
686
703
718
717
730
732
720
726
717
708
702
684
679
673
671
648
634
630
635
653
668
677
678
682
700
721
716
713
729
729
726
757
773
789
804
787
776
785
769
761
756
774
780
778
765
777
778
780
776
795
806
793
789
806
814
808
790
776
783
793
791
801
815
814
806
823
829
811
785
778
771
756
771
775
790
784
797
796
792
797
799
789
776
771
763
760
771
770
772
772
773
764
764
768
762
748
738
739
742
731
746
728
710
704
702
696
705
713
716
713
726
734
743
733
735
736
726
717
699
712
710
693
674
667
668
673
678
686
678
673
659
661
668
679
683
698
717
715
715
710
692
705
722
741
750
735
720
725
715
701
715
724
715
709
724
730
730
732
736
710
712
725
726
721
732
732
727
718
733
735
740
735
745
740
740
754
762
740
750
748
747
730
726
720
719
715
727
741
733
740
752
756
729
731
737
733
735
736
740
729
733
729
714
710
720
726
712
724
737
751
745
754
761
766
757
759
765
746
754
753
743
751
759
757
748
759
772
776
769
749
744
753
782
826
835
813
815
790
770
767
754
760
772
788
782
791
799
816
814
822
839
857
870
869
883
890
895
884
886
894
901
907
892
899
912
920
885
859
831
798
786
788
793
785
785
774
783
798
812
811
797
768
783
811
835
846
860
893
911
913
908
915
915
902
907
928
897
877
882
875
846
853
862
862
866
888
900
885
888
912
923
935
931
946
957
970
943
947
935
901
881
854
814
813
811
808
818
830
853
873
872
891
910
944
947
896
877
871
869
846
797
777
772
758
749
764
764
731
730
746
770
802
826
813
807
789
756
743
737
741
753
750
733
731
741
738
738
759
782
798
806
808
788
763
770
758
749
753
745
730
714
694
686
687
690
708
720
720
729
739
767
775
783
782
807
838
850
861
846
825
797
771
732
723
714
738
771
815
790
787
767
746
746
733
713
685
678
673
669
660
676
671
688
699
710
716
728
717
730
734
713
703
697
682
666
646
646
635
630
632
635
650
651
642
656
659
676
682
689
675
653
661
666
666
674
687
681
693
690
707
728
742
738
738
724
714
715
722
723
706
680
688
683
678
691
705
714
694
735
840
894
889
868
826
777
768
746
743
731
712
715
709
710
720
700
699
697
715
745
758
734
746
1441
701
683
665
675
670
673
657
651
651
645
640
635
636
652
680
701
697
738
759
766
786
830
845
833
808
801
805
817
835
843
853
869
882
897
857
821
852
876
899
862
837
855
870
895
879
896
930
926
879
870
884
890
872
887
892
898
896
895
889
871
894
903
902
896
891
892
876
852
825
828
813
802
794
777
804
789
748
743
745
760
783
818
841
863
852
851
837
802
759
771
776
802
810
839
826
797
766
751
751
776
829
861
889
891
833
787
799
838
858
839
882
928
964
941
916
938
947
976
962
986
998
996
951
933
929
949
968
950
951
965
967
966
951
924
942
962
957
959
927
938
952
968
965
984
959
954
960
949
931
949
952
940
918
905
876
865
880
854
861
870
884
891
892
883
898
915
914
905
937
948
943
925
930
940
943
940
943
932
941
950
951
950
938
919
936
959
979
979
979
979
938
927
947
967
955
894
892
906
921
954
989
990
989
989
961
934
949
989
1021
1031
1011
976
961
964
953
961
949
953
957
960
967
969
947
960
978
998
998
965
956
930
916
871
853
818
806
801
795
813
836
856
889
895
899
900
908
904
898
895
892
888
880
850
863
888
907
925
918
895
859
862
847
834
854
895
928
924
952
954
901
852
810
804
782
745
765
774
795
818
852
871
902
905
910
893
881
888
882
863
825
797
781
753
751
732
717
726
711
709
697
685
677
672
664
657
651
646
633
603
635
622
626
643
665
674
688
699
713
713
729
732
737
742
738
745
746
748
743
737
738
739
731
734
738
750
740
724
727
729
732
732
754
770
781
764
769
776
782
746
737
711
706
708
704
691
678
677
670
668
663
652
649
640
629
619
614
609
603
607
607
616
620
624
629
637
631
627
627
626
618
618
618
616
616
618
619
613
609
613
609
601
600
601
601
597
595
595
600
605
604
608
618
630
637
642
658
661
661
661
668
663
654
660
661
653
638
638
633
622
622
619
618
612
611
609
607
604
596
595
599
600
604
600
599
604
609
610
606
604
607
605
604
596
599
604
604
602
604
604
602
599
596
596
599
594
595
594
597
604
606
603
601
610
611
615
612
617
624
624
613
603
600
596
589
583
581
578
577
572
572
570
564
567
572
576
572
574
578
587
589
588
588
593
589
592
594
602
604
603
600
607
611
612
608
611
616
525
689
610
608
606
599
605
608
607
605
612
621
625
620
627
626
624
617
621
621
623
624
628
635
637
637
642
647
647
643
646
645
635
633
635
639
631
631
635
638
628
635
638
635
623
619
619
628
634
636
633
625
633
631
629
623
627
631
627
625
635
641
647
643
649
649
648
642
646
646
634
640
638
643
645
637
637
645
648
646
642
651
664
658
646
648
646
648
647
648
662
663
658
661
668
678
671
665
664
661
648
642
645
645
646
645
645
654
663
670
678
682
686
659
648
645
653
666
689
682
676
676
673
666
662
672
676
678
672
675
680
688
686
689
675
654
652
655
664
678
692
680
664
669
681
693
707
694
690
686
682
666
667
677
676
670
683
675
669
667
674
670
662
659
663
670
684
685
696
685
690
705
710
721
741
759
768
738
729
725
741
752
762
769
782
804
813
791
778
793
810
788
780
784
775
775
779
769
766
747
725
728
702
682
673
670
672
667
663
665
666
674
688
704
721
733
733
722
729
741
705
695
704
702
686
686
683
668
669
681
691
724
755
779
775
801
813
794
797
794
756
761
763
769
771
777
786
768
766
784
771
757
756
763
769
754
756
753
745
748
750
748
745
729
727
729
721
727
720
713
705
720
728
735
731
722
729
745
762
769
767
750
740
723
707
719
714
712
720
729
709
701
699
702
703
694
718
732
733
731
745
737
729
736
731
730
722
732
728
717
727
740
736
722
722
729
722
709
714
714
709
703
713
716
711
729
741
749
743
729
734
739
738
736
739
745
732
718
726
726
735
731
719
729
749
767
780
784
779
754
740
736
743
743
711
704
708
701
690
709
750
783
795
821
831
826
819
823
831
841
850
848
822
813
792
774
758
750
757
760
759
778
794
803
815
845
865
877
863
859
836
805
811
810
800
770
778
785
789
817
820
802
813
816
817
792
805
820
837
818
787
765
787
797
797
793
779
755
756
763
780
789
803
813
812
815
826
829
829
851
869
871
867
857
870
887
908
892
879
848
823
825
823
811
804
798
808
812
813
825
837
840
848
846
837
818
789
787
778
787
808
835
866
861
863
881
890
878
878
889
882
867
848
862
880
877
888
887
852
854
847
840
826
814
808
784
784
777
790
799
806
816
822
813
798
795
798
806
801
829
830
828
819
814
802
810
809
796
811
806
818
814
811
791
792
789
767
762
749
754
756
756
737
708
728
752
774
803
821
823
809
810
816
825
837
849
833
809
813
820
825
807
786
802
813
826
820
790
784
778
767
760
756
761
766
771
786
798
773
790
813
824
849
877
872
885
892
877
862
867
874
862
864
871
895
854
845
817
794
790
797
781
783
786
781
780
771
798
809
836
857
848
846
857
885
896
914
907
896
896
914
912
923
893
852
849
842
830
810
794
794
795
816
819
864
875
888
883
877
864
877
895
900
907
899
867
807
771
790
812
831
830
843
846
841
831
854
866
867
829
831
836
850
843
864
872
877
872
861
834
838
844
846
860
861
857
863
861
868
876
874
846
848
839
840
860
876
885
870
896
914
902
919
869
876
862
864
855
850
836
824
787
787
787
799
813
832
828
808
801
804
823
837
854
860
845
842
864
893
905
903
892
873
846
822
803
794
815
829
839
838
820
836
851
842
819
825
823
823
829
827
824
807
794
793
780
756
767
794
806
784
810
821
844
857
836
829
840
833
846
812
801
791
788
789
796
774
785
782
763
772
764
756
762
745
761
771
771
779
781
778
759
767
759
755
764
775
772
758
753
756
731
712
708
722
733
760
772
755
746
755
758
735
740
743
731
716
720
728
737
743
752
757
744
722
732
739
728
740
742
749
744
739
733
724
713
700
696
692
706
699
706
704
707
708
703
711
690
690
688
686
688
680
674
678
678
678
672
676
683
679
683
688
693
691
688
690
680
673
673
677
678
670
671
664
667
664
659
658
646
623
616
628
616
612
611
611
608
606
605
603
602
608
605
605
606
611
605
601
610
604
612
611
612
622
641
647
654
673
688
687
688
675
666
667
665
652
656
648
639
638
637
636
638
637
630
635
639
638
637
650
655
649
652
647
644
642
632
637
636
639
632
631
627
624
611
608
612
612
612
613
629
645
646
662
675
679
660
660
661
648
645
643
643
640
645
644
648
642
642
647
650
655
649
644
648
651
656
647
644
647
658
647
652
661
658
656
662
669
666
669
653
646
637
642
630
626
629
633
623
625
617
615
613
607
607
597
597
596
596
599
596
592
597
604
604
621
625
621
642
652
653
657
651
639
631
636
630
632
645
653
660
685
682
701
690
666
645
649
665
670
672
672
670
685
689
696
691
706
725
740
757
796
826
857
843
836
837
828
799
784
775
756
742
746
765
768
764
771
758
768
774
780
780
768
750
737
744
746
764
744
748
730
729
733
713
700
705
705
701
693
698
711
504
938
742
716
722
718
729
745
761
751
759
765
757
731
740
735
747
749
748
726
718
707
698
683
688
675
666
668
674
682
696
690
704
715
737
727
709
671
658
674
686
700
710
717
719
718
708
713
703
679
677
676
695
710
723
735
746
762
765
779
782
788
775
765
772
788
771
744
751
759
762
769
778
789
780
747
750
753
776
759
741
758
781
813
831
791
790
788
795
793
776
793
796
769
739
744
759
766
768
783
769
771
775
763
738
743
749
752
750
764
739
733
720
726
734
761
782
800
799
808
803
787
780
771
764
758
748
740
741
748
765
787
766
729
731
729
736
739
757
781
782
784
770
772
749
726
703
688
685
689
718
725
731
753
771
799
801
795
783
755
726
718
711
712
702
685
686
691
695
735
752
783
788
781
783
755
735
727
723
726
729
721
730
736
740
741
741
743
755
767
748
713
719
731
755
781
812
813
816
803
808
803
779
760
754
749
748
746
759
752
752
740
748
734
720
728
732
737
760
771
785
763
743
732
732
744
747
748
741
729
727
722
713
707
708
702
689
686
682
688
700
713
733
743
731
728
726
731
747
754
753
764
765
776
769
760
770
763
753
770
788
802
803
818
824
812
802
786
780
780
774
781
779
773
777
798
813
806
785
774
770
759
754
759
764
772
781
753
749
767
781
764
790
808
825
821
808
824
832
849
858
875
905
913
890
870
842
818
810
803
814
830
838
841
816
807
785
770
765
764
753
739
737
742
752
770
788
787
793
804
806
789
754
760
769
751
771
784
812
817
805
780
775
769
772
774
772
782
792
783
773
777
775
775
771
771
773
774
750
750
749
757
766
764
766
746
726
738
760
798
818
826
827
821
804
791
785
772
767
767
747
737
738
745
753
762
755
767
781
776
771
752
735
750
774
793
798
785
802
803
781
772
776
779
773
766
765
786
811
836
850
875
872
875
856
854
833
813
804
796
807
819
828
821
818
824
831
835
825
806
807
815
784
773
803
833
852
853
851
855
867
892
884
825
823
802
777
792
808
797
805
810
826
834
829
852
869
884
898
886
873
868
862
861
853
825
798
789
785
798
797
798
812
804
829
834
850
863
869
824
799
758
756
771
791
774
761
758
752
765
785
778
791
824
834
847
830
830
838
860
851
838
827
826
863
887
881
874
897
902
912
917
906
881
876
863
862
844
833
795
777
777
785
789
777
770
753
750
739
734
722
721
723
719
720
716
713
705
692
686
690
705
717
710
709
714
726
730
717
709
714
722
742
753
751
768
773
783
763
753
767
768
751
742
750
770
792
802
794
785
787
762
750
761
788
786
776
777
784
777
768
754
737
732
733
738
756
777
781
784
797
812
815