948
864
833
832
850
879
904
931
905
888
904
928
959
974
980
952
921
917
932
950
970
982
985
974
942
901
871
901
878
848
810
817
810
818
835
851
871
899
915
931
935
947
936
940
941
943
938
901
858
850
856
890
931
945
944
904
892
901
924
938
960
958
950
961
960
961
965
938
909
899
917
944
908
866
862
878
909
924
941
956
957
948
938
928
898
853
845
854
877
899
910
912
917
919
921
921
919
923
879
854
851
866
896
911
917
880
865
871
884
896
909
927
933
902
871
858
864
889
904
918
916
908
856
846
854
871
896
921
943
931
879
861
869
879
896
918
919
862
857
876
891
902
915
922
927
888
844
829
834
836
842
857
844
835
837
860
878
885
900
912
911
901
901
897
853
842
825
824
833
821
821
833
847
869
861
860
880
912
927
927
936
928
864
853
857
872
884
904
926
921
930
935
938
940
944
921
864
851
857
823
857
875
917
911
858
815
808
808
805
803
794
794
786
760
744
741
732
742
739
746
746
745
753
744
754
733
728
727
737
746
735
765
777
770
773
789
809
795
802
779
765
753
735
743
772
808
835
853
839
826
834
861
900
924
927
917
880
865
885
904
924
950
939
879
863
877
902
931
946
941
911
889
891
898
924
949
937
944
924
863
853
871
903
942
947
937
904
904
912
914
910
927
928
893
881
897
919
946
957
936
897
882
895
926
946
961
956
912
878
885
902
924
935
921
890
899
899
899
911
929
935
907
849
849
862
899
928
953
946
896
874
884
882
890
901
910
880
841
850
867
886
907
930
898
840
821
832
859
890
908
911
892
875
881
896
917
936
944
944
948
913
912
928
946
965
970
929
885
852
832
841
863
888
904
868
863
870
887
901
922
936
885
880
895
915
933
945
949
898
897
915
935
949
958
945
909
906
915
882
893
862
849
850
869
886
896
893
872
860
840
844
838
807
805
809
823
798
797
819
835
831
844
849
830
825
834
824
823
829
830
809
804
811
837
862
880
859
836
845
861
885
904
915
918
915
899
872
875
877
879
849
808
805
813
831
845
871
888
879
871
887
906
911
921
921
920
895
871
873
899
932
938
943
926
910
917
923
935
940
944
921
901
902
914
930
937
948
927
910
922
917
905
905
914
902
884
885
896
925
932
911
849
829
813
809
794
786
792
799
808
784
779
793
814
836
854
870
894
896
904
877
867
866
878
901
924
938
935
910
906
917
923
920
928
937
945
920
926
937
937
950
959
965
942
877
848
842
872
902
928
907
885
885
894
914
927
950
944
914
849
824
820
813
781
770
792
831
857
878
867
855
857
868
891
923
939
905
884
876
887
907
935
953
966
975
969
964
965
953
955
948
940
876
831
818
846
888
915
907
866
866
876
892
916
935
925
906
909
921
932
928
930
934
935
942
939
938
934
928
926
927
904
864
838
842
864
909
927
903
881
873
891
896
857
803
785
787
797
810
826
816
828
849
858
861
861
856
837
844
839
839
855
868
890
887
887
903
916
932
921
903
874
856
862
878
884
891
909
900
888
882
877
819
789
771
766
772
779
790
813
823
840
842
825
822
827
839
855
870
891
870
859
847
856
860
866
879
896
909
922
935
951
938
931
942
933
925
913
888
849
806
777
771
769
770
785
780
776
744
763
745
729
717
705
688
695
707
729
753
772
786
797
804
797
800
796
793
794
799
779
785
801
832
874
899
916
921
917
919
885
835
836
849
841
813
810
813
822
818
811
820
806
808
823
852
890
918
925
937
939
949
955
948
959
958
908
843
817
828
861
906
932
934
895
902
910
904
894
828
808
802
810
831
855
880
894
898
886
859
857
880
920
948
959
942
911
876
868
881
906
917
900
855
840
855
876
906
923
932
936
915
897
903
923
938
965
966
959
957
939
913
843
823
824
844
838
812
802
808
827
849
864
867
803
779
772
774
787
808
828
849
837
830
834
853
878
898
900
891
876
839
814
817
837
878
895
899
863
848
852
870
875
890
886
868
875
915
926
921
893
847
810
804
805
813
835
859
864
848
839
860
890
920
944
944
909
872
874
894
910
919
917
898
865
868
876
888
847
819
833
824
840
846
849
831
808
805
810
819
834
835
824
827
857
880
898
918
925
918
916
895
896
906
921
933
950
925
896
885
870
868
813
803
808
831
861
883
871
854
865
871
873
881
859
808
798
787
784
794
803
821
817
817
821
807
787
783
762
758
740
718
720
742
773
795
800
775
778
790
816
837
837
812
806
815
835
866
887
887
876
882
896
908
917
916
885
854
838
840
855
869
835
826
836
829
819
835
856
882
909
890
871
888
902
904
905
897
884
862
804
785
776
790
813
813
794
810
822
821
829
858
841
824
835
853
873
882
854
820
821
834
854
856
863
843
832
847
865
860
850
818
801
791
793
794
799
803
802
805
777
762
757
761
781
800
815
799
779
800
828
854
871
889
864
853
863
883
900
904
868
831
816
839
869
887
902
888
872
870
882
898
917
923
903
880
881
869
854
842
825
827
843
853
865
847
817
818
831
837
853
858
812
794
818
827
831
844
815
783
775
763
766
770
782
783
773
783
807
838
868
889
890
858
809
811
800
794
804
806
799
784
778
771
773
769
765
778
805
846
896
915
886
864
880
889
885
861
817
804
808
829
844
855
853
821
827
847
859
875
884
832
828
833
839
843
848
829
811
820
837
854
879
876
873
869
878
874
851
813
782
733
719
723
739
786
840
854
846
820
814
821
833
833
840
827
809
813
817
827
838
841
824
812
813
829
834
844
852
826
822
831
843
862
871
879
867
848
849
852
850
810
800
806
815
831
797
765
765
768
780
790
795
808
802
805
824
842
869
872
862
842
838
843
855
859
867
847
837
839
859
884
898
895
854
813
818
820
834
833
825
830
811
809
804
807
819
831
824
823
841
862
860
847
785
770
772
795
815
835
842
836
831
831
840
855
868
878
885
879
852
828
815
807
783
760
745
744
745
750
767
785
761
744
739
743
749
754
753
751
752
755
765
773
773
754
758
766
770
759
737
731
729
731
737
739
729
734
732
730
721
722
691
687
683
673
674
677
680
681
681
667
662
660
662
660
658
656
651
648
635
628
624
619
612
618
636
667
665
672
675
692
705
711
716
715
699
694
685
677
679
686
688
699
707
718
724
729
734
726
720
717
715
731
756
756
760
753
747
749
755
751
740
716
691
693
701
685
667
653
647
645
651
664
683
702
704
720
731
742
749
755
765
770
750
746
743
743
751
743
749
759
779
798
800
800
802
803
805
798
786
765
754
760
771
773
775
785
771
763
764
768
782
800
813
816
798
787
779
786
792
793
798
784
783
791
797
809
803
789
772
758
757
770
771
773
745
727
726
729
741
755
765
763
753
752
758
763
775
786
786
774
771
774
793
798
787
763
744
738
742
751
759
750
747
734
732
731
741
746
729
740
762
792
809
816
811
774
751
727
700
676
660
658
660
650
652
656
663
674
690
706
709
705
708
725
743