893
917
939
936
905
881
886
894
911
881
880
882
883
857
825
831
817
803
820
852
861
857
861
860
838
833
805
781
792
814
839
830
805
819
818
825
835
833
839
810
795
790
802
800
792
800
842
847
830
842
834
830
803
811
814
846
850
840
831
826
826
857
880
874
846
843
844
854
838
827
839
846
853
835
844
845
850
831
823
825
828
831
824
821
838
845
842
831
837
844
838
812
815
826
833
832
828
836
849
846
818
809
813
830
839
830
847
854
831
832
852
865
874
854
833
817
807
813
848
867
867
879
877
890
899
889
840
825
819
815
838
845
846
863
863
872
867
872
870
841
807
781
765
770
790
772
768
778
800
821
833
859
887
907
916
924
897
888
889
902
911
906
889
874
887
898
891
862
857
851
845
838
852
863
879
864
886
893
896
884
884
880
853
830
817
793
794
803
809
805
823
824
834
834
823
830
831
828
822
850
864
881
854
852
855
855
848
833
837
838
833
826
838
847
858
846
856
877
898
890
863
884
894
893
870
844
843
839
842
847
852
833
827
838
858
869
866
847
827
822
819
830
844
881
925
939
941
869
819
781
764
762
755
749
760
783
797
789
786
801
812
821
819
829
848
861
854
856
870
892
898
894
907
920
919
903
908
906
891
879
874
857
846
823
813
800
798
807
809
831
836
849
835
838
845
854
829
817
815
813
809
815
838
875
899
891
897
919
922
872
845
838
821
823
828
842
839
843
854
870
877
880
907
941
931
924
882
855
847
834
836
838
846
867
876
866
866
892
894
895
895
923
946
948
948
951
939
892
848
842
859
871
852
822
824
849
883
859
852
872
889
901
890
901
933
954
957
952
934
880
843
847
869
910
923
900
917
944
944
951
935
938
963
965
969
970
971
904
838
793
775
774
785
809
832
838
840
859
896
914
911
928
939
913
883
873
864
861
849
864
876
912
949
954
929
925
950
953
917
870
824
825
829
824
828
846
869
872
875
895
870
866
843
837
854
867
879
906
896
877
890
928
968
967
945
923
876
824
784
767
792
806
804
811
814
821
806
801
812
825
841
855
888
914
930
954
959
954
917
907
917
891
848
813
832
859
901
892
900
927
949
969
984
956
899
354
504
874
893
863
833
842
850
833
847
850
862
863
879
886
865
886
886
848
856
867
874
857
858
855
813
804
808
819
815
826
839
866
862
872
857
846
851
854
881
869
854
861
873
904
875
856
855
871
893
908
872
825
809
798
795
794
801
809
813
813
830
844
839
845
864
856
842
848
850
836
824
848
853
837
816
826
878
919
876
830
820
816
820
814
821
829
829
817
837
845
847
833
801
787
777
779
783
816
851
912
979
982
986
1000
993
974
902
856
837
803
788
773
762
743
750
763
787
819
847
900
943
987
990
980
944
924
932
944
953
936
921
917
919
920
891
846
821
802
794
790
800
813
818
858
884
887
919
938
937
889
877
874
849
826
817
815
828
834
870
918
949
963
963
935
926
942
926
892
841
813
815
826
826
820
838
850
861
903
950
989
1002
988
990
980
994
974
979
994
998
971
949
921
911
899
900
890
896
890
885
872
855
836
853
876
878
852
826
827
845
853
869
882
883
863
871
878
868
855
864
896
936
967
974
962
981
975
931
844
801
781
781
780
779
798
828
832
834
853
872
883
874
905
918
936
934
950
974
985
994
1006
1021
1024
964
870
820
818
826
848
861
879
935
978
977
997
1007
1006
985
977
982
975
974
978
998
1006
1001
979
951
946
956
966
893
839
814
802
781
786
795
810
819
853
830
824
826
834
849
870
884
891
877
885
892
895
897
864
840
838
852
888
897
905
927
940
938
960
970
956
954
915
848
843
849
842
836
847
867
842
809
799
797
781
792
806
835
869
869
894
923
913
883
877
878
879
872
869
881
898
909
896
914
906
856
845
848
832
831
820
820
821
826
838
863
885
859
854
868
891
920
922
938
946
968
958
880
833
814
812
822
812
822
860
907
898
911
937
950
925
923
911
899
854
844
835
818
827
825
830
806
803
797
800
794
807
812
817
813
820
813
806
798
792
792
780
780
784
771
764
770
767
763
752
749
751
758
752
738
741
743
749
747
762
774
775
771
767
768
771
753
743
740
745
751
768
802
837
885
889
858
844
879
873
833
777
761
755
750
745
749
768
778
786
809
828
820
812
823
826
812
821
805
792
786
795
818
815
810
830
862
863
869
888
897
885
860
853
858
888
913
922
901
907
931
953
943
932
887
839
795
776
770
774
787
807
831
855
848
857
867
846
824
817
814
799
803
807
804
797
809
834
874
908
917
920
931
925
907
923
936
906
912
920
940
902
832
804
779
762
768
795
816
831
893
952
978
998
1012
950
903
877
871
852
850
834
831
823
822
829
833
848
864
880
890
845
821
800
775
774
764
758
758
768
767
757
763
768
771
762
744
745
755
777
805
833
857
906
931
883
806
781
779
787
809
796
800
811
813
789
786
783
794
791
800
828
863
884
854
829
814
821
825
831
816
796
772
762
753
758
767
797
845
850
845
865
886
906
915
899
907
912
907
910
867
840
840
867
907
926
900
903
939
944
880
815
786
781
797
813
828
825
869
886
897
918
943
947
905
896
896
861
843
834
827
794
795
802
817
818
831
836
826
805
793
779
765
767
771
774
781
811
850
875
879
850
851
879
906
915
903
848
825
854
865
881
883
827
781
760
750
748
735
737
756
794
789
813
824
834
813
798
795
787
767
771
776
781
776
783
804
816
837
877
906
923
921
910
907
920
918
875
800
756
720
705
713
721
725
752
768
762
764
774
774
769
794
806
815
795
792
793
786
788
794
802
786
777
773
775
770
772
778
783
799
806
831
874
903
925
933
926
932
926
928
923
826
774
751
748
753
789
839
877
918
921
926
904
895
882
866
862
862
857
867
862
875
871
884
895
888
861
862
857
843
825
809
821
853
891
919
925
950
974
993
986
903
832
801
793
822
839
847
867
904
892
882
911
943
922
905
894
883
855
859
870
883
870
871
862
850
825
804
799
792
798
802
813
819
833
823
825
820
800
783
784
785
803
793
801
806
813
816
820
820
806
773
761
762
751
750
764
795
871
932
932
894
830
802
775
750
736
724
729
736
748
774
804
819
808
800
800
787
761
755
756
752
744
738
740
743
731
728
728
728
726
716
717
719
730
739
733
736
737
733
724
732
738
743
731
729
724
720
703
692
686
679
681
676
677
672
670
668
662
665
674
691
692
681
680
683
685
688
689
688
690
689
688
686
690
693
698
698
714
731
755
760
766
785
821
857
888
877
866
882
870
811
759
729
708
703
714
730
755
752
765
763
774
792
812
813
832
833
829
800
784
783
792
801
817
863
917
913
842
774
734
716
705
704
729
768
813
847
880
916
941
969
955
952
935
887
853
822
788
756
752
762
779
818
843
864
901
891
844
815
809
820
855
870
874
880
901
896
849
819
809
810
812
822
829
857
870
891
920
931
942
955
960
969
948
903
868
853
823
801
812
823
819
833
859
882
880
875
889
902
895
874
871
877
867
861
850
836
810
814
840
856
868
863
825
788
802
826
860
882
886
882
870
865
844
819
801
812
822
844
860
845
828
822
814
798
784
777
763
751
757
765
798
856
890
851
854
856
854
821
811
805
813
854
881
872
905
934
940
943
934
910
856
810
781
770
761
758
745
743
750
759
766
786
804
818
816
797
791
783
769
763
769
772
773
766
770
775
771
757
757
756
744
731
724
724
722
729
738
763
757
754
756
762
760
763
747
748
748
752
749
753
763
764
747
740
733
730
723
732
737
729
733
745
752
768
780
777
765
758
748
742
741
732
715
702
702
699
695
692
702
710
712
716
714
719
721
723
715
714
716
713
709
725
731
726
727
719
726
725
725
724
731
729
724
714
710
705
693
686
675
678
682
684
688
708
729
748
754
744
736
729
729
731
737
733
722
708
709
710
714
727
757
800
871
906
917
928
911
911
910
919
927
849
787
759
733
712
706
698
696
703
714
741
787
819
823
854
855
842
834
842
844
817
817
810
792
768
773
784
794
784
757
738
723
723
732
733
730
725
734
732
722
706
714
712
708
691
690
688
688
691
698
708
715
724
704
696
691
694
687
681
682
684
688
681
684
676
673
671
681
682
678
671
670
674
671
671
670
677
680
674
662
658
658
659
657
655
656
659
662
667
663
664
667
662
664
658
662
655
644
637
641
646
645
643
640
645
639
637
634
641
649
651
649
646
647
645
643
634
630
628
631
634
633
633
636
640
637
633
636
633
630
631
630
630
627
622
617
619
617
612
610
604
604
609
606
604
605
609
614
617
617
615
612
612
620
620
627
630
630
637
646
657
659
666
660
652
644
633
623
617
624
624
621
623
633
657
676
684
687
695
686
675
666
667
669
665
660
660
665
660
650
647
654
655
647
646
644
649
657
672
679
668
661
649
641
633
634
631
632
637
637
634
630
633
637
628
625
624
623
623
623
618
614
609
605
602
599
597
596
601
605
604
605
608
614
613
612
612
614
613
608
605
607
609
611
612
611
612
608
604
601
598
596
589
591
594
594
587
591
594
600
600
601
602
604
608
602
600
600
604
598
591
587
586
583
580
577
574
576
578
582
579
579
582
585
580
580
585
590
594
591
596
603
604
607
612
618
617
617
613
607
608
599
597
598
608
617
629
646
659
663
648
642
637
623
620
608
602
601
604
616
618
621
625
634
646
636
629
623
620
614
608
603
603
604
608
604
597
596
592
584
581
576
575
573
572
570
568
569
569
565
563
563
560
557
554
552
550
549
546
544
543
541
537
536
535
532
528
525
523
522
521
517
517
515
513
510
509
509
510
510
511
513
518
521
522
527
528
534
538
542
550
553
561
565
572
579
586
591
594
592
595
596
599
602
604
611
624
636
641
649
665
675
683
698
708
711
702
696
710
723
723
728
737
747
756
739
734
749
754
754
761
767
776
782
768
753
764
761
746
737
731
742
771
773
765
775
789
771
755
758
761
760
743
722
711
697
685
673
663
663
665
671
683
685
692
690
684
683
684
682
682
690
691
699
697
703
724
731
738
732
728
720
716
713
700
684
677
671
651
645
637
633
632
635
645
656
662
684
1399
696
684
684
679
669
660
646
631
628
612
607
608
604
598
602
606
613
631
648
666
675
657
661
662
661
645
648
646
641
631
633
642
653
661
656
656
660
650
650
644
640
644
648
644
647
655
662
673
676
554
459
271
4365
597
599
606
620
645
694
736
734
586
548
432
567
1046
788
812
713
438
468
790
811
803
815
807
795
814
828
856
866
858
877
896
915
907
825
947
907
910
878
888
891
877
854
869
874
318
560
854
847
864
854
860
841
839
857
872
886
888
462
408
894
890
901
336
535
857
855
871
875
866
869
881
888
899
889
872
886
890
875
873
881
879
863
860
878
892
906
892
894
907
909
875
873
886
890
898
879
881
879
880
882
911
925
925
910
922
923
909
892
864
867
882
878
880
868
857
879
895
909
906
894
912
911
914
919
904
900
915
904
916
901
896
924
931
936
928
909
918
914
916
893
882
893
913
938
931
955
951
949
942
913
907
898
902
897
886
895
903
920
913
903
933
938
947
932
905
902
874
870
865
857
877
879
886
871
879
888
883
881
864
854
855
853
873
872
892
919
932
947
951
925
900
895
891
890
849
816
794
769
753
735
725
741
778
812
891
959
980
965
925
926
920
923
904
894
896
877
881
872
871
884
898
898
888
898
911
920
928
910
915
919
924
938
919
915
934
935
937
922
907
914
923
920
949
957
962
939
954
963
964
927
925
933
937
921
896
919
934
965
958
958
972
970
956
937
935
917
908
905
904
898
932
943
955
934
904
899
898
905
904
885
894
899
913
910
913
938
953
964
949
932
954
957
960
942
919
940
944
953
943
917
938
945
947
941
922
938
926
931
918
896
906
901
907
910
888
901
918
927
889
896
888
883
867
882
887
899
901
902
925
931
948
949
922
936
943
962
958
929
938
939
940
923
899
897
903
908
901
900
935
946
936
919
901
926
942
945
919
914
926
935
926
905
919
914
920
913
896
915
924
933
934
930
920
917
920
926
916
888
892
874
889
904
894
922
927
928
912
883
894
894
889
903
897
897
928
948
968
972
937
936
933
931
904
874
874
876
886
888
899
923
925
942
918
923
928
929
916
913
928
926
896
903
909
886
873
846
862
868
889
884
891
919
928
945
952
935
953
957
970
956
924
891
896
888
891
883
871
893
878
879
859
865
881
880
881
874
904
911
920
904
920
932
933
927
898
903
898
912
914
891
896
905
910
890
870
898
901
883
865
893
907
908
888
867
888
906
887
875
903
901
899
889
881
896
899
884
873
873
872
872
880
855
872
885
904
910
897
927
945
949
940
905
930
937
938
926
903
879
907
903
897
881
880
893
903
905
887
899
908
904
884
882
902
911
897
893
907
916
911
894
896
903
913
918
896
904
926
921
930
912
896
904
900
914
901
906
918
919
925
919
951
961
965
943
912
924
921
927
910
895
921
938
915
913
919
916
900
879
882
872
884
870
856
875
881
894
872
879
870
868
864
845
872
879
885
868
855
885
896
920
919
899
920
931
939
928
885
897
884
893
889
893
916
922
920
899
879
892
894
894
877
872
871
867
872
843
834
840
869
873
864
887
880
895
876
875
891
900
907
889
910
919
935
936
915
926
933
926
916
896
919
927
933
903
888
900
877
865
853
847
879
877
877
847
841
835
827
839
834
836
878
897
913
854
847
862
868
865
864
906
923
929
907
893
920
920
909
877
855
874
884
889
884
875
914
921
904
886
902
874
854
850
889
868
851
816
809
823
815
818
830
846
890
918
938
923
909
945
946
951
922
927
932
930
931
901
933
931
929
916
898
917
909
918
896
884
910
915
922
914
899
929
944
943
910
908
913
915
896
861
871
875
890
909
897
911
928
932
924
896
920
918
917
896
888
917
920
918
896
897
906
913
917
902
910
921
933
929
896
896
900
905
897
877
897
906
916
879
864
890
898
906
877
886
896
896
896
882
907
896
892
867
863
871
881
887
880
880
891
911
937
908
904
920
922
896
895
900
897
883
875
867
868
862
869
901
926
950
922
899
919
909
910
890
861
836
813
824
814
797
811
833
845
886
913
925
970
988
993
986
962
981
970
975
950
910
922
930
953
985
960
940
957
955
961
945
900
896
912
926
926
910
930
922
919
900
915
910
907
891
880
914
925
928
905
920
924
925
903
910
916
919
902
888
906
899
894
873
861
866
853
864
850
861
888
918
951
932
924
943
936
922
891
901
912
926
918
906
927
934
948
908
907
913
911
894
890
926
937
929
907
933
942
953
943
916
939
946
954
926
891
888
888
898
891
898
912
901
890
877
885
907
913
910
889
887
894
897
904
886
892
921
939
945
917
924
924
914
898
889
901
904
904
868
900
907
913
899
924
937
945
923
902
919
917
924
913
902
905
891
896
894
880
911
934
948
937
918
941
943
927
898
916
926
921
902
879
885
883
896
884
875
883
899
917
907
922
932
939
906
893
921
930
913
887
885
892
905
889
862
900
916
910
890
869
873
862
853
841
859
856
879
883
883
925
946
942
909
896
914
926
918
896
936
909
895
857
865
897
904
893
882
926
915
896
880
917
888
844
827
814
815
835
854
852
896
938
943
930
919
962
972
967
936
916
930
916
926
919
953
938
966
920
887
871
892
903
918
903
904
930
926
909
911
949
956
946
917
900
920
923
901
890
930
934
921
888
903
915
915
895
879
912
914
901
874
930
944
949
927
919
934
930
926
888
905
914
915
896
879
896
904
902
879
894
914
916
888
880
907
917
921
893
898
917
940
932
897
904
905
916
888
889
899
888
880
878
928
950
951
920
952
944
943
908
898
938
944
943
916
932
946
964
955
918
937
931
938
922
913
938
948
945
907
932
931
911
888
886
908
915
903
892
935
944
914
907
931
928
913
900
932
909
887
874
919
889
890
882
877
896
883
900
892
916
901
894
893
891
933
941
938
913
932
933
935
903
894
918
933
937
915
917
939
939
930
896
927
911
917
905
896
938
953
944
915
920
928
928
913
889
917
901
898
884
908
897
899
876
888
906
924
920
886
916
903
897
878
901
921
921
901
903
930
923
929
908
894
892
867
865
854
866
897
873
866
885
935
942
958
924
927
934
933
923
914
942
946
949
915
927
941
938
908
887
910
903
899
878
914
906
904
888
879
934
928
905
886
919
864
822
834
826
790
450
309
609
867
730
708
695
693
686
682
691
725
787
815
857
914
944
956
945
914
944
947
970
976
952
978
977
964
939
952
965
963
949
957
980
1002
1011
995
1006
1011
1004
993
975
988
986
976
984
986
990
963
938
951
951
957
939
927
943
946
965
964
979
971
970
947
937
941
933
945
934
956
960
965
956
949
938
922
915
911
928
948
966
970
942
982
995
1008
980
970
976
960
944
927
937
943
955
951
958
966
979
976
955
966
971
964
937
940
948
952
933
922
943
953
949
935
977
983
963
962
956
944
941
926
943
952
970
959
955
975
974
967
952
958
958
960
952
939
942
958
963
958
935
947
948
942
936
936
952
949
932
929
956
949
935
909
927
932
926
924
913
942
948
940
918
910
902
910
899
888
933
931
925
910
928
944
953
944
939
954
936
921
904
939
904
903
878
888
920
955
975
954
981
982
989
957
941
950
953
943
943
951
944
938
923
938
945
961
952
929
940
942
954
953
942
963
965
965
949
926
938
940
949
927
912
927
936
934
944
939
932
923
942
948
949
927
940
952
963
961
910
916
903
879
898
903
919
945
950
951
935
959
959
941
919
923
938
934
938
920
927
935
937
943
928
943
940
947
931
928
927
928
931
920
944
963
975
971
961
975
977
978
955
949
949
933
937
916
938
957
977
985
969
975
981
995
968
948
957
949
950
928
912
926
938
935
917
935
943
956
945
932
951
946
923
913
938
936
937
917
949
962
978
955
935
943
947
940
921
943
952
957
941
940
954
948
935
914
934
943
957
949
956
958
954
940
918
935
950
943
922
946
944
946
920
918
931
936
939
927
933
948
955
944
928
956
967
979
971
982
979
978
967
937
955
953
938
919
916
917
922
922
904
927
931
929
924
923
931
938
919
913
939
951
963
966
968
977
979
962
943
947
943
936
925
933
940
929
923
948
960
948
943
953
955
955
934
934
938
938
948
936
929
953
967
951
953
947
932
917
908
927
935
947
938
942
945
958
936
938
945
946
950
925
911
921
914
906
915
941
962
981
965
955
970
970
976
952
934
952
950
936
912
912
917
911
910
925
944
943
958
943
949
950
952
934
926
938
942
938
936
938
944
963
973
947
954
967
955
936
918
925
937
944
935
926
934
943
939
932
901
913
911
914
910
928
946
941
942
948
951
956
952
936
944
937
938
929
918
924
936
948
925
926
922
922
929
911
938
957
974
940
917
945
942
940
929
917
931
934
920
909
941
932
928
903
913
928
938
947
899
920
921
925
923
906
934
935
942
938
926
942
939
930
920
904
905
919
905
918
927
939
927
915
928
935
934
902
912
918
921
894
880
898
907
933
931
921
944
948
947
934
929
931
936
918
901
921
924
932
929
937
951
953
953
924
930
926
923
906
892
909
918
924
900
912
918
935
940
941
939
933
944
934
923
913
927
916
913
901
894
918
937
948
938
916
938
949
958
940
909
925
933
926
916
900
912
925
943
947
930
939
946
942
930
940
937
924
903
916
924
932
912
906
930
926
920
912
936
945
941
936
924
938
942
945
936
927
941
942
939
928
918
927
929
926
912
938
937
939
923
912
930
938
911
898
903
898
882
875
895
895
904
898
893
901
912
928
920
906
910
909
894
886
880
902
908
908
901
891
912
904
913
915
904
920
929
933
940
921
931
936
942
930
912
908
906
893
896
905
944
955
955
939
951
938
919
896
908
913
912
898
902
917
927
937
932
920
932
935
939
917
905
920
928
930
911
889
905
902
913
909
906
922
921
936
916
903
924
934
937
937
923
928
941
941
923
923
926
896
896
890
889
916
924
935
944
941
951
969
956
969
940
904
910
880
878
904
876
875
902
907
935
922
934
926
932
921
907
928
926
928
912
926
937
936
914
917
921
928
932
923
935
933
932
923
907
908
884
845
829
848
861
882
879
893
926
926
923
880
897
912
919
924
923
945
942
944
908
898
925
924
938
928
915
923
932
936
916
897
905
912
933
921
900
905
901
906
913
916
900
902
893
875
892
893
901
902
922
936
941
953
929
914
923
917
921
897
891
902
913
924
920
946
940
932
919
899
910
912
926
908
886
896
887
881
879
874
906
913
934
926
905
919
910
913
899
878
888
893
897
887
903
896
901
904
890
905
908
906
904
891
907
901
905
905
902
894
888
892
892
911
938
947
930
915
928
924
919
890
872
881
888
896
894
901
925
933
938
938
912
928
926
933
922
917
933
913
922
909
898
903
901
897
901
890
903
910
927
911
900
908
920
938
936
908
918
927
921
894
886
893
895
892
895
907
897
900
894
882
892
903
913
928
915
906
922
909
916
916
896
886
862
850
857
887
903
919
939
928
936
947
955
929
902
933
927
895
869
887
907
907
889
876
887
882
882
867
847
876
881
895
879
890
917
925
943
919
899
899
897
908
906
892
904
920
920
904
890
896
904
922
908
896
920
910
915
889
875
883
887
893
875
861
872
884
894
912
901
915
926
905
887
890
912
925
928
912
886
866
855
867
867
864
878
889
903
917
907
897
921
924
922
905
891
905
909
899
885
868
882
880
871
870
861
863
870
887
900
886
908
898
891
881
877
893
911
930
936
923
932
941
945
927
890
907
898
897
892
881
900
919
930
916
906
922
914
910
894
874
881
868
882
876
879
924
936
944
928
917
928
925
927
903
874
886
894
907
898
887
908
920
922
905
886
906
926
920
906
911
911
910
923
888
868
871
886
903
902
898
921
929
942
932
918
932
930
940
914
889
905
896
891
869
867
878
900
907
894
896
899
911
919
912
920
937
945
938
920
920
918
918
912
907
901
903
901
888
887
888
902
906
895
914
910
919
904
883
896
906
911
889
904
899
897
896
896
895
877
879
894
888
885
892
891
908
895
884
898
904
911
894
894
900
895
905
885
897
913
930
920
894
906
902
896
886
903
898
915
906
899
911
918
930
924
905
915
920
921
906
904
922
924
925
912
895
895
895
898
885
886
886
896
900
896
900
909
916
909
889
888
900
897
898
885
898
894
908
915
899
901
916
926
913
899
906
911
918
918
900
918
922
927
923
896
883
889
887
893
888
897
909
902
907
887
879
912
921
925
910
894
907
905
894
880
885
882
862
877
904
912
927
929
909
929
927
919
896
900
899
903
913
889
915
914
913
897
880
872
878
892
893
894
915
912
905
885
871
890
884
886
886
890
913
930
932
914
856
844
825
796
766
758
745
749
747
745
745
752
756
750
750
749
746
738
729
728
742
774
798
804
788
763
748
739
733
735
742
748
762
823
880
962
942
936
909
926
951
938
913
897
891
926
964
995
986
971
959
979
982
988
977
951
966
981
984
975
954
947
948
938
932
921
895
886
863
860
888
915
944
933
925
937
894
879
869
855
878
890
909
905
911
924
934
941
925
951
901
903
892
889
886
886
884
871
894
907
933
930
914
935
930
940
929
908
914
924
925
906
902
902
906
911
914
939
940
938
907
895
890
890
894
880
864
872
881
888
891
890
928
944
948
921
911
919
921
905
892
904
904
905
896
890
886
880
854
852
847
854
875
903
913
935
960
981
986
971
985
986
991
971
951
974
977
975
952
936
945
949
940
909
903
924
936
940
914
926
947
960
951
934
951
949
950
946
929
945
950
933
917
898
912
914
922
898
888
900
916
929
909
913
945
950
952
924
918
885
872
870
859
883
873
893
903
909
940
951
964
960
938
943
937
943
912
878
900
893
896
881
875
904
903
903
875
866
899
898
882
885
927
928
917
885
854
876
873
862
860
894
902
916
899
931
938
949
924
915
939
945
955
938
920
924
918
917
895
900
909
909
924
899
885
904
921
931
912
927
924
902
885
854
854
859
870
885
869
889
919
937
942
919
927
936
933
915
901
920
919
910
889
892
903
899
887
873
884
881
871
864
861
890
898
911
892
882
904
902
912
891
871
895
896
909
893
883
910
913
919
892
894
916
922
905
892
907
908
910
897
882
914
926
929
904
908
919
920
911
889
892
904
898
865
842
876
872
876
870
874
917
923
923
907
937
938
930
901
885
904
890
887
864
896
897
903
872
860
876
871
854
850
871
884
896
905
887
879
891
891
894
869
861
887
890
895
882
874
904
902
911
882
872
887
877
886
878
883
909
923
926
888
874
895
896
900
855
845
878
880
908
896
880
903
908
901
873
879
881
885
862
857
877
862
855
850
869
891
902
906
896
877
897
903
915
894
880
903
903
894
864
857
881
898
909
893
883
912
922
918
892
896
916
916
913
885
878
874
875
875
857
880
878
885
880
868
896
905
901
874
861
874
873
867
855
856
900
907
910
882
883
906
900
892
867
879
896
907
885
866
900
903
900
885
873
913
917
915
891
888
911
912
901
884
902
920
920
908
886
911
901
909
896
873
884
877
870
866
867
911
904
891
859
865
880
883
909
886
847
859
844
847
873
876
875
905
927
940
920
910
930
939
932
914
906
921
938
936
914
924
940
944
939
907
909
921
919
915
895
918
920
896
879
896
900
899
886
879
902
921
917
900
884
916
919
918
913
894
911
909
909
893
875
884
883
885
889
885
928
935
939
915
895
915
918
908
886
862
882
894
898
894
895
930
950
949
921
902
927
927
920
895
884
905
907
907
907
895
897
896
912
912
898
916
933
938
921
896
913
917
920
907
890
917
927
938
917
921
943
957
966
936
907
914
917
924
910
933
954
951
941
920
924
932
934
914
890
899
909
921
915
892
923
931
950
925
916
946
938
937
910
898
919
909
895
881
883
907
927
930
910
907
923
918
906
888
896
910
913
901
886
912
915
900
879
886
899
900
890
879
910
909
917
910
899
924
928
918
884
866
886
896
896
889
880
914
940
943
921
938
943
939
913
885
916
920
927
915
902
927
938
933
913
925
928
929
914
878
882
880
881
901
903
901
939
961
951
930
938
948
949
921
895
887
881
886
905
897
909
925
937
936
917
901
920
920
920
895
875
903
909
915
902
882
894
902
908
908
900
930
940
941
915
907
938
928
918
907
906
926
938
950
957
924
935
947
943
949
921
895
918
915
917
899
879
909
920
943
917
904
936
935
920
896
873
895
893
899
900
873
897
908
917
911
896
920
921
916
893
894
926
932
933
910
901
927
931
932
922
897
909
904
900
890
887
914
922
929
907
896
916
924
932
908
883
907
904
905
897
875
893
895
898
890
871
896
909
917
917
897
900
908
907
914
883
880
892
902
903
874
874
886
892
878
861
878
890
908
919
904
903
936
925
916
899
931
933
920
907
891
900
909
911
903
891
912
923
904
894
872
890
896
909
904
913
925
933
928
893
888
913
934
934
917
903
939
928
912
895
888
922
941
917
898
883
912
923
907
891
888
923
929
938
926
892
915
917
920
911
880
888
916
911
910
903
923
922
920
927
909
905
910
909
896
869
874
898
902
899
904
939
944
935
917
917
962
950
935
904
876
910
927
927
906
881
903
896
904
890
877
899
895
913
888
885
929
938
951
946
937
958
950
948
932
893
915
913
918
898
881
910
909
900
896
892
907
917
900
874
873
892
909
926
914
896
899
898
890
870
864
831
813
797
814
849
851
820
806
794
786
791
799
801
789
777
769
747
743
742
748
750
748
729
727
712
698
683
681
679
686
696
738
792
863
921
947
934
951
981
999
1010
974
984
991
983
990
951
979
997
1015
1006
981
1002
1012
1017
988
959
959
960
959
921
900
914
924
939
893
874
870
859
870
855
881
877
894
886
867
903
906
918
920
953
967
972
950
925
954
956
940
906
902
897
890
891
886
913
922
921
908
911
936
935
934
915
937
932
932
921
908
940
942
931
900
917
888
872
866
872
903
926
954
939
959
981
983
965
925
943
943
936
916
956
955
944
918
922
926
930
929
915
935
938
944
951
944
949
964
963
944
957
928
921
907
889
920
933
954
947
960
968
965
961
935
950
943
937
939
925
940
955
968
967
939
946
938
938
926
907
945
954
963
945
930
950
949
948
940
965
976
984
957
953
978
972
967
947
956
973
982
965
939
953
953
958
942
919
929
898
885
852
841
862
889
912
920
961
979
993
981
962
978
974
960
931
941
938
933
919
914
948
961
965
959
938
962
972
965
943
922
938
938
949
928
929
940
944
926
908
933
938
920
909
940
952
955
930
917
938
951
950
934
944
950
940
933
947
976
988
975
946
968
958
975
975
931
939
940
941
941
936
970
976
985
947
953
964
965
958
945
963
971
978
939
917
938
953
972
950
932
946
953
935
920
955
956
955
939
943
956
957
935
909
932
938
937
913
906
938
952
954
931
942
959
963
942
933
959
955
948
928
928
947
954
943
929
915
911
919
910
923
938
941
935
921
937
938
934
915
927
949
963
939
929
965
964
962
938
950
956
939
910
891
910
907
899
906
949
935
934
887
880
882
868
861
878
932
940
912
907
934
941
929
900
888
908
885
844
812
798
781
761
503
971
719
711
709
701
701
695
686
678
675
673
673
684
709
733
766
782
797
793
782
738
716
692
671
657
654
681
770
882
939
1048
1100
1130
1128
1120
1049
1037
1045
1041
956
894
926
986
986
902
916
907
881
932
1014
1089
1121
1122
1122
1120
1114
1085
1077
1074
1064
1097
1104
1078
1108
1095
1065
1044
1084
981
924
877
850
822
796
767
759
747
745
794
967
1060
1064
1080
1074
1084
1066
1054
1065
1076
1047
1073
1081
1086
1082
1052
1056
1058
1067
1064
1047
1036
1060
1063
1070
1053
1056
1031
1003
972
948
914
905
882
881
873
871
884
913
991
1018
1034
1024
1042
1055
1061
1044
1061
1067
1071
1058
1034
998
966
937
929
911
883
833
815
804
785
768
757
747
731
730
731
739
771
821
907
898
850
1309
330
795
781
771
754
755
749
762
804
861
895
885
921
987
1031
1058
1038
1002
1031
1053
1083
1047
1036
1003
999
1002
974
1010
987
994
1030
1033
1043
1053
1073
1076
1035
1061
1048
1026
1001
976
998
1020
1036
1011
1034
1038
1048
1025
998
1017
1029
1035
1021
999
1019
1020
1015
982
968
986
1001
1004
968
934
943
977
996
958
940
965
982
986
974
955
972
949
949
938
936
960
983
982
972
958
987
996
1017
1006
998
1020
1030
1031
1014
971
975
980
976
986
958
930
950
954
976
980
958
982
984
986
961
954
971
974
985
961
945
962
970
979
964
948
973
991
996
969
962
974
974
982
957
955
958
959
966
946
973
983
993
1002
968
965
965
963
969
955
945
951
949
964
946
938
962
968
953
938
956
930
918
898
927
937
956
949
938
965
962
959
941
916
931
937
937
915
928
942
954
937
928
964
956
972
956
943
964
976
979
968
949
963
975
989
979
965
999
1003
996
969
950
949
954
949
938
966
974
984
962
980
987
992
971
923
938
951
960
952
945
967
977
967
945
930
938
951
963
950
956
978
983
979
955
982
995
996
965
960
979
984
992
970
938
946
958
948
945
923
949
951
957
946
936
960
973
975
951
966
973
977
965
939
956
968
973
959
938
962
959
968
993
971
990
998
995
971
939
958
954
938
926
917
902
897
896
917
944
956
949
956
960
961
948
930
923
938
954
972
957
925
951
939
929
901
917
925
949
946
946
978
979
984
957
948
961
957
954
936
921
934
939
942
940
929
940
938
948
936
935
939
948
953
933
953
954
951
924
930
934
937
926
923
944
934
912
902
920
922
928
924
953
966
979
963
952
972
975
979
956
942
942
943
928
914
933
939
955
966
906
891
879
876
862
859
889
896
911
905
894
917
936
953
943
942
972
975
977
963
955
977
963
964
958
935
941
941
948
938
928
936
934
936
917
902
917
923
916
911
939
955
968
953
970
972
943
896
894
895
909
912
944
959
972
961
951
973
973
970
950
942
941
942
943
919
894
885
869
868
870
865
873
887
890
890
898
906
906
897
894
897
891
881
873
885
874
874
868
880
875
873
865
876
874
878
876
872
886
873
872
864
884
885
889
885
881
892
890
896
885
887
892
892
893
882
887
880
877
857
850
847
830
827
835
831
833
846
853
859
862
877
884
889
877
881
876
882
874
868
878
882
887
878
896
899
898
888
907
893
895
876
869
891
881
878
867
866
868
868
857
847
845
830
818
826
821
819
825
845
846
849
854
873
871
877
870
878
875
871
865
874
892
902
892
885
899
894
892
870
874
865
859
851
870
880
885
884
916
909
907
893
886
871
863
850
854
854
862
854
867
881
890
881
875
881
865
859
865
867
868
870
879
905
908
909
892
895
896
892
884
889
901
904
896
890
897
897
908
891
877
882
877
876
875
896
896
899
890
897
887
883
874
891
878
868
863
874
869
861
863
861
856
858
875
878
886
887
899
905
907
894
888
902
894
884
874
896
889
884
871
871
873
873
871
867
880
875
879
868
868
854
837
829
836
815
804
813
803
795
807
805
800
808
821
821
825
841
853
859
854
873
867
864
854
862
856
843
848
839
825
828
842
838
845
840
840
850
838
826
817
829
814
813
808
815
823
831
836
832
857
862
873
870
870
871
874
862
874
872
866
859
871
863
883
874
895
896
908
901
913
915
909
896
896
881
875
873
881
869
864
854
854
855
852
840
834
846
843
875
843
810
798
797
809
833
856
905
931
939
932
924
948
951
947
930
904
927
923
919
907
901
924
934
931
917
903
916
915
913
908
895
912
917
913
885
877
896
899
906
904
888
887
897
906
905
883
889
884
882
881
875
892
889
884
881
899
890
884
879
873
861
869
877
875
896
907
915
938
944
925
936
929
922
930
918
910
926
920
917
900
913
897
881
876
884
881
877
891
885
888
888
896
904
903
889
893
896
896
895
876
855
856
854
851
864
870
876
879
897
898
894
903
909
902
890
909
902
896
899
926
920
908
904
922
919
909
903
917
913
918
906
924
907
896
877
892
888
905
912
908
934
926
904
891
892
874
859
865
873
880
881
879
893
891
883
882
896
900
892
888
904
898
889
885
902
906
900
899
916
914
900
891
906
909
901
903
911
919
908
891
903
897
897
882
886
878
877
868
868
869
873
865
860
873
868
854
854
852
842
834
823
828
813
811
805
824
835
855
864
879
908
909
903
891
890
886
881
873
862
869
851
832
837
843
843
866
883
890
894
918
917
928
922
912
913
917
902
894
901
883
872
888
887
874
879
894
881
875
889
878
873
873
869
857
863
882
889
886
875
874
878
871
856
857
850
828
822
836
823
829
852
860
871
899
893
884
880
881
869
858
855
852
840
828
836
827
816
815
830
828
832
830
846
842
835
835
854
845
835
833
841
830
829
846
842
835
848
844
831
841
846
848
850
866
867
871
864
877
876
868
853
854
849
842
835
834
836
825
821
823
836
857
862
873
873
868
875
867
863
855
867
687
1047
860
852
867
857
869
844
828
831
824
810
793
788
791
794
825
848
857
878
894
903
902
896
903
904
906
897
874
873
870
864
844
834
837
820
825
837
843
849
852
859
882
896
907
914
910
896
908
904
901
895
876
869
871
868
867
871
884
884
876
878
888
885
877
892
894
883
878
888
887
880
882
897
898
896
882
889
874
868
854
853
869
857
867
862
874
893
904
892
879
886
876
857
849
856
852
850
849
860
855
851
847
863
859
848
852
861
861
856
857
869
857
846
855
852
851
849
861
856
858
853
868
869
873
874
877
885
886
894
895
898
903
898
893
880
892
877
875
863
865
876
885
879
863
875
856
851
839
839
857
860
879
890
888
883
886
879
871
866
892
895
896
888
873
880
873
869
855
859
863
860
868
859
845
856
850
856
868
871
864
885
878
866
840
837
831
829
823
826
816
825
858
892
877
882
899
886
902
890
907
888
887
880
871
860
881
875
874
870
891
883
887
874
878
869
863
858
849
865
859
872
865
871
878
864
863
884
869
873
862
874
868
874
871
879
885
886
868
869
875
871
861
854
876
878
876
869
897
896
891
882
870
882
878
873
861
862
864
862
854
854
869
870
872
863
875
867
870
861
864
861
852
853
861
857
852
854
860
858
853
869
882
890
883
896
896
895
885
894
882
871
864
878
868
860
854
857
848
834
847
849
858
849
848
842
834
831
847
840
834
839
856
863
875
873
882
873
867
854
862
860
859
859
859
876
878
871
865
873
869
858
876
872
880
871
866
879
875
868
861
873
869
869
862
875
873
872
869
859
876
858
856
840
845
828
821
814
810
811
810
819
820
815
837
844
842
858
859
853
855
872
873
855
865
863
866
859
875
866
855
855
871
872
870
862
871
854
854
835
853
847
848
840
841
854
853
837
839
836
838
832
846
842
833
839
841
838
831
842
837
830
828
841
835
828
838
848
856
845
851
842
830
822
838
853
869
878
872
868
880
877
862
854
858
841
827
825
808
789
785
800
804
824
846
878
895
896
905
903
887
876
879
868
854
862
850
844
840
840
831
862
874
890
896
925
921
908
893
898
887
876
867
878
865
861
873
866
865
867
894
884
882
896
892
882
884
881
879
869
859
873
871
871
867
886
880
875
867
883
874
863
855
877
873
878
864
866
861
850
837
829
830
819
809
814
824
823
817
830
819
806
805
807
794
791
810
827
842
873
897
895
893
908
893
880
884
858
842
840
805
798
775
769
796
873
955
1031
1022
1018
1002
960
954
933
906
899
869
860
866
859
855
871
857
847
858
866
850
859
853
842
864
864
865
872
867
860
854
866
854
848
860
854
849
855
846
832
827
834
815
802
813
804
796
803
805
789
792
779
773
786
790
798
813
840
852
852
847
858
847
837
849
837
821
830
820
807
817
806
792
796
793
781
778
781
775
784
802
808
813
823
813
822
811
807
815
804
791
790
801
787
774
774
785
778
780
781
791
798
800
795
804
804
802
788
788
793
780
770
766
775
769
768
769
785
780
781
778
794
791
791
785
794
794
793
793
802
811
812
813
813
801
803
806
796
801
793
797
803
801
802
796
794
800
790
782
787
791
787
786
800
794
789
790
801
796
790
797
801
798
790
796
798
794
788
792
804
809
815
818
835
835
845
838
848
850
844
830
833
822
816
812
819
826
833
832
823
835
828
824
813
820
829
840
827
825
843
857
863
876
868
857
866
870
879
879
859
851
853
847
843
838
841
852
850
851
851
859
855
853
843
840
844
842
844
839
854
850
857
852
859
854
845
852
852
844
840
853
845
847
845
859
857
852
846
858
850
847
837
844
834
829
828
836
831
839
837
848
869
864
857
843
850
830
823
807
805
808
803
801
799
817
824
833
833
810
793
767
747
732
733
744
765
791
814
831
835
849
851
856
861
855
845
854
850
854
851
847
853
864
872
883
881
878
892
902
898
879
871
885
881
872
863
858
863
859
854
854
878
881
872
866
892
895
887
873
882
873
869
858
863
854
861
872
868
860
868
892
897
892
889
909
904
889
879
893
890
880
871
892
881
874
855
854
855
852
848
843
865
860
859
851
858
852
845
840
852
840
828
824
845
840
843
841
856
853
853
842
850
845
846
835
850
847
852
845
854
856
850
849
861
855
855
846
848
858
859
846
847
859
860
858
847
862
855
859
853
864
864
864
861
852
871
865
861
862
882
877
862
857
860
852
835
833
833
833
826
840
852
865
867
882
896
880
862
864
873
875
868
889
897
891
877
891
885
876
865
881
871
861
869
888
895
888
885
898
893
886
872
877
870
881
870
876
888
890
877
887
877
858
843
851
836
826
837
823
822
847
857
874
869
876
903
906
891
889
898
895
885
877
898
892
888
875
882
870
868
865
856
876
871
878
864
882
868
859
836
842
832
826
828
846
862
877
875
878
892
889
892
869
862
859
855
844
843
855
860
868
868
906
901
876
841
836
824
815
824
817
823
838
858
858
863
878
873
857
863
871
871
860
879
872
870
876
872
855
854
864
854
849
862
857
852
861
878
886
875
895
898
894
890
909
894
885
874
884
891
894
891
892
902
902
893
867
859
852
844
839
864
874
872
869
882
879
863
861
866
860
838
834
837
826
815
826
824
829
822
832
826
816
835
837
836
832
852
846
833
834
843
842
830
849
853
851
862
874
881
872
868
880
875
860
865
862
855
854
865
869
863
874
876
869
883
876
865
877
862
859
852
863
852
845
830
817
813
830
858
877
884
909
903
878
890
874
858
861
840
826
831
854
859
858
878
890
876
868
884
869
854
845
837
841
817
814
832
824
822
830
859
893
898
896
903
897
897
873
862
869
857
860
856
847
855
872
889
899
895
891
905
896
898
881
883
892
890
883
867
880
876
870
868
870
880
890
899
891
904
904
900
889
877
888
880
883
883
881
914
905
914
910
890
908
903
916
894
870
877
872
886
900
891
907
911
910
904
885
901
888
884
870
858
875
869
859
848
865
859
867
867
872
888
896
881
878
890
889
881
877
881
878
862
873
877
882
864
866
878
877
869
886
880
864
854
877
882
886
884
896
889
892
896
907
907
896
887
903
913
903
890
917
925
903
891
890
900
901
893
869
883
876
880
867
877
876
886
880
874
903
902
897
878
878
873
865
854
849
860
855
852
842
868
856
853
843
846
839
832
818
828
825
823
814
826
847
854
859
854
871
859
847
838
857
849
836
816
814
827
839
840
849
882
884
885
872
867
852
840
831
843
826
820
811
824
837
841
844
840
867
865
873
867
878
880
874
859
863
862
856
854
862
895
912
921
909
903
917
902
901
882
891
882
877
876
858
873
895
903
913
901
911
920
921
920
897
910
905
905
893
896
888
881
864
867
855
848
866
859
853
854
875
880
872
878
891
881
866
871
877
884
873
877
892
894
892
876
877
885
887
874
886
888
878
863
885
875
865
854
865
875
889
886
877
897
885
882
875
889
846
825
799
772
770
758
785
852
906
931
964
967
974
963
938
917
911
921
947
934
906
927
940
939
918
904
911
896
865
875
877
891
913
908
900
912
917
924
920
903
933
928
928
908
908
907
905
913
908
927
965
957
940
922
921
930
927
913
891
912
914
922
914
892
904
893
878
865
878
874
887
886
875
884
866
853
860
857
855
866
871
871
885
892
892
883
894
898
895
885
898
896
892
887
901
898
890
881
896
900
885
895
895
893
881
895
895
896
878
884
884
885
868
876
884
882
874
858
866
862
851
843
850
846
838
843
845
842
839
860
856
851
852
867
866
858
854
865
861
858
874
871
875
876
890
898
896
874
870
874
873
864
861
883
881
867
869
896
888
892
885
898
896
894
882
896
887
888
883
865
883
880
892
874
894
893
876
886
867
857
850
858
893
922
952
943
927
943
940
920
892
899
883
872
856
860
851
850
836
853
854
854
858
879
874
867
871
889
889
879
879
891
889
879
887
887
875
869
889
882
871
864
880
870
865
854
872
862
857
842
856
840
843
832
842
848
850
831
828
843
832
819
813
819
812
819
824
842
866
877
885
871
896
896
898
890
882
887
884
872
851
854
837
820
820
830
829
830
852
849
839
854
868
847
834
848
859
861
853
875
883
903
919
922
916
930
908
891
897
884
877
893
894
891
915
901
896
888
908
900
884
890
880
875
871
896
886
887
885
905
901
901
894
902
901
899
894
896
909
913
895
878
876
866
852
847
840
825
825
831
832
842
868
880
894
891
906
913
912
896
910
909
910
894
899
901
899
893
899
913
912
896
898
886
861
865
848
832
840
832
825
847
849
852
854
877
878
875
868
883
874
864
855
865
858
856
849
869
870
869
867
880
874
871
856
853
855
849
837
830
847
840
845
843
848
849
853
858
864
885
893
897
887
870
879
872
867
860
843
841
824
817
830
821
813
827
828
829
830
846
837
836
852
843
841
853
846
845
849
852
839
838
851
844
838
852
857
867
874
869
880
877
861
872
868
845
830
834
838
844
847
854
888
888
884
868
864
850
835
814
813
813
811
817
819
843
849
851
850
849
861
854
843
846
848
849
842
852
854
850
847
854
863
868
854
854
854
849
847
865
869
870
861
862
861
863
853
842
842
827
830
827
837
868
878
880
873
882
877
858
845
853
843
846
839
837
848
849
854
847
858
871
874
862
858
870
859
845
854
859
862
853
859
862
862
854
866
865
859
860
874
869
877
887
868
870
876
870
864
857
866
849
845
839
855
854
862
869
875
880
902
900
901
880
874
859
852
840
854
837
835
852
869
872
889
896
895
876
868
870
858
845
840
857
853
864
866
877
887
894
871
878
865
857
843
853
852
836
819
826
814
807
811
819
819
813
813
821
825
829
827
846
844
846
842
859
869
881
885
864
863
847
840
843
864
866
854
872
872
867
860
875
869
872
871
878
888
896
882
878
855
853
858
845
835
830
830
812
814
809
803
805
800
818
813
821
846
879
907
910
929
931
908
921
913
898
918
917
908
915
906
901
896
904
909
898
892
886
877
893
892
888
897
910
913
899
919
910
893
874
868
865
875
883
880
901
905
904
893
903
903
876
856
832
827
818
812
813
811
818
839
845
858
850
841
852
849
844
835
851
846
853
845
843
855
852
854
845
845
864
865
858
852
867
861
857
846
858
850
854
844
856
858
861
855
873
876
876
871
882
876
859
874
867
875
864
863
876
872
868
870
857
869
862
866
856
872
862
859
850
865
840
824
811
803
796
801
798
796
800
816
823
803
787
778
766
724
728
728
714
707
702
697
692
689
686
682
677
672
669
666
666
670
674
681
687
700
715
735
750
766
784
765
729
690
680
674
677
693
841
944
896
886
947
1004
1044
1034
1010
1033
1029
1049
1033
1019
1032
1037
1043
1034
1000
990
1023
1025
1021
1023
981
971
976
982
984
955
924
923
938
945
925
948
975
971
960
965
991
1007
992
980
912
888
882
888
861
836
840
865
907
907
909
906
910
942
952
960
1008
1012
1016
1004
991
987
990
989
988
962
928
923
931
928
902
896
926
906
888
893
903
917
929
906
892
883
867
871
866
870
924
933
934
918
956
981
967
925
914
943
938
917
900
923
949
944
911
897
900
885
879
853
847
831
804
772
759
748
732
720
713
714
721
726
744
782
819
886
938
962
950
921
933
958
980
1002
981
972
948
941
930
913
902
880
855
835
820
841
884
920
949
957
938
937
931
921
921
912
931
955
962
933
915
947
939
899
873
850
837
836
822
823
820
825
854
882
904
965
998
1007
975
991
999
989
953
959
970
979
978
951
950
922
873
869
888
881
872
938
932
939
899
895
875
850
854
836
825
815
798
777
766
758
745
735
722
716
713
711
712
715
723
724
727
726
722
728
724
736
763
792
793
886
958
980
976
982
1010
1017
1010
981
947
959
976
1005
1008
990
990
1030
1031
1021
986
970
979
964
951
914
969
979
963
928
923
942
940
940
910
910
949
948
918
910
957
958
939
917
953
954
945
903
904
959
963
945
911
954
975
984
947
924
973
943
902
858
840
834
818
809
819
874
898
938
920
915
961
965
935
940
960
966
949
908
938
936
949
945
938
976
983
981
946
931
971
966
962
919
932
977
974
955
920
961
989
984
939
915
940
921
915
884
882
931
939
914
903
952
945
930
901
897
916
903
890
867
881
893
887
886
857
868
874
882
884
860
876
870
876
884
861
859
872
869
892
869
882
905
894
852
843
871
882
876
893
946
963
950
900
899
914
913
922
896
935
957
952
952
916
961
964
961
963
922
561
1144
988
971
922
924
965
961
951
902
897
929
927
896
903
954
964
954
906
927
929
921
884
882
896
877
872
848
848
867
857
866
839
838
861
841
837
835
853
876
896
914
897
896
926
938
944
907
925
949
956
959
964
931
921
955
944
937
900
943
955
963
950
908
911
936
946
955
913
899
932
939
946
909
901
943
945
944
912
903
947
939
922
895
893
938
934
905
881
915
911
909
871
881
922
925
908
896
944
945
951
916
916
952
949
930
914
940
947
952
926
900
937
929
932
889
883
898
885
896
878
888
938
945
954
915
898
926
926
932
905
906
944
956
971
925
928
967
963
949
906
915
930
930
932
895
902
938
944
936
903
954
953
944
912
902
934
923
920
886
887
895
895
901
876
887
929
931
934
894
899
934
932
929
896
903
936
943
915
903
933
931
931
900
918
956
952
908
910
958
960
941
909
916
909
908
899
889
891
884
867
864
859
836
856
870
903
930
908
930
940
946
940
910
924
938
952
951
927
960
968
951
934
974
972
965
918
922
957
952
929
918
887
884
862
845
849
896
921
953
914
887
914
930
939
916
957
965
979
944
938
990
995
989
940
972
980
979
934
915
925
918
912
883
896
937
948
947
922
960
969
965
928
919
927
914
895
871
900
920
937
942
929
981
992
1005
972
958
994
988
982
939
950
974
984
961
932
966
966
956
913
927
957
955
965
930
930
970
971
955
935
948
936
910
881
887
930
935
932
906
937
954
956
933
918
951
955
954
929
963
952
944
909
912
962
973
949
929
972
968
966
915
906
933
925
920
903
935
952
946
916
903
921
916
911
886
911
903
904
900
894
946
945
955
918
906
919
925
920
913
963
977
985
961
952
984
979
977
929
905
926
926
904
888
927
902
907
882
889
908
910
893
887
924
917
937
916
913
959
967
931
923
972
975
948
926
952
938
938
894
900
920
924
914
889
932
934
940
906
909
950
945
911
905
932
929
894
910
938
926
917
892
915
937
936
906
900
931
920
906
879
888
903
909
893
886
921
918
929
903
931
952
955
922
918
954
959
964
925
938
962
961
928
913
949
938
933
896
922
947
940
909
901
953
965
951
904
910
918
917
915
885
921
921
935
918
899
938
934
926
891
904
923
914
889
880
911
903
913
874
888
910
905
886
862
889
887
898
888
869
912
914
917
877
879
911
913
896
877
917
920
922
885
896
938
935
910
891
927
926
931
895
883
912
909
903
883
919
926
929
910
882
910
908
912
882
855
877
869
875
846
852
896
907
929
894
912
942
945
938
889
884
910
917
908
871
914
895
881
848
851
885
864
826
818
857
895
927
943
910
915
948
955
952
913
941
962
971
953
915
959
956
948
893
874
912
923
934
895
886
932
943
941
907
921
951
941
922
896
935
940
948
907
884
884
864
841
824
811
803
777
763
749
740
740
738
742
762
807
820
879
915
942
951
946
917
896
920
925
931
905
867
904
907
933
936
916
926
907
884
862
839
857
831
806
786
764
747
724
714
698
689
677
677
676
677
677
688
706
744
804
901
960
982
978
994
1034
1020
1034
1013
984
1014
1035
1050
1008
1023
1033
1022
973
588
1230
1037
979
970
919
868
822
796
775
755
724
719
703
691
686
679
672
665
661
652
658
652
649
648
650
522
784
656
660
665
669
671
670
672
672
672
1347
669
666
662
656
654
646
646
650
650
657
656
665
666
664
656
653
654
650
644
646
666
723
832
941
985
993
997
1029
1033
1058
1041
1012
1008
1022
1030
993
1005
1035
1059
1082
1053
1060
1074
1069
1052
1025
1040
1052
1041
1022
1055
1067
1049
1010
1017
1028
1021
985
977
972
971
967
998
1022
1039
1028
991
1006
1008
998
979
1005
1028
1037
1045
1002
1014
1017
1006
993
969
976
975
986
970
965
1001
1024
1026
1011
991
1003
993
989
963
912
924
937
951
964
939
968
986
992
997
961
938
960
971
965
955
968
977
968
948
929
934
937
926
916
933
954
978
974
978
1016
1021
1009
979
990
993
991
972
973
991
995
984
963
982
1003
994
971
958
966
958
947
966
995
1000
986
973
979
980
972
962
954
979
989
978
941
941
965
974
961
957
953
946
945
941
963
979
988
982
965
978
966
963
941
912
917
934
958
973
960
968
987
1003
1009
991
972
983
993
997
1002
992
961
978
979
973
967
938
925
960
974
981
956
946
968
963
957
936
945
960
976
973
963
989
1007
999
961
949
959
961
948
934
937
951
970
957
954
975
978
991
953
928
944
951
959
953
957
973
981
980
959
941
958
944
937
923
908
944
968
978
965
947
960
971
968
957
937
946
948
942
920
930
928
926
940
938
966
982
995
978
950
970
971
967
950
932
960
969
968
964
952
980
1000
993
962
970
986
989
974
966
985
991
998
993
978
970
988
996
975
958
938
950
949
952
937
948
974
988
941
933
940
928
932
934
963
983
998
1000
978
974
981
988
996
970
969
985
991
989
967
942
953
939
933
926
902
922
937
947
938
959
964
960
947
950
965
969
958
941
966
974
974
962
957
983
986
985
969
954
963
967
969
965
950
978
985
984
967
938
946
942
942
925
916
939
948
958
949
954
961
959
921
911
906
910
912
901
920
940
950
953
938
921
943
944
961
954
955
979
976
960
937
926
952
965
978
966
956
979
988
992
974
946
961
970
981
973
956
976
980
982
976
954
956
960
967
970
953
924
949
957
948
926
902
916
927
929
915
911
921
924
920
897
906
920
925
924
913
930
941
950
948
938
962
961
959
938
927
946
942
949
935
926
951
947
931
912
905
922
934
957
974
962
977
980
985
967
950
969
970
969
949
961
965
957
954
934
904
925
936
951
938
938
959
953
941
912
921
926
943
958
955
949
981
991
991
973
964
997
992
1004
943
920
888
875
880
884
921
966
971
1008
1024
1036
1033
1042
1019
987
986
980
976
664
291
923
931
926
910
898
930
943
949
926
901
921
941
956
953
938
969
983
981
952
965
968
969
953
948
975
983
986
964
983
965
962
944
966
974
974
973
944
956
962
955
940
926
939
938
943
932
939
959
963
954
929
956
963
969
958
929
943
956
966
950
929
964
975
958
945
972
983
980
966
947
968
982
984
980
959
957
951
939
907
887
903
909
905
903
906
939
940
932
908
925
937
946
931
918
940
947
945
925
940
952
959
938
951
965
962
933
921
943
954
947
940
964
959
954
937
967
974
978
970
947
968
969
969
955
949
961
959
953
938
971
979
979
967
939
945
955
961
938
936
948
953
962
974
945
938
957
954
953
941
923
935
951
954
947
924
927
947
958
942
905
882
896
907
905
896
894
919
921
917
902
939
926
911
897
903
944
964
987
977
955
979
979
980
956
932
943
943
943
936
919
942
951
945
932
909
925
923
921
900
890
886
882
890
885
893
913
936
937
934
925
958
961
966
963
942
934
942
938
936
919
926
917
901
904
907
932
939
927
918
943
946
949
938
923
933
940
936
930
905
927
931
940
936
926
950
961
960
950
930
937
956
963
957
948
953
968
974
971
957
927
933
933
938
911
908
938
955
959
943
957
955
949
922
921
933
933
944
932
937
948
934
938
918
933
924
921
926
916
946
960
972
954
935
935
942
949
931
927
956
967
968
962
979
986
983
983
961
939
953
959
961
942
921
937
933
936
930
908
938
942
943
930
916
906
897
881
867
869
925
959
983
1001
978
991
991
987
974
956
972
973
969
960
938
948
952
952
938
912
934
928
928
921
945
950
951
935
936
957
963
945
928
951
971
975
963
927
933
929
930
896
884
910
919
922
901
895
922
930
940
929
918
934
937
929
907
911
928
941
940
917
886
904
908
926
938
940
957
979
989
982
961
976
982
972
940
926
938
938
939
922
944
952
946
924
916
936
950
944
929
956
961
960
951
934
940
938
922
909
931
935
931
915
926
928
926
908
927
938
926
903
887
896
917
936
958
955
944
968
959
955
938
910
933
925
931
921
908
933
946
959
950
923
945
938
935
922
916
936
939
938
921
932
932
936
923
903
916
926
929
910
887
889
884
887
892
906
909
923
926
929
919
939
940
945
954
937
927
944
946
951
930
917
934
938
934
914
912
916
901
888
859
858
865
890
914
911
916
958
973
973
952
942
945
938
916
892
914
921
922
907
907
924
930
931
914
898
911
918
908
898
938
948
945
925
920
926
933
928
923
915
933
944
949
937
915
936
945
950
931
912
936
942
948
930
914
929
941
945
940
927
940
948
947
943
914
911
906
915
893
869
874
884
908
896
889
907
926
920
914
927
931
913
926
898
913
921
919
909
900
924
925
932
926
909
923
928
939
930
916
945
957
962
950
930
950
944
936
910
888
915
921
921
914
928
940
947
931
902
917
917
922
906
896
922
936
946
952
942
955
961
939
928
944
949
959
951
924
939
948
942
949
942
924
943
946
938
902
905
895
906
920
901
930
947
963
953
932
947
954
954
943
930
952
950
938
908
906
912
906
894
886
907
909
897
890
891
920
937
957
945
947
966
966
956
942
924
941
949
945
938
953
964
964
943
928
951
954
955
938
925
951
949
924
896
882
893
905
918
912
913
943
946
948
934
933
918
906
919
902
883
892
905
931
938
924
947
951
956
932
910
934
947
951
938
921
943
942
945
927
936
940
941
942
919
930
926
923
917
905
923
929
938
921
897
898
900
902
900
907
940
956
961
937
941
957
959
962
935
914
930
931
926
914
938
949
952
936
935
957
957
937
912
900
900
897
893
884
900
928
936
938
948
924
961
968
965
944
935
950
945
953
933
925
947
948
942
925
935
944
937
924
908
922
927
918
897
888
900
909
905
888
907
920
934
948
937
923
940
942
935
924
921
948
953
953
933
938
947
953
933
940
961
964
958
933
941
947
946
926
900
901
875
872
878
876
916
958
983
995
984
1001
1016
1014
1008
980
980
985
979
952
926
933
935
938
918
905
929
932
942
932
922
945
948
950
931
926
927
936
942
925
902
929
930
939
896
870
874
892
913
938
942
979
1002
990
977
958
971
973
974
963
942
948
955
952
937
928
947
951
938
917
935
948
935
911
935
946
950
937
921
933
939
916
902
917
926
932
901
891
908
908
914
905
887
904
915
928
921
910
934
943
921
918
939
944
940
929
911
929
949
939
928
936
947
944
941
925
945
949
947
928
903
922
926
915
903
902
890
901
904
895
923
934
940
919
914
922
911
892
892
919
924
921
911
902
914
929
935
923
909
927
926
932
917
902
920
928
925
917
880
892
907
928
930
921
939
944
941
929
909
902
895
908
911
910
935
948
951
935
917
944
940
943
917
918
925
933
925
904
929
942
946
938
912
909
909
909
915
899
883
893
909
918
907
898
896
911
917
908
897
917
918
930
922
912
936
941
944
931
908
916
922
917
910
906
937
951
954
936
904
915
922
936
912
917
924
926
905
886
896
896
913
896
884
894
900
913
909
925
933
932
927
911
929
908
927
927
934
951
973
979
964
948
970
962
951
930
946
940
930
909
903
913
912
920
909
884
896
887
888
889
869
897
912
907
892
893
913
928
920
906
936
952
923
910
934
942
936
917
940
946
908
896
875
886
913
938
971
1007
978
957
968
966
970
964
932
895
908
918
934
940
929
899
926
935
954
938
910
918
920
930
920
896
921
941
940
941
902
902
909
918
918
907
939
945
960
967
937
933
964
946
941
942
915
889
905
918
933
902
850
826
804
785
766
746
736
724
714
705
696
689
677
675
671
673
689
715
730
755
736
719
718
723
728
745
742
736
760
814
898
958
917
968
1010
993
999
1025
1050
1044
1056
1069
1072
1063
1046
1025
1019
1013
1018
1007
979
937
948
983
990
989
953
944
934
958
942
962
973
985
956
967
944
949
967
980
985
982
994
993
965
975
976
980
975
950
944
951
938
930
923
898
862
832
820
823
854
886
929
933
940
944
941
960
938
952
1017
1028
1025
979
948
946
941
945
916
934
909
907
932
945
942
983
1002
1019
1014
983
965
965
956
949
938
931
944
946
947
947
934
943
950
956
968
967
943
944
947
942
943
920
942
910
917
909
902
926
931
931
913
904
897
894
909
907
933
968
984
990
957
968
956
952
925
914
938
937
930
910
916
897
884
885
879
876
866
864
872
887
885
876
898
906
924
938
925
924
916
863
855
879
884
871
838
827
827
850
871
878
886
910
919
938
928
931
953
966
978
985
949
935
940
948
976
975
954
945
963
975
981
944
930
904
895
907
921
906
904
902
920
934
925
899
904
911
927
949
946
926
940
939
953
972
943
922
928
906
916
908
879
916
926
932
900
901
890
877
874
857
870
868
881
896
892
886
903
899
902
912
891
889
900
896
909
900
885
892
895
899
910
890
878
875
864
876
872
861
871
865
890
920
893
882
908
919
931
908
899
909
897
916
927
917
920
917
917
923
910
892
918
912
916
919
896
902
918
904
912
889
891
891
870
872
865
853
855
839
829
821
819
843
851
862
878
883
888
919
939
946
950
930
907
916
914
936
953
932
901
921
909
922
909
912
925
925
926
901
883
905
906
923
920
894
905
907
900
909
897
898
903
906
915
896
894
913
909
914
912
895
904
896
890
902
875
866
869
854
869
900
896
896
934
938
943
932
914
939
932
938
912
923
935
925
929
905
901
886
868
875
857
859
819
796
776
755
742
730
723
717
715
719
728
748
771
808
843
871
881
843
822
823
827
826
838
843
833
805
758
728
708
686
669
658
655
653
657
678
699
740
791
860
905
960
981
970
959
943
947
935
921
908
927
934
963
976
952
892
848
832
807
783
748
743
733
746
786
874
904
958
1006
1016
1043
1070
1081
1080
1063
1051
1026
1023
1030
1000
958
920
932
955
938
919
904
927
949
958
966
1011
1043
1034
1018
1021
1020
1034
1036
1016
1002
1006
1014
1017
1034
1011
989
1028
1033
1025
986
973
945
932
919
902
921
954
952
937
931
954
970
991
963
972
961
954
931
927
943
926
921
908
911
936
942
941
923
945
947
957
939
933
972
948
937
898
901
916
907
903
889
897
902
900
883
860
871
861
850
860
892
917
959
975
971
1001
1013
1007
999
967
966
980
996
996
973
979
950
938
917
899
899
869
876
876
881
886
879
905
911
917
944
969
988
1004
999
974
972
981
998
999
961
946
945
931
932
895
878
859
855
877
892
910
939
958
971
956
998
1022
1028
989
1000
1025
1023
1023
993
974
985
979
982
955
943
924
921
920
880
867
851
853
874
870
881
941
965
980
969
997
1006
1020
1010
999
1029
1022
1021
986
983
1001
1000
997
968
929
908
887
891
896
904
922
923
952
942
958
1010
1014
1001
979
1005
1009
1002
965
963
970
960
956
939
945
943
944
960
946
953
984
991
1000
963
961
983
984
962
952
974
977
977
938
921
939
925
921
888
882
854
827
802
782
771
763
759
760
793
850
873
913
904
909
890
855
849
861
879
900
911
851
850
886
896
902
939
950
945
946
917
878
837
813
797
767
752
740
733
734
771
867
950
1023
1027
1016
999
1015
994
1015
1045
1050
1038
1002
1000
983
984
989
976
954
937
947
966
926
880
884
879
874
872
879
879
862
872
900
950
989
1003
986
983
989
982
986
1001
967
943
970
979
979
932
929
947
955
946
917
918
904
893
895
914
975
1002
1029
986
982
991
999
1000
979
973
1005
1022
1028
981
929
941
939
920
916
924
944
948
939
921
955
955
964
953
928
943
950
967
942
938
982
992
985
946
937
929
914
880
856
832
813
794
771
762
754
745
736
738
743
761
806
837
856
918
912
872
846
827
823
827
828
846
864
879
887
839
813
784
762
746
729
729
722
728
732
730
731
734
726
720
714
708
703
709
739
767
771
774
804
830
858
848
820
836
837
852
842
841
867
880
899
866
855
874
866
837
811
818
811
821
821
813
828
845
848
859
847
837
826
813
801
795
786
782
785
786
796
813
818
813
828
839
846
860
843
827
801
782
765
751
723
726
721
728
793
887
940
980
990
1014
1047
1055
1040
1038
996
974
906
852
896
912
962
936
952
1010
1015
1009
967
954
970
961
960
944
967
996
1017
1022
993
1004
1019
1026
1016
984
1008
1015
1023
995
1014
990
974
956
938
979
985
981
951
968
988
997
994
958
968
977
987
938
923
960
961
978
950
941
957
959
962
936
919
953
979
1008
981
989
996
996
993
960
957
968
945
936
916
936
958
997
975
977
1002
1004
982
972
985
979
965
953
979
982
989
970
970
1009
1017
992
966
934
926
927
934
930
924
943
956
971
959
950
938
933
939
915
896
902
896
901
897
922
950
976
985
958
979
986
979
972
949
969
964
980
954
965
976
986
974
954
961
982
989
968
947
976
977
987
956
950
970
971
971
942
953
975
979
975
949
978
967
978
958
937
957
961
982
956
975
986
993
994
966
991
992
992
968
957
975
974
972
942
919
909
909
914
899
926
956
959
948
931
945
967
977
965
930
917
934
937
946
919
926
933
944
964
939
927
938
942
946
920
907
900
887
870
851
845
836
820
660
916
775
761
737
733
723
717
710
697
692
685
678
675
674
676
681
682
680
679
683
696
716
751
787
825
876
927
941
930
957
944
931
973
1004
1045
1062
1060
1057
1030
1021
970
884
830
800
792
814
844
876
937
901
869
851
841
826
813
808
807
799
797
806
828
852
876
884
855
847
849
837
818
813
788
789
795
787
776
769
760
629
868
1468
729
732
716
710
695
695
684
678
675
681
702
735
750
796
897
989
1042
1051
1016
1036
1051
1062
1063
1032
1035
1034
1047
1046
1043
1042
1048
1041
1033
1032
1048
1046
1034
1016
1037
1039
1024
1009
999
984
995
1005
1001
1012
1017
1013
1003
1015
988
965
972
967
974
980
988
988
999
1005
1008
995
994
975
962
948
953
974
984
993
984
984
975
962
963
989
1002
1008
1010
1032
1015
1012
1002
993
975
982
979
998
998
1001
1003
996
1000
1002
1010
1005
994
978
954
954
949
940
938
948
945
963
972
986
1001
989
984
984
969
968
967
961
944
930
934
943
932
945
969
981
980
963
960
959
964
964
947
957
988
1004
985
988
993
988
979
970
960
968
946
937
942
959
965
972
980
993
1004
1004
1006
996
967
958
950
954
950
967
979
978
969
971
961
958
937
939
962
977
999
1006
1005
967
973
955
914
925
935
950
963
965
978
988
987
1004
1008
1001
996
993
996
999
1002
1014
1021
1018
1007
1014
1009
1000
994
989
990
988
986
996
951
923
927
941
962
972
987
982
1004
1014
1015
1000
990
963
965
959
961
955
950
952
977
969
964
955
948
958
979
981
1007
1013
1006
996
965
960
959
972
976
976
979
972
966
977
992
990
995
986
979
979
983
981
959
967
975
982
980
985
985
990
991
997
969
954
939
936
916
908
907
923
946
950
944
955
970
976
987
993
982
975
975
984
992
984
981
982
985
974
966
961
969
961
956
953
943
958
965
968
976
961
955
961
948
955
945
935
934
939
922
929
936
957
980
992
1007
1009
992
968
952
947
956
952
951
957
966
975
965
959
964
970
972
978
980
988
994
1000
990
966
930
911
885
876
873
866
870
879
876
880
889
887
893
900
910
918
913
914
915
912
900
884
889
903
907
912
927
949
951
942
942
938
945
938
944
951
960
963
965
959
964
968
962
951
946
948
943
926
932
937
940
937
938
937
935
931
930
933
928
931
938
935
932
927
915
900
892
891
892
897
901
908
909
896
890
892
893
879
878
885
888
886
883
884
886
895
908
913
916
938
958
961
963
956
965
959
952
949
951
953
958
948
940
934
911
902
896
895
890
895
916
932
938
935
926
929
930
927
934
929
930
934
936
932
934
932
920
917
910
904
910
904
909
914
910
910
916
924
925
926
919
924
938
936
925
918
918
909
913
918
921
912
922
938
940
937
925
930
938
937
930
933
923
903
896
916
918
920
941
942
931
940
943
929
916
897
892
889
890
898
894
904
920
931
946
948
957
971
959
960
961
953
942
938
938
949
947
944
946
952
966
964
949
948
944
938
926
936
954
972
970
984
975
980
970
953
945
926
918
920
924
918
912
908
897
901
909
919
932
942
960
970
990
997
996
998
999
975
967
971
992
983
990
967
924
921
932
946
962
979
983
979
983
976
968
973
976
979
990
990
991
990
973
958
946
917
902
905
874
857
868
894
926
941
961
976
981
979
978
972
973
985
987
987
988
985
981
967
956
949
953
952
955
944
943
945
938
956
975
954
950
949
960
968
988
976
974
972
957
988
971
991
993
981
966
971
976
975
971
951
949
959
947
941
941
938
930
936
923
911
904
897
894
896
896
900
915
922
929
927
938
939
938
922
916
898
896
889
893
900
910
912
903
905
910
904
893
886
888
890
885
900
900
912
928
900
891
898
913
910
909
907
909
923
939
950
910
868
836
815
798
782
773
772
768
769
778
805
841
839
847
859
863
832
813
789
769
754
742
731
729
730
753
809
874
931
962
979
1015
1023
1030
1047
1021
990
1009
1005
1004
969
944
942
946
958
954
979
1033
1030
1029
1016
1006
985
959
956
963
974
1013
1007
1003
1017
1011
1021
1025
1018
1012
985
988
993
999
1002
1006
1020
1021
1023
1015
1006
1006
991
993
989
994
996
1005
974
974
979
978
970
974
975
979
982
979
969
972
968
963
964
948
953
945
950
964
955
953
962
970
976
984
986
992
1019
1003
995
997
994
981
971
971
971
967
956
959
968
973
975
968
984
998
993
988
987
997
988
978
978
979
989
981
985
979
980
999
985
981
966
965
978
977
979
964
969
973
974
984
977
967
953
940
953
960
964
968
965
966
976
976
971
969
978
991
983
984
981
977
993
987
986
985
972
980
974
974
961
946
921
904
901
912
928
938
954
997
1025
1030
1036
1039
1024
1027
1020
1019
1022
974
930
924
925
921
924
908
925
940
934
940
904
866
844
839
837
829
848
877
930
961
974
977
978
978
999
1012
1021
1009
1021
1032
1024
1009
1006
1003
1003
1001
998
998
994
1000
1013
1018
1016
1010
1014
1025
1027
1021
1008
1007
1008
1003
1001
993
995
990
984
985
1004
1008
1005
1003
989
1016
1009
995
938
932
939
941
947
962
981
987
985
975
976
976
979
983
983
991
992
996
1001
1001
1015
1007
985
968
953
955
966
973
977
989
1002
1004
1008
1002
1022
1025
1009
995
996
993
983
960
975
984
980
985
982
1004
1008
1001
1005
994
979
976
965
967
968
979
966
951
954
959
966
965
959
957
970
975
985
973
982
995
1008
997
984
988
976
976
962
942
939
926
926
932
946
976
995
1002
1001
989
999
1000
997
992
994
986
982
975
944
939
943
945
962
978
993
997
1008
1010
1003
1000
999
989
986
980
980
984
984
984
980
970
988
990
977
992
988
998
1004
1011
1018
1011
966
949
947
949
961
963
963
980
995
1006
1017
1002
1011
1013
1009
1007
1000
1015
1013
1023
1016
1010
1022
1025
1009
987
1007
1003
1003
964
943
937
936
941
945
945
940
937
938
949
956
963
962
962
966
979
990
996
987
984
986
982
985
982
979
985
979
969
972
972
973
980
991
996
1010
993
980
971
974
976
974
971
980
985
983
989
984
988
991
983
979
973
965
959
946
941
940
948
957
966
967
963
967
974
984
980
976
980
988
988
992
1010
1015
1014
1006
993
997
990
983
984
981
984
979
962
976
970
957
958
960
966
967
965
984
1008
1009
1015
1011
1019
1019
1017
1002
992
1000
1010
1007
989
967
960
954
950
957
955
950
955
965
981
991
1013
1025
1035
1035
1017
1002
1002
997
993
994
996
1007
1010
1000
992
998
984
977
959
944
940
942
942
950
965
970
964
970
975
974
974
960
953
928
896
320
540
846
836
824
812
801
796
793
791
790
792
791
785
785
787
811
847
882
950
1005
1001
973
944
864
836
807
787
773
768
767
770
782
801
813
830
860
911
973
1036
1049
1048
1045
1063
1082
1090
1062
1033
1029
1035
1026
1014
1043
988
978
969
975
983
1010
1021
1031
1042
1043
1040
1031
1031
1031
1034
1042
1034
1041
1043
1044
1047
1056
1044
1036
1031
1039
1038
1040
1033
1035
1033
1026
1021
1010
1018
1008
989
980
998
1007
1004
1008
999
1000
998
997
994
980
981
980
980
980
999
1002
1015
1004
1006
1008
1009
1007
1016
1018
1022
1012
1005
1000
994
994
994
999
1002
987
982
989
998
1001
1009
1022
1021
1013
1005
1012
1018
1016
1009
1010
1011
998
984
976
975
965
970
972
989
1003
1013
1005
1003
1008
997
987
976
983
993
1001
998
1008
1020
1018
1018
1008
1000
993
989
998
996
1003
1006
1011
995
991
1004
999
973
973
977
969
963
964
960
961
968
990
1007
1018
1010
1000
1000
989
974
955
957
979
979
969
973
976
975
979
990
1001
980
976
987
973
970
975
993
997
1004
1002
1015
1014
1007
1001
999
996
993
987
1006
1004
993
982
986
985
985
975
970
970
966
974
960
960
963
955
953
971
969
967
953
956
957
968
980
970
978
980
979
971
979
985
988
974
972
971
973
974
981
985
985
982
986
987
964
957
961
970
969
971
978
978
987
986
983
980
962
946
951
960
966
970
987
992
988
987
965
965
972
969
945
942
934
928
920
925
932
929
913
928
943
959
973
983
980
996
993
991
992
994
988
982
980
979
985
982
972
964
954
958
959
971
980
983
984
991
977
985
995
1002
992
985
987
992
979
983
996
1003
1001
1003
1000
996
979
967
960
963
966
972
974
976
981
991
983
984
994
1001
1004
1002
992
989
987
980
982
986
980
977
966
974
982
984
975
969
973
979
973
959
942
941
929
921
929
935
948
921
881
871
877
884
903
935
952
968
983
990
1000
1010
1008
998
999
1015
1004
995
980
983
984
977
970
967
953
947
939
948
958
970
976
971
969
969
964
948
937
938
939
946
955
969
973
959
962
955
944
936
940
945
950
965
972
976
977
970
966
967
966
975
977
979
989
994
990
992
997
982
978
975
980
988
982
987
984
970
979
965
976
959
967
973
979
986
993
998
988
981
974
968
965
982
989
993
994
999
985
977
975
979
971
966
970
973
975
968
964
977
988
984
991
1002
1007
997
993
992
996
995
990
992
979
977
973
965
965
960
970
971
983
990
988
988
989
992
982
981
968
963
954
955
968
970
972
981
988
989
989
994
989
977
973
977
974
981
991
1002
998
998
994
990
993
990
985
979
990
996
999
1000
996
986
986
978
967
972
973
960
958
969
974
975
975
978
982
988
974
977
981
983
988
991
1004
1007
998
960
919
911
907
920
933
954
975
1007
1004
1021
1007
1021
1022
1019
1007
1021
1012
1007
1002
994
993
982
967
960
965
964
963
965
981
987
988
987
995
1003
969
949
940
945
948
955
974
981
1021
1017
1018
1030
1024
999
979
953
938
921
910
899
891
901
895
909
923
938
965
950
947
940
955
960
971
974
970
980
991
988
996
997
1007
1005
986
968
968
956
947
950
963
979
983
998
991
993
1001
995
991
981
975
983
982
979
991
1003
1007
1005
986
991
994
987
990
975
965
964
969
972
987
989
985
993
992
988
984
1001
995
992
988
998
1010
1005
1003
989
968
959
955
965
985
1001
1013
1014
1018
1027
1032
1015
992
998
997
995
979
979
976
990
989
978
974
954
943
944
954
974
990
984
989
996
1008
1002
999
995
999
995
1002
1002
1005
1009
1013
1003
1006
1001
993
977
972
972
979
978
980
981
985
992
1001
996
993
995
996
999
990
986
990
981
983
974
969
974
974
968
955
967
972
975
976
989
987
988
989
990
998
1006
1008
999
992
994
989
982
969
967
977
973
962
963
946
933
926
945
971
989
1005
1006
1015
1023
1012
999
990
989
971
961
963
960
971
973
981
983
985
977
970
963
962
963
944
938
936
927
923
933
932
933
954
965
970
973
986
986
982
983
991
984
988
985
986
995
991
984
981
989
976
968
974
976
986
990
990
989
989
986
970
956
956
960
955
956
967
967
961
964
978
982
994
977
961
941
938
918
912
923
937
960
981
1001
1012
1027
1038
1047
1035
1021
1022
1028
1021
1005
999
993
986
981
973
983
983
991
985
984
1000
992
987
981
980
969
969
960
954
951
959
961
962
968
968
967
971
976
972
973
987
994
991
991
996
997
990
982
972
968
957
960
956
957
959
956
962
955
941
942
960
977
963
959
969
983
979
973
977
980
984
976
968
961
949
940
946
958
954
958
952
952
960
969
974
970
973
978
976
977
980
986
979
975
964
962
961
950
960
967
959
952
947
962
952
966
965
976
986
990
986
983
982
983
984
995
997
987
991
989
988
970
953
955
952
955
957
955
968
969
972
966
965
968
961
952
951
953
954
963
964
984
984
990
987
978
972
973
973
973
990
997
1007
1000
1007
1006
1000
984
981
987
979
973
966
973
977
976
971
969
971
979
976
974
973
975
970
956
952
956
951
946
939
938
941
932
929
932
931
935
939
942
940
933
934
948
960
972
971
981
979
979
977
974
976
976
966
958
968
972
963
961
974
975
966
962
969
965
952
937
944
944
944
952
958
973
980
984
981
980
989
993
981
965
965
963
965
949
946
967
967
952
949
968
971
969
965
956
963
966
967
966
968
973
973
972
966
960
957
958
949
953
953
946
946
939
947
963
967
971
966
958
952
941
938
962
970
980
988
994
996
996
975
961
961
970
961
959
966
948
953
937
939
955
966
988
975
973
972
973
981
1000
993
975
981
984
981
972
963
927
907
893
894
916
942
952
964
979
985
985
973
965
977
983
981
988
989
986
991
972
945
933
947
959
975
989
995
1012
980
973
951
940
945
946
946
945
958
971
979
974
979
980
987
983
990
986
986
988
985
973
969
966
956
957
952
952
962
957
956
940
943
957
970
970
971
955
939
941
948
943
957
966
951
940
932
929
912
903
916
939
952
942
941
951
964
975
976
967
977
977
985
982
989
987
984
979
975
982
974
966
957
957
955
943
944
947
943
934
921
919
921
932
936
948
965
977
976
966
952
949
954
959
961
956
954
970
969
972
976
982
983
979
969
959
961
965
972
971
976
979
974
970
962
951
944
938
937
947
952
954
953
961
959
961
950
962
959
965
980
994
1006
1003
993
979
969
968
964
952
955
952
945
953
949
958
969
974
981
983
989
988
982
988
984
991
994
992
985
986
986
985
992
992
973
966
964
963
959
956
960
957
960
958
957
957
952
945
936
940
944
946
938
951
948
957
957
972
978
981
974
975
970
967
944
945
953
972
977
966
961
959
949
949
955
969
974
979
975
991
988
974
964
972
972
969
972
976
981
978
976
968
976
979
967
968
964
952
933
931
922
946
952
962
969
978
986
994
989
982
994
993
984
955
941
940
939
927
942
940
943
956
963
972
972
971
972
978
980
969
960
963
948
953
954
950
958
957
967
970
973
977
974
975
975
978
968
959
957
966
963
963
955
957
942
941
938
942
944
945
958
964
958
962
974
990
977
974
976
964
974
962
959
969
981
979
975
978
983
966
966
963
974
970
969
961
963
947
944
945
953
955
952
945
948
955
956
959
967
968
962
946
942
940
943
948
951
964
966
965
956
958
956
958
953
945
956
963
967
973
982
980
983
979
964
968
959
952
952
961
957
962
962
963
967
974
962
951
946
946
957
960
960
972
941
922
910
913
911
927
929
928
943
947
949
959
980
987
969
958
952
947
930
938
940
947
957
959
963
968
968
963
978
970
970
964
971
966
953
954
965
961
951
937
935
933
936
938
945
958
961
968
970
985
985
982
972
967
957
954
943
942
948
947
947
948
947
941
936
937
932
937
931
938
957
976
976
981
979
982
981
980
979
975
973
977
969
947
939
937
935
938
938
949
954
952
949
965
959
955
966
978
966
959
945
940
937
938
941
947
962
977
972
965
962
964
967
978
966
972
963
954
953
951
946
936
941
942
943
950
957
952
951
961
968
967
983
953
944
948
962
958
948
954
974
982
979
968
965
968
948
943
937
944
950
950
948
946
947
954
954
968
974
974
972
977
981
978
964
974
970
974
968
968
979
982
986
971
978
992
976
959
958
955
948
956
945
930
932
913
900
899
918
917
945
967
976
991
1001
1013
1014
1022
1029
1026
1023
1007
999
1008
996
979
962
949
938
926
932
945
949
947
946
958
962
968
971
988
1003
1003
996
982
977
969
957
954
940
941
935
934
941
966
967
971
961
953
970
960
952
950
954
938
937
941
930
940
926
947
964
971
973
967
963
953
948
949
959
956
955
957
963
965
966
970
945
953
955
964
946
934
933
930
924
930
941
955
961
962
960
966
961
958
946
949
951
950
948
958
960
960
950
945
957
952
954
950
951
950
936
930
924
918
924
937
923
934
939
948
938
947
956
959
954
951
974
980
979
976
977
979
976
969
954
965
972
960
953
954
956
954
953
946
938
939
939
930
927
936
948
963
965
972
972
976
975
972
965
955
959
947
934
934
938
932
935
940
949
955
949
943
947
932
930
938
939
940
938
939
944
948
944
934
926
933
935
944
953
967
965
966
961
939
957
962
959
957
951
950
946
940
948
946
937
932
928
936
943
950
951
960
972
967
966
956
962
957
955
947
954
963
964
957
962
940
926
922
915
921
908
921
943
953
953
938
936
939
943
947
956
965
973
971
970
966
964
960
957
964
964
964
949
937
928
924
938
941
961
965
957
963
974
968
962
955
949
957
958
958
969
970
976
975
972
978
975
980
972
972
983
983
981
979
973
977
962
939
928
918
915
909
928
942
951
955
950
959
948
933
939
927
928
922
925
924
926
940
938
952
977
979
979
975
968
948
951
949
957
946
949
950
958
962
951
953
960
969
959
955
957
973
967
974
963
960
969
970
966
963
971
957
940
941
928
924
921
926
932
940
945
935
944
951
949
933
944
952
960
956
961
974
983
975
965
966
954
941
938
934
924
932
937
932
939
946
941
950
949
945
941
938
929
919
907
908
910
913
928
941
959
937
946
952
944
949
940
937
937
933
946
954
964
983
985
993
981
968
977
974
967
943
929
920
917
910
914
921
933
945
948
953
925
916
901
885
889
893
920
922
923
931
927
946
949
944
961
970
979
981
963
965
972
975
969
963
963
958
963
950
945
961
957
951
941
933
929
926
923
924
916
923
920
924
925
905
887
901
920
920
931
940
959
954
965
975
979
971
972
975
970
962
959
964
964
962
945
958
952
930
916
902
899
896
906
922
932
943
944
933
929
919
928
937
942
949
966
965
969
969
969
972
960
948
941
926
935
932
920
926
929
934
926
921
916
920
931
935
947
965
966
942
911
901
919
928
936
926
920
925
926
943
956
962
980
982
987
973
955
939
939
924
924
923
920
896
898
915
922
951
961
981
994
1008
1016
1014
994
997
999
996
988
972
969
971
978
970
961
956
939
947
938
936
947
944
938
946
971
963
961
962
967
970
961
954
948
949
951
944
946
952
960
963
949
946
950
950
942
942
944
950
946
939
925
920
917
921
921
920
925
917
922
932
935
942
954
974
981
972
954
959
938
908
896
885
883
879
888
895
907
920
924
928
936
934
912
922
925
937
950
908
903
912
901
910
920
936
948
956
962
971
993
1003
996
998
971
978
970
973
955
937
935
940
953
944
955
963
970
981
972
966
969
958
952
936
933
945
958
968
970
952
946
954
971
973
968
979
980
958
942
941
943
941
938
944
949
951
950
940
937
916
910
893
883
881
895
909
928
944
952
949
952
939
933
942
941
936
933
939
926
915
909
905
913
941
921
938
953
970
962
918
938
949
953
962
967
980
980
987
996
998
1003
1003
1000
1007
998
982
978
952
921
906
904
910
911
915
919
934
932
929
923
938
946
947
949
963
968
970
951
955
952
947
943
945
952
909
900
882
904
925
940
959
968
983
984
996
997
987
986
986
985
979
969
969
964
949
936
933
937
936
924
934
934
933
927
920
929
931
929
924
934
922
918
908
904
913
931
942
955
964
974
983
975
965
965
952
941
937
937
949
955
958
951
960
967
974
970
963
960
938
916
879
858
842
814
790
777
766
753
740
732
724
718
713
708
706
707
709
711
722
735
731
733
729
722
707
700
699
718
761
819
836
854
905
963
1001
1004
982
991
995
1036
1069
1054
1043
1080
1098
1105
1103
1095
1086
1063
1052
1021
1021
1034
1045
1051
1025
1019
997
1013
1025
1037
1060
1012
1021
1030
1024
1025
1003
979
969
951
926
895
878
883
941
960
1002
1026
1043
1066
1063
1055
1050
1050
1042
1059
1062
1073
1065
1066
1061
1051
1033
1004
963
938
934
919
880
859
858
882
906
938
993
1046
1047
1058
1078
1076
1061
1068
1071
1063
1048
1020
1009
1028
1024
1037
1023
1031
1028
1023
1012
977
939
939
938
924
941
992
993
998
1007
1035
1029
1034
1018
1008
1004
976
945
950
971
978
985
983
991
993
995
979
969
1002
1004
1005
997
1008
1011
1002
979
968
954
945
935
939
964
977
975
987
994
986
992
986
984
988
980
975
961
976
977
981
974
982
996
986
985
984
976
951
943
943
948
964
962
973
946
934
934
934
956
957
975
995
1006
1011
1011
1011
1016
1010
983
974
972
953
965
970
963
945
961
980
1008
1022
1016
1000
949
927
913
896
868
859
839
828
817
806
795
786
778
772
767
761
755
750
748
747
753
766
806
876
927
953
961
957
938
866
809
781
755
741
731
755
851
944
886
895
941
996
1041
1051
1045
1048
1055
1045
1039
1030
1046
1012
957
925
931
948
1008
1035
1051
1060
1063
1057
1070
1056
1046
1023
1021
1022
1027
1030
1028
1028
1017
1009
1005
1007
1023
1004
1001
970
931
883
858
829
808
800
814
820
854
863
839
827
819
829
846
889
932
980
1029
1035
1018
975
949
928
886
857
833
801
599
1256
448
736
735
723
714
705
705
702
707
736
809
589
284
891
921
989
1000
1010
1014
1008
996
1035
1056
1085
1064
1021
994
989
997
1023
1012
995
1021
974
930
890
860
877
902
930
978
994
993
1026
1034
1021
1011
1026
1030
1019
1010
1025
1038
1019
1003
998
986
985
983
992
1021
1018
1032
1033
1010
1004
1002
997
972
974
980
997
1000
992
983
998
999
999
975
965
966
962
949
940
931
912
889
872
887
913
948
975
995
983
1010
1005
979
924
899
887
888
893
890
916
945
961
976
983
991
997
1001
980
973
935
934
919
930
939
939
961
985
988
977
1004
1024
1021
1013
978
926
898
891
910
890
862
843
837
854
878
921
964
997
1010
1012
1009
1021
1020
1031
1014
992
1005
1000
995
975
967
975
988
1010
1013
1028
1023
987
946
913
901
905
924
933
962
1002
1018
1018
1009
1004
1004
989
972
951
955
953
950
955
956
957
968
956
947
944
938
938
943
944
944
949
965
994
998
981
939
919
928
907
902
902
922
920
932
942
953
967
965
971
964
940
935
930
935
930
945
968
982
980
948
930
909
899
889
903
910
906
899
899
901
901
917
899
908
903
895
906
922
945
954
956
957
955
946
946
928
935
949
954
965
969
979
983
980
993
999
990
993
995
968
947
921
925
907
877
862
875
884
900
916
929
947
970
987
997
997
1000
1001
1001
1006
993
1008
1017
1017
1014
1004
989
977
962
965
956
964
970
971
968
990
998
1000
978
965
963
972
959
954
955
957
960
954
928
921
937
951
951
957
957
959
953
951
947
944
973
974
979
971
976
969
952
944
920
900
897
903
925
951
1004
1026
1036
1029
1021
1026
1021
1020
1006
996
996
988
979
978
983
990
950
937
935
945
961
981
982
987
994
1003
998
986
981
973
985
985
971
961
963
972
982
976
975
980
978
984
980
984
976
968
960
977
982
983
980
966
976
983
983
977
984
993
997
998
984
970
967
965
951
935
950
939
937
933
960
981
977
977
965
960
953
943
941
941
955
934
926
935
927
943
962
958
963
954
956
956
944
947
950
970
977
984
982
990
987
976
981
971
983
989
983
989
990
984
980
986
977
948
940
938
938
929
939
954
965
971
962
984
995
992
996
987
981
990
983
979
973
985
994
977
966
964
973
946
918
914
884
866
855
876
896
920
947
966
998
1022
1044
1047
1037
1031
1032
1029
1027
1019
1026
1026
1031
1027
1015
1005
990
982
999
1006
1007
994
1002
999
997
996
988
996
1002
999
1001
999
1001
978
956
959
965
961
954
961
974
985
985
1001
994
985
979
976
963
948
945
945
949
974
980
978
966
942
942
945
952
949
972
977
986
993
1006
1027
1029
1025
1015
1016
1017
1007
995
979
978
976
964
954
945
935
931
942
964
980
992
984
989
1002
1003
999
996
1005
997
986
985
984
982
987
979
975
986
1002
990
988
990
1003
1005
995
993
993
976
955
938
943
957
966
977
984
1002
990
979
985
999
987
980
975
987
971
951
927
930
943
965
976
986
1005
1014
1028
1021
1002
1004
1009
1002
1007
1000
1012
1008
995
977
970
950
938
938
953
962
964
961
956
967
970
969
961
966
965
967
969
974
998
1003
999
993
989
989
986
973
934
926
915
914
929
905
863
840
827
813
807
808
809
813
815
817
813
808
797
782
773
766
755
747
737
729
722
715
709
705
698
692
688
691
705
719
717
729
783
870
896
898
878
955
984
953
955
940
538
399
1023
1056
1082
1116
1104
1114
1115
1210
896
952
896
887
916
964
984
992
1041
1009
1030
1043
976
904
872
871
906
994
1084
1117
1130
1106
997
956
941
937
941
965
1034
1089
1079
1064
1047
1032
977
918
894
877
900
957
1007
1050
1077
1031
1024
990
958
970
980
1003
1031
1066
1101
1105
1093
1079
1085
1074
1075
1055
1052
1037
1042
1042
1043
1044
1053
1041
1022
967
950
921
890
856
838
828
837
864
896
909
907
916
959
982
1021
1025
1050
1043
1038
1051
1033
1043
1058
1053
1070
1091
1073
1050
1014
992
935
897
855
827
813
802
792
790
802
839
906
947
976
1012
977
926
890
860
829
813
802
793
788
797
815
854
897
933
955
966
967
951
964
976
997
989
933
882
866
874
893
895
890
871
854
843
835
832
817
811
809
826
858
902
921
938
960
981
1007
979
932
942
954
970
995
958
893
877
882
905
904
921
952
960
941
902
894
878
858
843
821
811
794
775
761
747
746
744
752
879
614
471
266
729
714
704
685
670
661
652
648
641
640
652
884
550
786
828
880
931
979
982
985
930
857
808
373
424
782
779
564
254
499
420
707
798
814
834
852
853
847
886
933
951
922
913
942
937
940
915
908
925
927
920
893
865
882
887
883
842
813
816
832
829
857
889
902
855
841
857
869
870
873
918
964
969
938
929
950
939
913
897
924
956
988
967
967
1006
990
959
915
943
927
925
898
928
940
939
927
955
958
950
908
911