954
930
932
954
979
987
972
984
987
984
935
904
930
964
987
995
1005
979
964
990
1003
1016
1022
1021
964
975
990
996
956
943
952
966
977
957
957
979
1001
1008
1012
1011
1015
1010
1011
979
941
962
980
990
941
934
948
941
910
913
950
974
995
967
965
985
978
980
954
954
954
970
972
946
921
950
960
970
976
961
923
938
935
948
941
935
966
966
939
885
858
880
904
899
928
945
981
1013
1022
1026
1021
1016
985
947
943
989
1016
1030
988
968
994
1000
1002
947
940
965
1000
1016
977
964
988
996
1010
1014
1003
1024
1019
1010
1025
1015
995
993
1001
1002
983
950
966
993
1015
1016
1014
984
969
964
967
966
946
966
967
972
945
942
985
985
992
981
978
997
1013
1017
1016
994
953