1015
1041
1059
1047
1051
1035
1027
1041
1061
1089
1075
1045
441
2389
861
850
850
856
876
923
986
1006
1022
1019
1046
1028
1051
1045
1085
1107
1073
1091
1111
1086
1051
1032
1075
1091
1060
1027
1059
1068
1066
1020
1037
1074
1089
1115
1111
1107
1141
1166
1169
1156
1135
1127
1145
1148
1143
1077
1025
972
969
966
991
1046
1051
1040
1030
1046
1056
1048
1026
1025
1041
1046
1031
1054
1097
1129
1147
1153
1145
1141
1146
1157
1149
1132
1050
982
974
1037
1011
978
965
1012
1042
1041
1049
1098
1123
1128
1170
1202
1208
1209
1206
1227
1220
1220
1232
1193
1170
1179
1190
1179
1115
1042
1063
1069
1089
1080
1118
1178
1202
1167
1139
1136
1140
1139
1139
1123
1111
1128
1138
1146
1148
1146
1092
990