985
954
929
961
989
1005
1008
956
920
946
984
1002
883
865
905
896
846
847
888
935
909
923
957
924
866
914
984
1022
1050
1075
1071
1010
1021
1061
1073
1090
1041
984
1044
1063
1085
1105
1052
1011
1039
1065
1085
1099
1047
1011
1034
1051
1086
1040
1040
1060
1078
1056
1016
1052
1080
1090
1104
1045
1063
1073
1092
1096
1052
1035
1062
1103
1110
1114
1050
1068
1096
1095
1068
1070
1086
1082
1081
972
943
937
880
918
887
916
960
1021
1034
1047
1052
1025
986
1023
1052
1088
1104
1059
1026
1051
1075
1088
1042
999
1039
1064
1083
1002
978
1017
1043
1064
1082
1024
1010
1043
1054
1057
1076
1063
1060
1072
1087
1076
1079
1047
1026
1038
1044
1054
1077
1084
1075
1044
1013
1030
1050
1060
1024
1009
1051
1077
1074
1047
1072
1096
1104
1087
1055
1073
982
980
1037
1001
1042
1071
1092
1094
1087
1090
1087
1085
1083
1093
1098
1104
1066
1038
999
1008
1057
1075
1029
987
1013
1017
1041
1005
1035
1048
978
960
946
904
922
907
920
996
1051
1073
1064
1032
1034
1060
1070
1081
1089
1081
1079
1086
1088
1059
1010
1027
1071
1099
1104
1055
1021
1058
1072
1063
1059
1072
1051
947
903
889
984
1056
1080
1081
1085
1092
1088
1040
1008
1047
1079
1099
1078
1006
1028
1064
1075
1114
1115
1104
1011
968
1009
1045
1074
1079
1086
1064
1027
1019
1047
1081
1106
1131
1107
1074
1030
1051
1082
1092
1075
1041
984
997
1033
1065
1088
1045
1017
1042
1067
1090
1085
1082
1079
1059
1015
1026
1069
1090
1086
1036
1006
1021
1041
1062
1033
1021
1044
1052
1060
1034
1035
1062
1067
1053
1045
1042
932
946
963
984
957
954
985
996
985
967
1006
1027
1039
1022
1023
1045
1068
1079
1068
1077
1082
1001
922
927
953
946
960
980
996
1018
1028
1040
1044
1015
1028
1053
1063
1093
1095
1087
1045
1040
951
935
958
989
1040
1009
927
893
858
896
956
967
906
939
976
988
1012
948
901
861
891
880
886
941
982
1014
1021
1012
1023
1029
1018
1006
1006
1018
1015
932
951
996
1016
1027
1029
1021
1011
990
894
909
945
976
966
951
907
938
958
973
991
1021
1006
911
862
838
879
933
973
990
995
1005
1017
993
942
937
971
1008
1028
1047
1023
948
965
987
1015
1048
1059
1060
967
923
937
982
1010
1025
981
966
983
1009
1038
1057
1063
1067
1063
1057
1027
957
961
993
1012
1017
982
964
990
1023
1053
1054
1033
971
912
952
982
1026
1056
1027
1023
1040
1053
1057
1056
1063
1018
992
1014
1042
1055
1065
1052
1006
983
998
1023
1047
1046
1044
996
977
1009
1038
1059
1068
1060
1063
1062
959
888
858
840
876
930
896
929
974
978
991
1010
1023
1005
921
913
970
999
1026
1027
1030
1013
977
999
1016
1035
1060
1061
1027
929
943
964
988
1008
1000
962
964
987
997
1013
1038
1048
1016
1001
942
951
970
982
1009
1003
996
1004
1004
1023
1006
904
857
877
929
985
1019
1013
999
983
968
997
1025
1063
1062
1019
994
992
1029
1055
1068
1069
1020
1000
1034
1029
1037
1023
981
1002
1022
1027
1010
967
994
1023
1050
1061
994
937
945
953
977
988
999
994
995
991
989
998
1004
999
899
885
912
945
975
986
972
975
979
979
985
946
915
925
947
989
1005
1002
991
950
937
946
965
969
985
931
910
918
936
962
972
977
955
971
994
992
1006
1010
979
960
982
990
993
995
956
932
935
953
967
979
964
948
957
970
980
1007
1019
977
944
942
966
992
1016
967
946
954
988
1005
989
956
964
983
988
947
910
934
960
975
984
996
1009
975
958
967
995
1020
1038
997
985
1004
1021
1037
1043
1050
1016
995
1021
1049
1086
1101
1035
1001
1011
1021
1060
1050
1004
969
984
1011
1016
994
1019
1048
1052
1068
1011
981
976
1008
996
914
869
834
837
836
898
949
974
978
987
997
995
990
992
920
923
940
973
941
896
874
830
838
811
821
837
881
929
957
956
972
973
979
969
940
971
988
1005
1022
1038
1014
992
988
993
991
996
998
989
994
914
873
916
959
994
996
947
956
998
1012
1010
1012
1017
981
974
1005
1022
1045
1071
982
913
836
832
803
770
765
757
741
728
722
723
730
726
719
718
722
723
729
723
723
744
746
754
735
746
741
749
759
772
762
780
791
796
793
754
754
747
741
746
759
776
797
790
771
750
754
772
791
818
859
834
813
807
795
801
811
775
770
786
812
814
813
836
854
864
876
883
871
794
780
751
734
767
844
882
889
891
911
915
905
907
913
917
923
902
837
801
830
865
873
877
923
818
814
816
815
804
788
776
776
778
774
776
773
752
754
765
781
796
812
805
821
830
850
873
877
875
885
841
811
819
816
823
808
779
784
785
804
831
838
883
896
936
955
964
952
976
979
982
986
946
893
887
923
977
948
1003
983
891
853
865
828
842
858
895
923
941
953
952
875
830
861
915
1027
1081
1094
1072
1038
983
995
1032
1079
964
975
977
997
996
996
955
1000
1017
1025
1035
1001
996
1032
1049
1057
1039
1069
1068
1066
1068
1026
1066
1085
1075
1009
1002
1043
1042
981
1024
1041
1040
1010
968
997
1009
1019
1017
981
1000
1012
1035
1058
1063
1055
1011
986
1011
1033
1057
1044
990
955
968
998
1008
978
976
1005
1004
1019
1021
1003
983
1003
1011
981
991
966
937
958
975
987
983
967
980
1015
1031
1030
1051
1050
1043
1021
1040
1039
1032
1011
991
1021
1039
1044
1035
1011
1029
1043
1057
1032
1055
1054
1039
1015
1012
964
962
974
973
997
950
934
972
1011
1046
1049
1032
1011
932
897
924
978
1028
1038
1039
1023
1015
1003
999
981
965
1019
1041
1067
1079
1036
1003
1015
1037
1056
1021
1041
1033
1001
1010
1000
999
997
991
996
980
911
939
1019
1055
1020
974
1010
1000
984
981
978
974
984
987
974
965
955
952
969
977
969
967
975
975
962
931
914
906
895
845
881
870
894
900
914
921
940
926
911
924
920
937
957
966
977
981
1005
1003
964
943
946
953
946
924
934
964
982
998
1007
1012
1007
949
895
864
863
838
865
912
941
893
864
897
921
933
932
928
914
909
896
914
913
957
963
965
951
927
949
964
916
938
951
959
931
942
967
986
1010
1024
1023
1001
995
1027
1039
1060
1067
1074
1045
1021
971
979
1014
1023
1045
1036
1019
1003
991
984
986
998
989
962
948
935
905
924
959
956
927
933
947
945
925
916
896
854
832
816
818
834
854
860
882
894
910
924
919
936
948
989
1010
949
924
937
981
1013
1037
1036
996
996
1014
1033
1028
1001
952
972
992
984
923
938
966
967
952
930
959
994
1021
1019
1027
1042
1058
1029
1036
1053
1060
1059
1043
1035
1054
1068
1054
1013
1041
998
997
1020
1016
981
1007
1002
1003
1025
1046
1050
1047
1020
1023
1033
1050
1075
1058
1063
1001
993
1028
1066
1065
1051
1058
1062
1023
1047
1051
1060
1049
1031
1025
1015
1021
1032
1036
1051
1047
1021
1050
1065
1079
1086
1063
1029
1000
965
930
978
1033
1050
1038
966
963
963
999
993
976
952
936
899
925
938
931
951
910
871
839
807
796
765
774
767
771
798
795
832
869
924
976
988
970
959
974
996
1006
1033
1067
1087
1103
1090
1073
1007
923
888
948
1012
1031
1020
1040
1051
1087
1106
1118
1087
1067
946
883
883
896
917
920
920
879
883
890
921
923
903
896
861
891
900
916
937
949
945
967
908
932
966
980
987
979
943
963
963
977
991
974
1017
1041
1034
1045
1037
1038
1006
989
1027
1032
1013
989
1011
1017
1021
1024
968
987
972
964
962
958
985
995
1001
1031
1063
1083
1096
1104
1037
1005
1031
1040
967
967
1004
1004
997
972
1015
1060
1087
1093
1097
1094
1054
1067
1079
1101
1113
1067
1087
1117
1135
1081
1075
1082
1079
1037
1070
1098
1094
1082
1097
1064
1025
1063
1083
1086
1041
1060
1072
1060
1048
1035
999
1023
1044
1060
1068
1063
1054
1038
1014
1028
1039
1006
1024
1034
1004
976
1007
1021
1006
990
1033
1063
1062
1056
1057
1063
1033
986
991
1037
1068
1049
1046
1042
1052
1050
1043
1056
1053
1027
1049
1072
1080
1030
1043
1072
1068
1074
1077
1048
1036
1053
1064
1045
1045
1061
1062
1056
1013
1019
1049
1059
1077
1086
1031
1032
1057
1073
1075
1060
1091
1100
1048
1036
1063
1099
1104
1066
1072
1085
1102
1101
1072
1067
1076
1068
1031
1030
1041
1046
1011
982
1007
961
903
885
972
1038
1059
1025
1041
1066
1073
1082
1090
1100
1093
1099
1063
1060
1077
1097
1109
1047
1018
1049
1084
1071
1061
1073
1087
1084
1051
1063
1082
1094
1075
1081
1094
1093
1073
1075
1089
1089
1064
1022
1034
1047
1011
937
958
981
982
954
980
1005
999
997
1028
1044
1052
1062
1075
1048
1058
1080
1102
1099
1093
1091
1047
1022
1046
1070
1079
1022
1047
1068
1059
1016
1021
1042
1049
1020
1037
1052
1061
1042
1059
1065
1071
1069
1087
1098
1084
1055
1073
1087
1085
1042
1041
1055
1057
1021
1037
1063
1078
1053
1074
1090
1053
1016
1027
1036
995
1009
1047
1065
1039
1048
1068
1081
1077
1050
1061
1070
1088
1098
1106
1085
1072
1018
1011
986
985
931
955
973
956
961
938
958
985
1014
1052
1063
1021
1052
1072
1079
1060
1013
1069
1072
1057
1052
1063
1072
984
1015
1049
1051
1012
1031
1039
1034
1003
965
969
974
986
1004
1021
1040
1034
989
1012
1030
1050
1057
1066
1068
1073
1078
1086
1087
1032
1018
1037
1066
1105
1040
937
917
946
985
1030
1070
1088
1076
1067
1091
1095
1104
1103
1085
1055
1045
1063
1074
1091
1099
1080
997
965
932
933
976
1015
1057
1011
984
1006
1022
1079
1104
1111
1093
1089
1095
1092
1074
1004
920
880
879
942
1001
1010
965
987
1047
1097
1110
1124
1130
1120
1080
1064
1074
1102
1118
1118
1073
1053
1076
1066
1012
978
1012
1022
1001
971
981
992
981
961
974
1008
1016
1022
992
1004
1027
1019
1017
1027
997
1012
1028
1046
1063
1041
1031
1033
1040
1036
1045
1062
1028
1026
982
974
1003
1011
1025
945
953
1002
1037
1042
1056
1053
1026
965
924
932
930
934
952
938
923
959
999
1025
1037
1042
1042
1002
897
906
886
893
896
924
930
927
889
887
889
905
940
979
1005
994
989
937
888
898
920
951
982
996
991
1000
989
995
1016
987
996
1005
997
987
911
872
889
868
864
976
1007
975
934
979
1015
1039
1040
1040
1031
1001
969
902
876
877
888
915
938
961
935
940
968
979
983
998
960
981
972
936
918
918
944
960
966
976
964
945
972
998
1005
1016
1013
1021
995
986
1011
1028
1046
966
929
893
832
842
820
854
890
904
921
894
912
927
921
939
969
989
1003
980
1019
1047
1043
1004
1009
1038
1048
1029
1021
1058
1076
1095
1102
1069
1014
998
1025
1068
1086
1044
1011
1044
1071
1052
1037
1050
1033
996
1037
1053
1034
1071
1067
942
979
974
959
966
978
988
938
878
879
899
897
906
919
932
939
897
914
938
951
976
968
960
899
916
938
939
955
979
971
948
927
904
935
916
951
983
985
1016
991
996
942
965
988
989
983
924
950
956
951
934
948
927
952
960
957
966
975
972
930
957
985
999
998
1001
1006
1006
951
897
872
894
922
942
904
901
931
966
979
999
1021
1027
1028
1042
1040
983
1015
1025
1027
933
881
872
936
937
993
1036
1042
1042
1045
1004
1001
1023
1026
1048
1036
1030
1026
1000
1017
1040
1056
1075
1046
1041
1040
1020
1036
1052
1041
1048
1060
1074
1086
1057
1019
1032
1064
1112
1077
1048
1020
969
1002
1006
999
998
970
940
963
998
1019
1035
1026
1009
989
990
1012
1028
1004
1015
1046
1008
994
1021
996
943
962
990
1005
1018
1032
964
977
988
991
971
969
945
916
882
867
826
813
783
771
754
743
734
714
711
702
697
697
698
689
684
687
681
707
734
769
814
868
925
953
881
851
853
862
876
871
863
858
831
777
764
775
771
771
775
795
793
805
839
829
826
825
841
875
907
919
904
916
912
920
935
952
938
952
955
931
928
941
907
864
848
870
899
927
937
897
906
930
956
963
947
952
958
924
916
875
924
903
884
878
863
847
806
786
758
749
753
781
795
784
808
836
858
858
883
885
839
865
843
830
820
817
827
823
799
794
812
840
856
885
952
992
1008
979
978
1007
1020
961
936
947
952
940
912
892
841
838
843
843
841
812
813
816
814
808
833
854
883
887
912
931
941
937
977
967
941
898
877
834
805
800
807
830
859
879
901
890
852
841
822
824
836
843
846
783
789
781
797
818
836
803
790
793
798
782
783
795
800
787
783
802
816
844
835
820
846
871
882
864
884
909
914
862
835
817
820
844
854
854
817
804
814
830
829
828
824
822
816
836
851
861
840
860
877
877
864
896
911
875
883
918
951
944
938
957
956
957
954
956
975
987
981
940
932
940
914
849
833
816
799
790
792
776
785
790
771
777
781
787
791
786
779
768
767
763
763
757
754
774
803
821
828
877
872
821
784
758
781
810
854
849
896
942
974
972
920
928
984
1013
1020
1028
975
981
1021
1067
1028
1016
1046
1053
1049
977
991
1026
1036
1009
994
929
882
877
875
824
846
844
833
820
811
797
801
799
820
800
813
842
851
877
928
911
919
962
969
979
1001
949
940
951
942
971
927
842
835
828
836
853
810
820
818
810
816
828
847
813
812
809
844
838
881
897
874
874
851
863
850
864
846
827
792
770
781
773
797
831
833
834
803
789
804
792
802
783
775
787
788
777
788
824
880
897
878
859
840
812
781
774
782
791
768
756
751
760
760
762
805
860
858
883
919
927
921
952
951
923
910
896
878
883
878
853
828
826
803
796
777
770
749
729
715
704
691
687
683
680
686
683
685
688
690
707
717
705
704
715
734
739
738
718
717
704
697
681
688
693
705
708
700
692
709
750
803
838
852
814
830
847
859
830
827
846
845
834
849
879
908
896
844
800
777
744
755
791
786
804
853
877
854
849
888
903
887
886
898
903
890
906
943
884
900
919
937
899
901
929
942
920
940
944
894
889
920
969
944
956
969
945
938
980
1007
1031
1026
1028
1013
1025
1053
1037
991
1014
1064
1103
1066
1071
1101
1094
1057
1081
1092
1002
998
1034
1045
1002
1008
934
919
989
1002
955
989
962
917
984
1023
1050
1045
1050
1024
991
1019
999
1015
1014
999
929
919
933
885
905
930
975
1007
1015
1033
1044
1037
1039
1009
951
897
891
886
854
827
809
804
795
775
772
777
766
752
771
792
819
823
847
846
837
850
851
877
870
845
861
911
938
935
928
923
920
915
957
964
1011
1020
975
937
945
931
923
892
883
871
874
861
846
832
793
775
764
746
723
726
730
756
813
886
926
982
996
1000
955
879
861
853
856
848
869
880
886
898
907
905
922
919
936
938
910
883
895
848
807
800
835
877
897
898
913
903
897
878
896
893
861
875
888
908
901
920
945
961
973
1000
1001
975
934
917
908
885
877
885
892
910
919
893
910
927
942
915
927
929
922
888
884
893
871
834
848
857
872
871
885
890
849
854
867
923
878
923
956
953
941
939
902
964
1012
1039
1046
985
1005
1002
1004
989
976
1002
989
916
867
819
797
751
759
736
723
725
726
712
706
741
819
926
996
1017
1018
1008
1002
998
986
966
912
879
838
816
771
779
786
826
818
816
857
889
938
967
939
951
972
979
987
989
962
949
952
923
870
829
800
815
840
839
868
908
912
949
971
966
987
979
974
937
936
919
890
900
920
955
968
952
886
886
889
843
855
855
888
855
865
861
880
885
907
928
932
914
930
899
893
898
897
898
895
899
906
907
890
893
842
809
812
797
793
790
775
766
757
757
754
734
728
716
717
707
707
723
759
771
768
803
840
847
801
809
824
843
851
799
781
784
794
774
748
775
784
753
762
777
826
824
835
896
933
961
900
903
922
940
922
949
979
1008
976
991
936
833
826
848
852
858
850
908
942
976
952
944
984
979
892
905
901
864
848
837
826
814
806
777
777
772
800
804
851
873
896
892
856
892
933
893
933
910
900
891
855
803
775
775
801
838
822
864
868
854
787
795
825
850
870
879
885
889
881
859
883
892
892
878
892
915
924
945
912
932
964
984
996
1011
969
979
1009
1029
1063
1061
1002
1002
998
915
900
916
889
849
829
836
852
864
863
836
800
804
813
846
884
926
895
903
920
912
920
977
1015
1021
1047
1046
1023
996
990
1018
1051
1057
1032
1006
1054
1065
1086
1058
1058
1063
1043
1032
1058
1026
1036
1052
1001
969
944
958
999
994
1011
1030
1002
1017
1040
1033
1033
1064
1075
1055
1067
1028
1035
1028
1008
938
950
996
1022
1015
914
878
918
964
958
949
1010
1041
1023
1034
1022
1000
1032
1051
1040
1060
1069
1079
1075
1033
1062
1037
1021
1029
1041
1037
1031
979
997
1012
992
1005
1015
1008
1064
1104
1119
1093
1107
1114
1078
1043
1038
1028
1074
1064
1047
1011
1038
1039
1068
1045
1022
968
945
977
1037
1064
1057
1055
1021
1033
1031
1021
1025
1021
1033
1063
1041
992
1027
1057
1074
1090
1075
1063
1000
1006
1042
968
947
1052
1007
1042
1065
1086
1075
1028
1064
1078
1068
1108
1123
1118
1122
1077
1088
1112
1083
1014
1071
1085
1082
1087
1080
1090
1067
1087
1074
1066
1022
1043
1050
1063
1062
1019
1034
1049
1045
1042
981
1025
1074
1083
1015
1047
1050
1056
1045
1032
1047
1074
1073
1097
1125
1123
1101
1087
1055
1050
1048
1054
1044
1044
970
979
997
1013
1038
1027
1022
1001
966
971
1006
1032
996
936
957
1013
1050
1096
1060
1071
1106
1122
1117
1124
1137
1137
1148
1156
1129
1077
1115
1153
1148
1044
1013
1057
1066
1051
1093
1111
1104
1121
1102
1081
1098
1061
1030
1057
1097
1114
1013
982
960
949
923
898
876
854
855
840
825
800
798
778
795
818
849
865
882
906
940
976
987
938
945
964
970
985
987
956
939
983
966
959
989
993
979
899
903
891
861
858
876
892
870
908
963
999
998
1009
1037
1038
1018
994
950
898
857
807
783
803
859
890
901
904
910
903
897
889
885
901
901
862
831
826
830
840
837
825
840
861
879
866
845
831
846
854
840
869
876
853
840
843
825
845
858
853
860
872
875
862
896
924
938
948
984
1014
1009
986
992
1012
1018
992
992
1029
1036
992
956
945
883
883
885
844
845
809
822
831
838
854
869
863
863
874
879
835
837
862
866
866
909
892
894
935
904
966
995
983
991
956
949
935
915
893
896
896
883
837
849
863
871
848
867
880
879
882
914
932
931
928
933
942
903
920
952
981
974
890
855
877
875
866
877
857
841
852
876
893
867
884
901
909
897
928
950
965
950
962
995
992
1023
1024
1004
1021
1002
1006
1000
982
979
964
933
939
955
937
945
927
911
882
875
881
879
881
868
835
855
863
834
840
842
830
811
798
793
758
729
724
744
770
821
894
912
924
972
976
947
972
985
979
968
978
982
982
926
984
1010
992
981
998
965
970
1019
1057
1063
984
948
946
907
892
891
896
874
878
889
914
955
942
960
982
963
978
955
964
981
985
975
900
901
907
889
878
832
815
819
818
817
829
823
850
872
902
900
902
877
867
869
842
794
808
829
810
795
807
856
910
935
857
881
903
913
903
923
898
899
894
869
870
889
896
905
911
864
832
802
846
890
914
854
846
851
856
846
816
813
814
818
820
828
822
811
827
822
796
797
806
808
806
797
791
803
808
807
784
787
801
827
817
828
827
829
819
842
860
862
853
841
859
869
857
869
864
857
825
835
826
817
806
787
772
766
738
754
744
751
773
756
768
798
822
814
832
853
865
865
891
907
886
904
936
933
912
943
979
976
953
984
961
948
982
1002
959
909
921
891
913
954
987
952
987
1011
999
988
1040
1038
1005
1043
1073
1043
1045
1012
965
1017
1064
1040
1050
1079
1083
1062
1085
1092
1055
1085
1115
1102
1076
1107
1118
1116
1086
1049
982
1015
980
942
962
995
1006
1011
1016
999
1010
979
1049
1091
1082
1069
1111
1104
1110
1093
1085
1082
1073
1074
1112
1128
1102
1121
1140
1145
1114
1146
1145
1156
1145
1137
1085
1057
1101
1114
1113
1043
1034
1052
1092
1067
1121
1130
1088
1109
1117
1120
1096
1146
1145
1110
1109
1140
1146
1128
1162
1185
1142
1147
1127
1064
1104
1106
1108
1073
1100
1087
1081
1106
1110
1082
1056
1022
1018
1072
1098
1095
1043
1059
1070
1055
1081
1080
1110
1086
1131
1150
1064
1044
1082
1042
1049
1097
1120
1094
1093
1127
1136
1087
1121
1145
1020
990
1093
1033
1075
1074
1053
1070
1093
1064
1046
1069
1103
1074
1084
1091
1058
1096
1092
1092
1080
1109
1104
1065
1076
1079
1064
1072
1087
1076
1052
1073
1075
1042
1054
1086
1101
1057
1079
1103
1109
1087
1094
1087
1061
1079
1089
1056
1061
1094
1085
1039
1063
1066
1044
1057
1068
1092
1091
1110
1115
1104
1088
1103
1057
1036
1074
1119
1098
981
914
966
1030
1055
1069
1042
948
968
1018
1021
1041
1062
1069
1077
1068
1022
1049
1069
1063
1020
1058
1068
1073
1050
1057
1086
1097
1088
1092
1093
1089
1096
1042
1019
1012
984
930
945
949
916
932
972
1014
995
1018
1059
1067
1092
1085
1098
1107
1108
1079
1103
1104
1113
1062
1063
1042
1011
1004
995
927
934
910
871
859
848
818
803
790
783
766
768
767
765
789
803
811
809
838
838
858
852
830
808
791
789
775
769
758
745
745
745
756
762
793
826
840
855
875
886
874
894
897
887
910
931
916
911
904
887
850
803
802
774
773
764
758
748
752
759
756
735
735
739
728
721
727
743
732
744
755
765
754
740
729
725
728
749
765
790
833
854
888
918
872
843
895
858
883
917
921
867
884
893
883
889
897
882
854
897
966
1012
972
957
1001
1029
1011
966
921
879
945
987
965
962
967
963
930
891
849
866
882
897
873
893
938
917
864
880
906
891
878
868
838
798
789
812
818
843
881
893
884
882
902
912
901
877
881
880
859
871
878
869
898
902
899
897
881
839
864
886
953
979
968
957
950
929
959
977
1006
1019
961
921
874
831
825
823
895
971
959
940
922
908
900
887
870
837
834
840
846
817
799
786
777
758
725
724
725
748
773
803
801
821
808
849
878
914
871
878
912
885
878
910
948
921
925
944
1011
1063
1009
1050
1001
912
847
854
858
862
876
909
945
946
961
883
887
922
961
998
1028
1014
1020
981
1008
1001
1012
1033
1038
1008
942
1015
1082
1076
1048
1048
966
905
896
947
1019
1064
1049
970
990
1032
1067
1093
1079
1037
996
1031
1081
1108
1102
1043
1079
1080
1087
1119
1128
1104
1023
1054
1026
953
949
959
1016
1044
1045
1031
1009
1037
1051
1067
1053
1037
1068
959
920
1007
1088
1104
1095
1050
1085
1104
1097
1079
1098
1104
1115
1104
1128
1149
1108
1107
1117
1096
1116
1126
1138
1103
1089
1068
1097
1088
1080
1103
1104
1075
1109
1082
1097
1094
1088
1078
1060
1051
1036
919
943
1014
1054
1030
1056
1032
1045
1049
1013
1008
1026
981
989
1056
1076
1054
1054
1047
1058
1049
1056
1034
1029
974
946
934
962
972
979
964
972
992
973
914
974
991
971
1004
1045
1054
981
1007
1022
1002
972
1011
1030
1013
1017
1034
1029
1049
1080
1080
1059
1078
1105
1120
1069
1096
1107
1110
1066
1043
1072
1099
1093
1089
1096
1107
993
1053
1016
1064
1092
1105
1034
998
991
939
959
965
977
1001
1007
927
930
926
926
924
916
869
857
824
820
817
820
838
894
925
914
934
993
1018
1031
1046
1061
1058
1018
1042
994
985
1044
1060
1021
1020
981
962
894
865
867
847
827
802
803
835
861
934
979
1007
1007
1006
1022
1003
1012
1043
1048
1022
962
957
933
842
827
844
872
913
937
912
922
925
923
912
888
848
846
830
827
825
819
809
813
818
841
845
835
869
891
869
896
896
871
885
884
888
872
847
851
866
882
870
876
877
850
848
855
868
857
886
895
895
923
953
977
974
968
991
991
979
979
992
984
959
959
968
926
873
858
826
840
826
812
784
797
795
811
820
821
812
812
819
822
810
813
838
854
833
841
838
859
830
792
796
845
928
965
948
949
985
1004
1021
967
993
1044
1037
995
994
1066
1100
1053
1011
981
921
913
905
897
894
884
866
847
868
888
899
941
965
968
972
938
944
943
884
880
878
864
829
829
798
806
817
842
831
846
870
902
916
925
921
876
897
914
900
917
911
875
873
870
899
905
952
927
947
922
896
925
920
915
923
929
919
917
881
872
868
844
852
866
839
798
802
811
840
847
838
845
875
864
884
900
875
847
845
840
816
814
804
787
769
768
758
725
731
723
729
751
785
781
780
818
864
876
878
917
925
907
897
905
884
865
839
829
842
825
820
814
779
780
771
752
760
744
739
753
762
763
787
794
813
779
788
804
817
798
800
813
818
807
816
836
840
831
862
879
848
849
891
914
891
896
863
825
802
775
768
788
797
820
844
847
869
918
956
907
937
986
1009
987
996
1008
993
1014
1059
1054
984
1026
1036
1008
1036
1042
999
1036
1086
1104
1071
1088
1081
1034
1020
971
960
989
1034
1029
1048
1054
1011
1041
1055
1056
1018
1044
1029
1067
1065
1021
932
981
1050
1025
1037
1023
1037
1026
973
986
1011
973
967
938
947
918
932
917
914
915
896
901
890
886
862
867
857
848
866
889
907
941
988
944
927
925
925
877
902
903
920
910
883
903
907
906
922
906
892
891
881
864
856
860
869
873
897
922
953
956
981
981
942
943
909
914
899
886
919
930
911
931
965
990
1006
955
992
1010
1024
979
968
952
936
920
890
900
904
885
876
900
934
950
984
907
880
887
851
904
923
927
942
897
891
916
945
953
946
949
981
992
982
1023
1035
1033
1049
1042
1021
1019
1034
1037
1031
1000
952
985
1007
974
1008
1005
988
979
950
975
952
979
998
988
1005
1002
966
886
849
880
931
921
986
1019
1018
1006
971
984
1002
971
1005
1027
1044
1009
1020
1019
1016
1020
958
900
910
899
899
908
904
866
892
912
920
933
904
949
957
928
964
967
972
921
927
955
980
1006
987
944
959
910
907
870
887
873
865
886
914
923
970
1014
1030
1035
1027
1025
1018
946
986
1013
1018
1013
996
955
895
905
941
997
1015
993
990
982
957
937
925
959
976
993
954
963
994
1011
1031
1030
990
1008
1015
1008
986
931
963
995
997
996
999
974
929
947
953
973
986
1000
998
1010
1002
965
990
1006
979
973
1024
1012
1006
1008
1004
997
956
976
983
977
1018
1018
986
1006
999
977
944
950
962
966
976
988
980
988
1008
1008
996
951
968
941
917
912
887
898
921
899
928
962
988
1004
965
954
926
908
909
903
887
862
848
824
844
866
908
911
894
899
891
905
896
866
854
820
781
790
783
790
803
792
800
791
786
808
831
810
834
843
850
842
847
854
877
846
791
805
835
879
899
864
832
878
909
922
942
967
980
986
938
926
957
961
912
888
926
957
924
904
947
970
953
960
983
979
950
960
974
962
963
998
1003
978
1001
1017
991
959
959
935
936
953
959
939
948
893
958
985
1021
1051
1051
1025
1051
1050
1020
1050
1066
1033
1032
1057
1082
1071
1070
987
983
969
949
907
902
884
875
857
869
835
856
874
922
963
966
991
988
1001
1021
932
912
866
822
811
793
780
771
804
822
867
883
933
955
971
983
972
950
979
956
949
949
929
920
896
896
895
863
866
854
849
862
874
868
870
904
933
953
956
957
924
942
939
899
878
913
930
915
929
949
973
938
958
968
934
854
824
827
824
823
827
812
800
808
798
809
822
796
816
841
909
965
986
973
1024
1054
1005
1016
1032
1014
959
936
929
897
904
896
882
906
913
889
896
885
875
879
896
870
866
834
822
783
790
780
787
806
838
848
829
859
905
957
995
1003
996
989
1008
994
959
997
1014
962
991
990
907
936
944
881
845
867
852
877
918
928
958
977
974
976
962
905
922
976
980
959
1006
1016
1023
1049
1037
995
1052
1096
1040
1035
1019
1025
1028
1009
1017
1066
1069
1071
1001
1045
1075
1080
1069
1026
1039
983
1016
1050
1039
1003
1040
1062
1096
1082
997
1022
1055
1070
1051
1062
1099
1096
1076
1088
1112
1091
1059
1090
1095
1105
1057
1003
1049
1065
1085
1082
1090
1024
932
958
941
1014
1074
1104
1085
1087
1039
1043
1072
1087
1090
1022
1054
1037
942
999
1085
1096
1098
1055
1080
1102
1106
1080
1108
1085
1076
1100
1092
1090
1056
1044
1065
1075
1074
1029
1040
1069
1107
1046
1053
1084
1103
1104
1078
1078
1062
1068
1082
1087
1051
1074
1081
1104
1109
1045
1030
1076
1051
1090
1103
1093
1033
1024
1031
1038
1014
1021
975
993
988
935
912
979
1019
1037
986
1020
1031
1053
1063
1035
1053
1057
1027
1041
1046
1066
1032
1035
1066
1076
1079
1091
1109
1085
1022
1056
1079
1070
1075
1083
1090
1017
1033
1045
1030
981
987
1025
1044
1017
1048
1041
1023
1017
997
992
992
936
938
968
960
977
993
936
938
953
987
973
996
1031
1054
1049
1052
1051
1053
1025
1039
1054
1049
1063
1084
1099
1077
1124
1143
1141
1107
1146
1158
1156
1139
1112
1121
1142
1160
1147
1171
1159
1128
1077
1084
983
953
939
1044
1074
1004
1032
1068
1089
1061
1091
1134
1156
1123
1109
1142
1153
1143
1102
1104
1107
1098
1057
1078
1028
1006
1051
1110
1152
1086
1104
1110
1125
1128
1121
1116
1117
1129
1107
1139
1043
993
970
958
917
888
876
859
837
833
816
811
803
810
816
852
881
876
908
949
984
983
1027
1034
1016
966
990
967
978
993
999
979
960
934
860
828
809
808
813
840
858
884
882
848
869
906
951
954
978
1002
1008
1014
1035
1040
1002
997
993
973
945
931
915
861
804
814
836
872
901
940
966
986
946
941
923
919
902
870
842
830
813
792
799
799
791
780
773
763
769
780
776
796
796
808
843
833
839
866
901
896
915
890
904
912
888
848
849
852
888
907
958
984
1006
1013
967
974
987
989
988
940
936
950
954
961
998
1017
997
974
972
972
899
855
796
797
803
795
788
789
820
832
800
813
804
789
799
816
826
840
801
811
816
831
832
856
854
838
862
862
898
919
926
874
819
825
832
834
828
848
891
916
945
975
992
1005
1021
1045
1040
988
991
995
990
964
957
958
949
977
1004
987
924
916
902
874
863
873
868
868
865
856
883
907
928
931
941
928
952
953
926
847
829
828
830
839
808
816
806
797
810
833
846
874
894
903
895
919
927
932
934
930
904
874
872
862
839
848
845
871
873
855
874
852
865
897
889
888
903
876
873
854
854
861
853
838
837
828
834
849
870
854
888
906
855
829
827
825
828
804
813
809
810
809
810
798
793
780
758
745
749
749
770
793
810
781
787
782
810
847
833
868
906
934
901
858
861
854
835
829
847
842
822
802
777
761
757
737
735
729
728
722
703
700
693
683
688
671
676
680
693
708
719
736
754
764
765
772
766
760
789
816
831
791
790
831
813
765
789
768
751
756
770
787
811
782
749
737
770
822
860
871
838
872
900
891
886
933
952
953
933
944
946
915
851
856
906
945
967
916
963
938
880
916
958
969
933
945
923
992
1030
1021
971
983
981
955
947
938
928
986
1015
971
997
1030
967
945
919
842
895
988
995
1024
1034
1032
1023
958
975
953
956
980
970
938
939
931
896
887
883
857
847
839
827
819
813
802
787
788
813
839
839
865
890
872
892
893
870
881
867
869
943
956
938
920
938
941
956
960
968
964
965
912
896
861
850
817
818
801
779
771
772
757
772
770
780
789
787
805
811
798
792
809
824
845
854
868
885
901
893
896
927
965
932
932
867
887
913
951
897
885
889
903
932
939
952
946
897
921
928
928
998
964
881
867
940
973
948
937
995
1036
1039
985
1007
1012
1027
1039
1000
1002
1051
1075
1002
1010
1042
1038
1037
1056
993
981
1010
1053
1070
1078
1025
1016
1032
1031
992
1007
1010
1021
1038
1045
1011
1010
1045
1006
1056
1082
1077
1037
994
1010
1057
1080
1025
1046
1071
1072
1081
1085
1044
1089
1120
1087
1098
1059
1058
1059
1021
1073
1090
1074
1067
1068
1081
1062
1062
1039
1063
1059
1003
1031
1059
1069
1092
1109
1089
1063
1101
1091
1046
993
960
991
1031
1082
1080
1061
1068
1063
1053
1028
990
946
932
889
885
874
847
879
884
920
958
1000
1003
1018
1025
1058
1040
1021
1055
1097
1119
1059
1048
1087
1107
1117
1080
1073
1087
1088
1014
939
990
962
1023
1075
1065
1060
1084
1098
1118
1124
1107
1050
1075
1115
1128
1113
1063
1103
1137
1103
1015
1003
979
954
935
912
862
842
824
801
811
825
849
847
849
887
921
953
955
970
970
961
965
979
966
939
953
979
963
972
998
937
875
889
953
979
954
938
928
901
851
834
804
797
807
817
839
858
891
903
901
907
932
954
923
953
967
936
961
985
962
957
938
890
884
848
817
813
821
823
824
847
866
860
875
870
854
824
822
800
802
777
773
771
749
741
745
764
809
814
870
868
875
901
889
873
847
813
820
857
873
889
887
874
870
890
911
919
924
983
1036
1059
1047
1045
1063
1062
1035
1013
1015
1032
1035
1025
941
916
880
851
857
842
791
770
779
800
822
871
890
877
854
865
894
901
905
909
909
862
858
843
861
862
921
921
915
905
923
959
987
999
1034
1063
1069
1045
1079
1092
1095
1088
1087
1091
1049
1025
1048
1068
1055
969
963
938
899
880
863
858
855
849
844
857
844
851
882
936
967
1007
958
960
980
978
972
923
931
949
977
955
883
877
883
897
905
914
919
868
858
877
902
910
881
884
908
930
943
939
964
953
955
927
944
966
933
938
935
923
936
915
929
910
896
886
913
912
936
941
895
893
895
876
861
839
842
839
859
884
908
905
900
926
903
888
918
915
896
936
923
920
875
832
837
854
874
906
901
874
881
840
817
824
816
826
823
825
795
792
778
755
759
755
740
754
801
891
934
959
969
973
968
956
942
919
900
886
854
828
818
817
798
782
785
786
775
760
773
776
762
771
787
813
821
823
818
805
792
784
768
771
771
755
739
744
737
731
751
764
809
884
965
1001
996
1037
1053
1011
1051
1055
1039
1035
1014
954
920
905
884
834
824
814
797
776
757
749
733
732
737
730
745
761
756
771
795
776
781
783
764
767
785
774
771
760
770
774
763
792
825
822
815
834
854
879
864
875
844
812
838
868
872
858
876
868
848
879
892
888
913
958
998
984
972
988
967
959
999
941
931
990
994
906
902
924
903
903
948
994
993
991
962
970
1020
1044
1034
1019
1046
1046
1018
1063
1095
1043
1057
1058
1029
1015
941
951
978
975
1027
1031
1049
1096
1124
1097
1099
1107
1074
1092
1116
1133
1110
1137
1166
1166
1135
1150
1120
1035
1091
1130
1089
1093
1090
1007
1016
1011
982
1021
991
907
899
945
1010
1040
1009
1053
1081
1111
1068
1087
1129
1147
1103
1125
1161
1173
1165
1143
1131
1149
1163
1108
1147
1170
1127
1090
1123
1147
1117
1110
1123
1120
1090
1126
1135
1112
1133
1150
1154
1125
1138
1164
1154
1110
1146
1128
1052
1103
1134
1114
1118
1152
1155
1125
1131
1146
1105
1130
1141
1146
1109
1142
1154
1141
1134
1153
1146
1119
1142
1173
1159
1109
1147
1152
1102
1101
1130
1124
1092
1119
1135
1119
1109
1143
1127
1079
1084
1088
1063
1096
1122
1100
1124
1121
1112
1124
1131
1101
1114
1125
1125
1099
1112
1098
1073
1084
1104
1091
1098
1122
1135
991
929
1002
1046
1078
1087
1088
1081
1101
1108
1115
1101
1096
1049
1065
1076
1082
1080
1047
1061
1097
1117
1125
1123
1084
1101
1121
1140
1157
1163
1061
1071
1104
1130
1132
1096
1089
1111
1115
1073
1079
1113
1122
1101
1102
1119
1144
1145
1098
1098
1121
1134
1119
1101
1126
1130
1134
1123
1135
1140
1141
1093
1101
1091
1078
1100
1104
1067
1098
1115
1112
1118
1135
1142
1137
1131
1147
1160
1167
1153
1072
1012
975
897
916
920
916
890
861
835
827
829
847
841
867
919
975
1025
1025
1003
950
912
992
1058
1072
1033
1046
1069
1092
1118
1125
1076
1063
1070
1019
1018
1035
1047
1029
1045
1060
1066
1052
1073
1071
1072
1090
1097
1098
1080
1045
1065
1083
1100
1097
1034
1017
1029
1051
1072
1054
1067
1046
1021
1000
1014
1043
1051
1029
1032
1042
1047
1024
1050
1055
1021
1024
1020
1019
999
1002
1021
1057
1051
1025
1032
1035
1017
1017
1035
1049
1058
1034
1031
1048
1060
1067
1051
1018
1002
973
942
964
977
966
938
960
963
956
949
983
1017
1014
1004
1012
1031
1059
1068
1078
1087
1054
1007
936
993
1078
1094
1027
1033
1060
1051
984
981
1018
1046
1028
1016
1059
1076
1063
1043
1058
1070
1069
1061
1063
1069
1064
1053
1082
1063
1067
1012
977
996
1022
1014
1015
1006
1026
1027
1023
1009
979
975
951
940
945
947
986
1014
1018
984
950
963
975
1001
979
972
999
1023
982
985
1011
1038
1014
1012
1033
1018
976
994
978
975
1002
1003
980
997
936
926
1000
1031
980
1013
1031
1039
999
999
1021
1043
1014
1017
1067
1108
1100
1054
1054
1044
1020
1021
1047
1079
1028
1040
1074
1078
1018
1033
1041
1019
1020
1061
1081
1088
1087
1084
1065
1086
1043
984
961
983
990
938
889
849
829
806
769
768
769
799
824
826
865
919
949
1004
1042
928
958
387
616
982
1013
1030
1049
1064
1078
1028
1030
1061
1096
1108
1038
1035
1038
1039
1054
1071
1086
1045
1053
1063
1072
1074
1015
1041
1073
1094
1083
1049
974
909
915
911
929
962
933
955
970
1013
1009
1019
1038
1011
1007
988
1011
1036
1049
1050
1053
1039
1034
1022
1026
1020
953
976
997
1013
1030
1025
962
920
893
911
947
940
948
1014
978
969
993
993
956
1005
1035
996
1020
1058
1074
1057
1087
1095
1099
1088
1041
1057
1122
1143
1106
1056
1103
1139
1128
1046
1048
1049
1043
1005
1034
1053
1022
1043
1048
1063
1042
1048
1075
1080
1067
1077
1086
1065
1059
1097
1125
1104
1087
1137
1128
1082
1108
1145
1104
1056
1087
1087
1065
1059
1023
974
1074
1101
1058
1081
1093
1089
1021
1047
1067
1019
1011
1045
1079
1073
1100
1113
1092
1044
1063
1051
1056
1025
1066
1095
1080
1048
1073
1042
1055
1063
1039
1020
1039
973
1007
1034
994
996
1028
1021
990
1019
1051
1066
1054
1087
1096
1070
1046
1084
1094
1076
1083
1086
1084
1037
1043
1003
1004
977
992
964
954
998
1019
956
966
999
973
917
899
1003
1027
1025
1006
1013
1010
1035
1058
997
1003
974
1001
1040
1056
1041
1057
1045
1069
1075
1046
1080
1077
1046
1065
1099
1095
1069
1073
1055
1054
1077
1106
1069
1064
1090
1040
972
999
1017
957
955
901
925
961
1002
985
1032
1050
1079
1054
1090
1125
1108
1085
1109
1119
1132
1134
1092
989
962
922
913
901
893
858
834
813
787
774
772
782
807
812
824
885
933
963
932
984
959
919
918
922
936
911
918
903
904
900
881
878
869
869
879
878
915
931
942
957
966
994
994
1016
1025
1034
923
917
978
986
959
890
884
871
838
787
773
786
807
855
866
852
854
871
892
891
884
875
878
868
863
859
858
843
836
832
849
869
894
922
919
953
976
1028
1051
1027
1032
1029
935
937
931
953
948
964
952
902
926
958
991
984
964
1006
1008
1011
1023
1066
1073
1052
1049
1040
1043
1033
977
980
998
1012
977
936
960
975
970
1002
1068
1063
1034
1007
985
1013
1060
1055
1051
1069
1054
1041
1013
1033
1048
1047
1031
1043
1052
1074
1076
1075
991
1005
1025
1022
1052
1033
1009
1024
1050
1070
1088
1046
1066
1091
1076
977
905
974
1019
1039
990
1022
1046
1056
1051
1040
1025
1007
1014
1038
1013
1049
1069
1077
1068
1073
1065
1036
960
950
974
988
1017
1031
1050
1016
1029
1054
1084
1055
1047
1074
1093
1090
1090
1081
1035
1044
1065
1070
1047
1027
976
1009
1049
1070
1060
1022
1044
1025
1034
1025
1008
963
982
1034
1070
1083
1082
1041
1044
1056
1060
1071
1080
1009
1040
1057
1085
1088
1097
1077
1043
1063
1079
1080
1086
1054
1059
1048
1021
1028
1051
1008
1046
1038
1055
1048
1002
1004
1016
979
1036
1076
1073
1038
1016
1037
1048
1051
1053
1049
1053
1037
1010
970
1007
1037
1022
1023
1044
1041
1050
993
1020
1030
1037
1043
1053
1015
1037
1040
1020
953
954
961
939
939
957
940
978
987
1021
968
946
909
1003
1091
1106
1111
1099
1071
987
1032
1086
1097
1107
1081
1061
1049
1014
1061
1054
1033
1086
1107
1137
1123
1124
1132
1140
1141
1102
1062
1104
1149
1158
1149
1074
1069
1101
1127
1167
1090
1108
1138
1139
1115
1124
1124
1125
1126
1143
1146
1052
947
928
981
1041
1017
964
918
898
901
886
878
873
860
852
836
823
813
802
794
807
829
839
854
896
926
939
941
964
1004
1010
1001
994
967
895
877
887
876
882
893
882
854
854
837
834
813
826
834
835
859
890
904
907
902
935
932
925
895
881
850
850
832
835
831
816
799
790
785
787
793
784
782
784
785
801
806
828
829
835
861
860
851
837
828
849
858
862
882
884
869
862
860
860
843
864
901
930
944
931
940
967
980
972
963
962
968
967
966
978
988
979
922
863
829
811
812
795
759
748
743
748
754
771
796
811
813
800
813
828
832
854
877
870
912
945
954
938
945
902
912
920
916
919
862
845
831
822
848
875
907
932
947
922
903
921
962
982
1017
1018
1013
1010
1010
1021
995
1004
973
975
956
884
861
857
863
862
823
834
842
820
811
819
842
857
864
869
901
903
882
853
871
859
876
878
873
859
861
825
845
865
873
882
881
865
841
836
816
822
835
817
801
793
786
766
749
739
767
791
844
902
938
945
900
898
915
922
929
912
856
827
801
777
775
774
753
758
754
771
771
766
767
773
767
775
778
781
762
758
771
774
756
761
762
778
805
817
814
799
804
748
760
744
738
742
739
723
727
729
733
724
729
728
731
722
741
778
821
844
854
867
825
800
808
806
774
770
776
778
772
793
844
899
921
913
925
891
918
953
969
938
971
987
994
951
967
986
977
954
988
1010
946
976
1009
966
979
963
887
936
987
976
1021
1063
1059
1022
1064
1069
1028
1004
1005
979
979
1020
980
979
1027
1033
1023
1054
1054
1028
1048
1064
1078
1071
1107
1125
1100
1069
1098
1076
1031
1081
1118
1081
1051
1092
1100
1037
1063
1055
1014
1061
1077
1094
1077
1104
1106
1099
1106
1114
1111
1056
1060
1080
1079
1042
1061
1079
1022
1031
1052
1071
1024
1054
1038
1014
1053
1099
1117
1115
1117
1130
1147
1067
1073
1072
1085
1105
1098
1018
1035
1066
1081
1058
1102
1140
1129
1134
1134
1110
1116
1141
1110
1102
1120
1117
1026
1049
1073
1046
1036
1082
1088
1029
1023
1061
1089
1097
1042
1075
1075
1019
940
959
920
920
931
913
930
924
940
958
958
933
945
986
1030
1053
1052
1035
1025
1025
992
1068
1075
1035
1052
1066
1080
1049
1076
1055
1069
1034
1029
1046
1055
1044
1076
1107
1102
1075
1080
1046
1030
1082
1111
1041
1066
1079
1087
1052
1076
1096
1057
1063
1017
958
917
895
941
943
1015
1050
975
981
1002
1015
993
1034
1047
1043
1104
1120
1083
1102
1121
1113
1080
1119
1138
1160
1128
1100
1041
997
1061
1110
1109
1056
1102
1116
1081
1110
1113
1113
1128
1160
1164
1146
1140
1145
1130
1080
1106
1123
1081
1066
1050
1045
1035
1066
1072
1060
1083
1083
1066
1077
1096
1081
1036
1050
1063
1070
1043
1054
1055
1038
1028
1044
996
984
1016
1028
1012
993
1001
989
1004
976
974
963
990
1000
995
989
937
908
898
879
921
940
943
953
932
939
977
1030
1036
983
1037
1060
1082
1069
1040
1038
1021
1032
1074
1073
1026
1046
1056
1025
1048
1057
1030
1044
1066
1014
996
1046
1070
1047
1062
1079
1062
1068
1085
1122
1098
1115
1137
1127
1113
1105
1093
1061
1066
1076
1037
1050
1081
1014
988
1036
1048
1007
1024
1066
1095
1067
1086
1113
1115
1106
1122
1148
1127
1122
1104
1074
1055
1079
1093
1042
1072
1095
1050
1058
1065
1038
1038
1064
1077
1041
1047
1023
1018
1052
1083
1053
1072
1069
1032
1044
1063
1067
1044
1057
1075
1052
1037
1059
1082
1047
1063
1062
1028
1040
1073
1073
1006
1038
1068
1044
1047
1067
1077
1043
1071
1082
1070
1056
1058
1065
1042
1073
1088
1061
1026
973
947
943
961
964
939
896
866
878
940
948
996
1027
1036
997
1025
1044
1053
992
1024
1046
1016
1041
1026
1020
1063
1096
1097
1092
1106
1103
1088
1096
1100
1114
1067
1095
1095
1085
1032
1063
1086
1039
1024
1050
1021
972
992
1000
972
970
916
931
1022
1057
1024
1044
1072
1102
1109
1078
1055
1080
1106
1113
1075
1035
1062
1086
1104
1033
1038
1049
1033
1043
1063
1042
1007
1036
1046
1021
1027
1052
1058
1027
1028
1039
1049
1038
1060
1110
1109
1085
1089
1085
1087
1046
1076
1104
1094
1053
1068
1087
1037
991
1026
1039
1010
1036
1076
1095
1072
1089
1110
1118
1088
1104
1118
1106
1113
1135
1140
1129
1070
1028
1020
1006
975
940
938
935
876
804
813
829
830
840
846
850
830
796
780
785
776
773
778
775
766
767
757
735
740
736
720
726
721
724
741
763
769
778
781
781
774
761
732
723
720
720
724
712
730
747
763
770
771
784
782
785
779
782
785
780
802
820
801
793
771
758
748
730
722
725
727
738
740
739
754
769
787
772
757
758
744
727
718
712
704
693
691
696
694
692
700
717
730
725
745
749
744
736
732
731
727
724
740
748
756
762
758
758
779
817
838
813
784
806
829
819
820
816
818
802
789
769
752
752
764
788
820
840
861
892
909
885
879
896
893
862
867
896
891
870
869
892
911
897
908
936
938
916
925
938
958
923
928
958
957
926
933
971
970
920
865
887
886
852
838
848
818
802
815
821
810
815
840
873
878
897
971
997
976
1020
1046
1049
1011
1024
1036
993
1016
1035
1021
1027
1052
929
921
929
895
859
849
826
820
813
809
807
809
813
837
826
782
771
764
752
761
774
772
748
725
782
882
942
941
917
923
938
914
932
939
931
889
888
903
919
925
903
925
911
901
921
927
915
920
935
925
864
881
905
902
907
889
872
892
882
842
894
919
902
925
929
922
893
854
843
832
798
784
788
777
751
746
740
755
764
765
753
760
786
805
786
781
805
813
839
845
851
884
897
914
908
895
908
934
966
994
938
957
919
931
929
925
839
840
866
899
934
943
927
918
892
895
914
892
931
960
935
972
993
998
1006
1013
978
983
985
977
938
973
1014
1050
1037
1041
1043
1040
1043
994
914
889
855
868
874
910
948
966
1015
1042
1061
1067
1040
1040
1029
1056
1096
1119
1094
1092
1060
1019
1043
1063
1033
1052
1071
1065
1058
1027
1076
1086
1081
1033
944
911
880
897
925
971
1029
1056
1062
1053
1041
1013
963
1008
1039
1087
1097
1108
1104
1078
1100
1106
1106
1090
1075
1087
1109
1071
961
1004
988
1030
1059
1099
1093
1052
1083
1096
1102
1103
1117
1081
1104
1091
1096
1082
1102
1102
1078
1089
1094
1052
1070
1090
1078
1092
1092
1060
1013
1051
1004
1053
1071
1085
1067
1076
1096
1081
1060
1056
1041
978
1009
1022
1037
1048
1047
1027
1030
1027
1016
998
904
872
852
888
932
983
973
972
981
962
946
997
970
983
1032
1044
1045
1049
1037
1026
980
966
982
1018
1041
1047
1043
1021
1001
986
977
923
961
988
1010
992
1013
1019
1021
1006
1030
1054
1076
1096
1120
1132
1102
1070
1082
1096
1063
1051
1090
1104
1029
1075
1075
1037
1036
1071
995
941
932
938
932
922
892
879
871
858
858
839
830
840
833
879
944
972
976
999
987
977
997
1007
992
1005
1024
1042
971
1018
1030
1008
1014
929
914
892
881
843
835
845
852
849
831
873
886
908
947
986
1008
1016
1010
985
992
986
981
938
952
976
978
951
965
966
941
887
875
893
893
860
856
856
841
841
848
850
832
844
851
853
844
835
848
870
859
852
853
855
847
854
851
837
847
836
834
850
861
851
812
795
834
885
913
914
945
960
961
968
963
945
970
998
987
987
959
900
913
918
895
849
815
796
809
818
799
788
770
788
820
870
926
968
1005
1020
1031
1027
1001
1023
1016
947
970
993
1002
1066
1084
1061
1027
965
882
818
823
829
832
838
867
834
837
833
835
846
854
852
821
850
877
887
927
952
957
954
918
958
986
979
952
975
969
900
887
906
916
920
936
941
961
952
1017
1037
1055
1054
1052
1038
1001
942
870
888
860
813
840
863
852
889
913
953
952
924
911
923
942
948
956
930
963
1008
1029
1027
974
973
992
1026
1034
1039
1074
1044
990
1023
1011
938
979
1015
1012
1023
1053
997
971
920
933
948
918
931
956
972
936
960
976
993
1005
988
980
999
1022
997
1002
1010
1004
1037
1007
927
920
900
889
878
854
834
825
827
832
851
868
883
915
945
943
902
916
915
899
907
909
857
861
848
820
843
904
912
948
976
977
974
938
934
930
923
868
839
829
815
829
827
848
858
866
829
847
874
882
857
881
894
893
851
841
838
822
822
852
858
875
896
910
918
892
851
843
843
826
829
817
789
781
778
771
765
754
776
786
788
787
808
798
814
833
813
792
762
721
720
722
734
726
737
756
799
849
869
886
854
902
912
930
921
904
824
806
787
779
791
800
806
809
818
831
857
843
825
840
867
878
888
877
869
803
780
778
809
827
821
840
839
808
801
801
761
628
800
752
743
727
727
747
785
833
875
860
885
911
943
950
946
980
999
1004
1009
1054
1062
1013
1050
1074
992
998
1021
973
1003
1022
993
1005
1041
1033
1038
1080
1077
1044
1059
1050
1016
947
939
978
996
1018
1025
982
1021
1042
1020
1023
1064
1083
1089
1073
1032
1063
1063
1014
1055
1073
997
1043
1070
1087
1098
1091
1091
1050
1027
1036
1063
1021
952
963
999
1021
1027
1072
1045
1036
1055
1064
1018
1034
1053
1073
1075
1035
1069
1064
1059
1040
1066
1061
1038
1062
1081
1099
1066
1071
1074
1025
1026
1048
1053
1026
1045
1062
1067
1074
1063
1066
1062
1034
1033
1046
1070
1072
1062
1033
1012
951
974
985
1023
1031
1030
977
995
979
1000
1036
1057
1041
999
1038
1087
1114
1092
1075
1039
1027
1060
1082
1097
1100
1089
1077
1042
1037
1039
996
983
998
1011
987
988
987
910
901
917
942
981
1003
1015
1029
943
977
1006
1034
1059
1063
1066
1063
1059
1046
1042
1046
1049
1016
1002
1010
994
958
988
1020
974
928
978
1032
1090
1096
1095
1093
1047
1027
1038
1053
1062
1059
1052
1028
1013
1021
1024
1036
1049
1009
1024
1032
1051
1055
1028
986
982
1004
1014
1027
1041
1043
1049
1028
1045
1061
1086
1057
1065
1073
1070
1069
1056
992
919
944
976
1016
1018
1017
1015
1023
1026
1043
1008
972
982
1010
1046
1067
1066
1048
1034
976
990
931
889
952
957
913
937
983
1004
1020
1046
1053
1039
1039
960
951
974
997
1033
1048
1057
1024
996
1018
1044
1051
1064
1068
1046
1024
1028
969
978
983
950
993
1028
1036
1039
1056
1017
940
926
891
916
956
1002
1005
1015
1021
1022
983
988
1006
1028
1027
1063
1061
1053
1013
1021
1045
1059
1050
1058
1012
1016
1008
998
979
970
966
983
979
975
941
955
979
1004
1008
1015
960
973
983
943
933
953
984
1009
944
976
1003
1030
1025
1032
1019
993
966
985
1024
1036
1037
1004
1026
1049
1057
1043
1024
1048
1054
1022
947
964
979
1005
1029
1018
1006
1000
987
984
973
920
936
971
1023
1053
1042
1034
1031
1029
1023
988
997
1021
1025
993
1015
1035
1023
1025
1030
1032
986
988
1000
1013
1005
926
950
984
1009
1032
1034
1032
1017
1016
1002
957
997
1026
1034
1026
1028
1005
1010
1004
968
967
979
972
895
885
875
855
838
820
810
801
789
777
775
767
764
763
754
759
780
815
827
835
871
876
876
904
906
924
916
905
884
833
759
761
766
780
782
762
773
790
803
772
771
769
775
781
771
781
781
770
763
741
748
770
801
861
897
919
928
913
941
933
929
942
965
965
896
914
932
935
917
859
882
916
949
955
979
1000
996
1003
1020
1015
1013
1050
1073
1024
1028
1042
1057
1011
995
1018
1019
1010
1022
1038
1026
1039
1021
925
909
940
951
956
938
896
921
914
970
964
983
991
997
992
1021
1029
1025
1018
972
996
1044
1071
1074
1060
1046
1015
1062
1092
1088
1093
1086
1044
1053
1090
1115
1065
1078
1094
1062
1069
1045
1051
1054
1021
939
891
864
840
841
823
821
796
801
835
918
999
1059
1087
1084
1072
962
958
1005
1022
1020
960
1008
1050
1055
1046
1014
1027
1050
1032
1061
1083
1090
1021
1004
1044
1081
1086
1050
1069
1091
1112
1120
1092
1083
1102
1124
1091
1113
1128
1117
1094
1104
1125
1114
1109
1027
1044
1080
1104
1109
1134
1104
1086
1104
1135
1126
1059
1076
1088
1067
1029
1051
1067
1043
1067
1083
1056
1046
1047
1061
1017
1028
1050
1080
1071
1027
1045
1074
1095
1074
1026
1046
1055
1067
1090
1056
1054
1063
1051
1087
1089
1077
1046
1044
1042
1024
1023
974
965
990
986
1009
1021
1019
1012
1018
1021
1044
1036
1002
1010
1033
1027
1065
1034
949
899
872
853
836
800
830
840
873
868
913
953
973
977
885
875
899
944
992
1024
1042
1045
1037
1024
980
938
973
1018
1036
1033
1010
1028
1046
1043
1061
1058
1071
1079
1055
1030
997
1015
1038
1038
1038
1030
1043
1051
1052
1010
1061
1080
1097
1091
1090
1073
1005
1017
1040
1047
1058
1060
1018
1071
1088
1095
1084
1043
1013
1021
1049
976
995
1036
1057
1061
1074
1023
1027
1015
999
988
993
1006
1021
1055
1068
1071
1018
1044
1047
1031
1044
1041
1041
1005
1008
1017
995
1021
1020
1015
1024
1014
1006
1034
1048
1051
1036
1064
1093
1072
1066
1101
1126
1102
1045
1040
1030
1011
992
1027
1022
1034
1021
1021
1008
1008
1001
980
975
982
986
935
949
948
932
944
960
975
985
993
977
929
955
976
1027
1071
1116
1115
1113
1100
1078
1063
1034
1085
1097
1067
1032
1042
1017
980
1003
1046
1083
1083
1102
1087
1072
1068
1105
1110
1108
1069
1096
1107
1087
1077
1101
1113
1060
1024
976
937
945
949
924
956
971
912
915
921
910
897
865
858
858
828
826
812
800
801
802
818
829
847
889
929
964
964
985
897
865
911
914
907
912
901
855
818
806
786
772
774
765
765
788
818
837
906
936
957
985
1007
978
994
989
985
993
984
968
944
898
885
880
883
857
808
764
771
795
839
879
909
951
980
1003
1014
1027
1016
982
960
935
896
839
835
814
798
792
789
766
750
737
739
759
785
834
824
877
882
861
871
863
855
872
884
860
864
852
820
830
833
833
847
898
946
970
985
1002
1007
990
980
972
966
951
961
969
949
897
858
833
861
843
826
833
841
818
818
833
841
840
808
805
811
814
824
862
870
882
893
915
891
891
898
900
908
894
849
827
802
813
820
817
823
871
934
943
930
976
998
1013
1019
1039
1035
992
986
1021
1021
990
1025
1063
999
965
946
930
927
912
895
894
921
906
919
959
966
968
963
927
940
961
951
953
960
921
888
902
901
903
918
925
901
923
949
953
990
1009
970
905
906
890
883
841
821
829
837
836
854
859
873
854
854
856
877
848
867
877
870
891
880
868
912
869
886
869
860
867
854
860
835
813
799
805
813
815
803
822
820
832
835
855
860
866
847
839
817
817
830
855
875
890
903
931
947
886
885
900
907
901
872
854
819
799
783
764
755
749
721
707
699
702
712
701
700
710
699
720
744
741
774
800
835
806
759
752
793
847
875
841
878
887
871
853
876
897
906
887
890
924
963
936
914
937
949
912
897
924
922
891
899
935
951
935
933
958
977
935
922
905
851
864
880
885
887
911
908
916
966
980
966
997
1018
998
985
1025
1018
1027
1005
973
970
1003
1013
999
1001
1003
1006
966
953
1022
1100
1087
1003
1022
1193
917
1031
1069
1092
1066
1067
1102
1097
1060
1067
1079
1063
1092
1120
1085
1092
1095
1023
1009
1032
1027
979
990
980
921
874
875
858
863
861
858
853
817
808
794
777
763
779
783
788
799
771
813
799
825
847
820
856
883
913
943
893
911
948
971
957
941
971
972
934
927
930
905
843
830
860
880
859
828
799
774
753
728
735
758
767
763
765
747
754
810
879
858
873
923
970
927
905
932
967
957
973
1031
1081
1089
1085
1020
1028
1012
935
959
978
965
938
976
1015
1025
994
1015
1024
990
955
989
1018
980
913
867
944
1016
986
1017
1055
1076
1029
1025
1043
1028
1005
1030
1070
1037
1032
1050
1061
1045
1069
1083
1057
1050
1064
1067
1048
1064
1069
1055
1058
1076
1051
1029
1063
1091
1082
1054
1073
1104
1108
1105
1060
1063
1085
1062
1048
1015
984
961
900
898
896
913
886
829
830
811
800
772
769
752
748
740
731
737
741
736
746
769
775
746
747
802
863
900
893
871
845
852
854
814
848
882
901
858
886
881
874
877
868
850
840
828
826
799
801
792
803
810
826
820
838
826
861
880
918
952
948
938
954
945
980
1003
1042
989
988
984
960
953
905
910
928
936
942
921
896
842
854
867
892
919
938
911
845
813
868
943
971
975
950
995
1016
1012
1017
1001
1034
1031
971
1021
1032
984
1006
1041
1010
1011
1013
992
972
942
951
943
935
947
979
1005
1006
1025
1057
1050
1052
1079
1050
1096
1104
1098
1100
1084
1085
1058
1075
1091
1096
1036
1063
1073
1029
998
1029
986
993
1022
1022
1042
1067
1018
1047
1038
1044
989
1001
1023
1034
1056
1067
1063
1060
1053
1001
916
866
839
852
860
921
911
910
950
982
999
1039
1047
1038
1050
1063
1024
1037
1061
1050
1019
985
1005
1037
936
948
1021
1063
1106
1103
1092
1044
1074
1098
1077
1076
1095
1126
1130
1127
1104
1080
1035
1070
1093
1105
1100
1041
1028
1055
1064
1077
1074
1075
1057
1048
1063
1060
1061
1075
1089
1064
1041
1013
1040
1033
1032
1076
1074
1029
1075
1071
1030
1044
1104
1127
1082
1104
1110
1076
1103
1128
1090
1112
1103
1088
1016
1036
1063
1069
1037
1048
1021
991
1018
1053
1054
1050
1058
1070
1025
1063
1087
1083
1063
1054
1055
1070
1072
1059
972
960
973
950
972
1007
999
1028
1034
1027
979
1024
1057
1060
1046
1038
1066
1073
1046
1068
1089
1101
1102
1094
945
895
924
957
973
987
993
987
984
978
970
962
918
937
953
970
980
966
946
895
885
902
934
978
995
940
923
902
944
994
1053
1085
1102
1028
1036
1067
1089
1112
1070
1076
1094
1105
1121
1081
1063
1079
1098
1097
1077
1095
1097
1094
1046
1074
1099
1113
1080
976
978
979
960
933
938
956
968
962
987
1006
1016
1001
1024
1036
1050
1043
1065
1060
1028
985
1016
1017
990
986
1005
1000
990
1030
1047
986
935
854
858
854
853
851
832
806
788
771
761
756
755
772
773
761
738
751
755
799
837
815
856
894
873
889
930
941
960
977
963
983
1012
1026
1014
1035
1038
1034
1046
1006
989
1044
1079
1047
972
1010
1024
1012
976
947
915
870
836
834
831
852
865
863
904
925
929
956
935
903
941
941
953
1016
965
996
1022
1037
995
979
993
1009
1019
1001
1026
1030
1030
976
926
936
930
930
920
856
857
852
837
838
839
838
810
803
807
801
813
821
836
842
844
866
855
889
905
910
901
904
888
889
904
901
866
882
882
865
860
843
841
868
891
879
899
910
887
908
943
974
964
987
997
1019
1019
1031
1029
1025
1031
1016
959
978
1006
959
911
942
958
930
941
986
944
890
876
860
871
831
825
837
836
845
846
840
832
847
860
867
859
903
919
916
893
886
874
850
836
852
886
909
862
921
980
1009
1015
1035
1037
1020
1011
1030
1040
1043
1031
1067
1110
1064
1054
1101
1095
986
1007
1021
1010
1006
969
967
931
921
930
914
881
874
872
873
871
865
895
896
918
951
966
988
1012
1031
1033
1011
998
901
813
798
809
827
818
808
836
836
861
908
934
888
875
886
908
912
910
893
868
893
893
912
930
882
901
880
881
890
830
854
839
849
838
815
822
811
808
823
844
843
842
801
802
813
816
827
858
833
818
817
830
863
863
848
846
842
835
827
817
806
797
772
760
752
729
722
718
725
738
762
786
848
872
887
896
856
877
866
863
819
815
791
770
771
771
767
775
777
778
745
732
731
720
713
713
699
692
693
689
685
697
725
758
789
777
771
795
838
870
843
835
863
874
891
850
824
847
871
883
853
810
792
755
752
751
746
732
738
747
760
744
756
774
785
755
739
771
812
849
884
910
908
896
887
882
890
912
914
898
919
935
919
945
940
878
853
871
901
910
859
853
853
860
822
779
775
801
864
948
988
955
952
961
957
909
896
936
972
954
995
998
991
923
837
853
856
876
899
909
903
939
966
985
941
982
988
960
914
922
975
1005
989
1021
1048
1042
1024
1003
1016
1021
1022
1016
1017
1012
1021
1031
1027
1016
996
1012
1008
1012
997
932
878
833
840
873
942
913
934
902
845
858
823
811
772
790
824
873
938
981
984
1002
960
997
995
988
1006
1021
960
884
872
829
854
902
934
933
967
964
991
1022
1029
1025
1021
954
975
984
976
979
948
940
942
910
890
902
856
872
866
864
888
897
894
888
919
930
943
926
917
919
935
903
895
944
984
1006
1012
962
978
978
981
999
1031
996
1023
1043
1055
1014
1032
1060
1077
1029
1049
1050
1021
1023
1001
979
951
945
961
945
925
981
1023
1002
1012
1040
1045
1002
973
1017
1019
1016
1046
1058
1076
1036
1002
905
935
1024
1015
995
958
967
1012
1034
1017
940
888
852
831
796
802
802
786
771
771
768
766
758
767
764
766
779
785
782
812
863
926
921
924
932
888
885
866
891
878
882
899
917
926
922
879
902
926
946
938
920
897
891
889
883
886
864
868
867
871
854
838
809
813
813
797
778
792
799
780
783
797
790
793
813
805
776
772
780
788
822
863
872
865
872
894
918
919
953
957
867
882
898
899
862
867
866
875
902
863
821
790
823
879
936
958
960
968
968
955
913
945
977
940
905
917
925
975
1033
1069
1016
1025
1051
1039
1027
992
998
991
1019
1043
1068
1092
1079
1026
1037
1028
1012
1047
1034
976
1011
1024
1027
1047
1042
1046
1016
1057
1087
1070
1034
1018
1040
1069
1048
1088
1087
1092
1070
1103
1087
1021
955
967
980
959
932
958
1007
1042
1058
1011
1021
1055
1063
1058
1069
1051
1063
1063
1066
1073
1087
1045
1053
1033
1010
1061
1080
1060
1038
1056
1042
1063
1072
1043
1015
1042
1060
1069
1086
1101
1066
1084
1104
1116
1060
1075
1082
1085
1076
1080
1053
1098
1123
1104
1080
1077
1077
1050
1077
1106
1117
1079
1070
1062
1068
1066
1060
996
977
1016
1008
969
906
943
973
951
990
1025
1065
1031
1060
1093
1099
1102
1091
1081
1055
1032
1063
1072
1092
1057
1064
1063
1028
1055
1065
1074
1091
1081
1078
1034
1051
1032
1019
990
898
858
902
966
979
979
999
1008
955
916
937
972
991
1002
1027
1031
1052
1059
1069
1060
1039
1055
1062
1075
1082
1090
1073
1084
1090
1107
1107
1072
1068
1003
1029
1043
977
1009
1034
1034
1000
1056
1082
1064
1055
1022
1027
1009
1023
1029
1018
1000
1021
1038
1059
1072
1062
1016
1028
1007
1018
1039
1047
1004
1015
1026
1048
1061
1020
1023
1020
999
963
980
986
1023
1042
1042
1033
1028
1025
1055
1058
1024
1040
1014
976
901
854
828
847
857
855
882
884
844
859
866
853
874
905
917
903
917
957
990
990
987
955
978
1003
1015
995
990
1025
1033
1003
968
994
1006
985
1005
1063
1082
1038
1043
1063
1022
1007
1038
1056
1034
1037
1058
1071
1048
1081
1112
1091
1095
1116
1111
1063
1071
1107
1116
1098
1071
1086
1068
1015
1034
1061
1059
1024
1075
1082
1048
1037
990
994
960
927
845
872
879
888
879
827
823
854
837
828
838
834
863
875
866
872
893
896
908
919
914
917
949
973
974
996
998
982
951
970
966
969
969
936
883
878
878
886
895
858
818
814
801
815
794
813
817
810
841
878
906
913
956
944
979
992
990
978
948
910
880
832
846
859
871
892
904
910
917
941
918
919
960
1011
1017
1024
974
963
911
870
825
840
878
938
967
955
963
962
934
877
877
909
938
960
978
994
969
980
963
937
940
970
979
979
981
966
973
944
957
944
937
923
958
988
995
1019
1030
985
998
994
982
1016
1021
1010
989
947
869
885
895
903
906
863
874
871
887
888
874
845
845
851
888
931
896
942
975
966
975
974
957
922
878
839
818
819
837
852
817
823
825
808
815
819
844
832
848
833
866
882
872
877
858
846
882
890
873
862
875
863
827
834
824
825
842
870
876
886
884
890
901
919
918
960
973
988
976
962
977
977
938
913
931
915
892
919
970
1000
995
988
979
891
890
830
775
791
787
775
795
817
831
839
846
843
825
822
833
857
851
866
882
847
831
830
837
844
885
917
927
982
1014
1036
1026
1041
1054
1040
989
1015
1060
1051
1002
983
991
988
973
1011
1042
1011
1012
1033
1031
1027
1049
1071
1031
984
933
924
903
871
850
843
848
842
841
848
861
882
916
896
897
941
966
998
1023
964
977
976
963
968
969
931
955
959
974
983
928
894
886
885
896
872
870
873
858
868
880
884
893
888
890
881
896
882
864
874
877
872
857
812
824
857
853
880
880
866
861
856
857
832
854
846
852
837
859
858
845
838
826
847
853
806
807
778
792
811
813
821
830
836
828
816
798
799
803
784
793
771
773
769
763
782
798
801
844
883
912
917
904
882
873
854
834
802
794
777
740
721
705
705
691
705
729
730
743
765
788
783
798
820
798
820
843
874
894
881
881
886
895
858
855
831
798
765
738
732
730
736
729
745
774
776
779
817
849
828
840
875
875
861
856
853
828
795
802
799
838
903
971
905
943
934
985
1025
985
972
1008
1018
990
1006
1007
964
998
1008
988
994
1023
1023
992
1044
1062
1044
1077
1072
1047
1051
1060
1073
1038
1033
1044
1036
1020
1045
1071
1029
1029
1014
969
948
995
1019
961
978
1007
1030
1077
1105
1097
1141
1154
1157
1078
1037
1054
1070
1005
1023
1042
1052
1040
1081
1105
1113
1113
1135
1130
1042
1046
1072
1117
1099
1069
1079
1075
1048
1076
1113
1099
1038
1045
959
989
998
975
977
1021
1063
1061
1077
1101
1081
1081
1082
1081
1077
1097
1055
1065
1038
1045
1035
1010
976
987
993
969
990
1000
1018
990
991
1004
1023
1011
1021
1021
1027
1011
1031
1054
1063
1041
987
996
938
911
940
927
913
875
860
851
795
792
797
786
785
790
789
776
751
742
740
748
745
752
755
756
747
739
752
762
779
826
873
897
903
923
927
897
886
890
917
861
810
797
800
800
813
814
788
791
795
768
742
726
721
721
738
762
778
785
826
863
884
893
874
861
854
853
848
771
799
844
867
874
902
751
750
765
776
770
771
773
769
748
725
728
734
756
771
772
778
790
775
795
797
788
796
789
767
761
750
738
723
712
695
706
697
704
700
706
707
707
708
716
729
742
743
768
797
825
842
817
821
785
789
833
850
825
846
872
912
913
869
876
911
938
936
888
926
946
943
904
901
930
925
898
858
879
870
880
931
970
944
909
915
928
912
931
946
923
941
973
951
994
1038
1075
1037
1050
1066
1063
1055
1086
1108
1114
1078
1112
1108
1090
1043
1070
1095
1055
1093
1114
1108
1072
1106
1115
1110
1063
1074
1111
1124
1097
1137
1143
1121
1094
1111
1109
1119
1068
1090
1104
1128
1086
1103
1132
1121
1068
1084
1093
1107
1091
1107
1122
1119
1076
1115
1133
1033
984
981
1003
991
957
990
984
977
1014
1029
1026
1050
1065
1061
1048
1073
1101
1085
1036
1076
1119
1124
1104
1098
1059
1047
1068
1093
1093
1022
1013
1049
1057
1020
1039
1064
1076
1077
1104
1115
1076
1080
1110
1111
1081
1112
1126
1040
1026
1046
1043
1085
1097
1072
1051
1049
948
989
1058
1052
1016
1017
1003
938
979
971
938
927
975
1025
1014
998
1057
1090
1100
1021
1069
1119
1146
1145
1116
1046
1056
1086
1079
1070
1116
1163
1096
1058
1083
1108
1103
1075
1131
1144
1073
1084
1104
1057
1083
1132
1141
1104
1107
1117
1125
1119
1130
1142
1104
1131
1118
1129
1100
1107
1118
1102
1107
1127
1147
1096
1104
1105
1076
1087
1111
1111
1077
1089
1097
1092
1095
1134
1142
1100
1104
1114
1104
1094
1117
1130
1107
1078
1082
1088
1055
1057
1086
1103
1069
1060
1083
1092
1062
1095
1115
1107
1053
1094
1123
1127
1101
1102
1103
1106
1113
1119
1128
1084
1098
1131
1155
1113
1070
1083
1084
1049
1087
1115
1076
1079
1101
1086
1074
1093
1098
1071
1095
1116
1117
1144
1136
1137
1137
1127
1072
1071
1079
1109
1093
1063
1079
1084
1064
1088
1104
1115
1059
1078
1106
1111
1143
1161
1146
1123
1110
1082
1065
1088
1079
1063
1015
1029
1014
1021
986
997
1001
960
954
954
972
979
935
974
989
997
971
947
969
993
1023
994
1008
1019
1021
1017
1043
1052
1038
979
980
999
1021
998
1009
1002
1001
999
1027
1054
1046
1030
1056
1070
1075
1048
1083
1080
1076
1021
1040
1038
948
1022
1064
1029
1027
1037
1056
998
1040
1054
1084
1063
1087
1102
1107
1068
1089
1110
1136
1128
1115
1130
1129
1087
1086
1108
1121
1082
1092
1105
1127
1111
1121
1139
1165
1159
1086
1103
1118
1137
1085
1094
1091
1130
1137
1106
1116
1122
1138
1107
1110
1137
1150
1142
1126
1051
1047
1052
1077
1047
1026
1086
1088
1055
1024
1063
1094
1083
1082
1102
1116
1096
1111
1123
1120
1092
1104
1049
1030
1046
1062
1014
1033
1057
1015
990
1015
1048
1033
1047
1053
1057
1024
1059
1084
1091
1052
1067
1090
1102
1050
1062
1092
1114
1104
1072
1088
1105
1114
1108
1071
1058
1072
1088
1050
1059
1097
1112
1095
1106
1117
1059
1027
1061
1079
1059
1057
1091
1107
1088
1069
1108
1131
1122
1099
1098
1061
1043
1078
1083
1073
1015
1011
1020
1015
961
994
1032
1024
991
1021
1046
1063
1039
1060
1079
1100
1110
1133
1157
1151
1119
1140
1149
1146
1092
1125
1131
1121
1069
1073
1101
1116
1080
1118
1130
1112
1092
1104
1125
1105
1112
1138
1159
1126
1144
1145
1108
1103
1124
1134
1107
1115
1122
1129
1117
1128
1127
1129
1086
1104
1136
1128
1058
1070
1078
1063
1074
1096
1104
1082
1096
1104
1092
1054
1092
1115
1111
1085
1075
1074
1101
1067
1094
1120
1120
1102
1117
1124
1113
1066
1086
1097
1095
1058
1074
1066
1050
1028
1042
1055
1022
1070
1101
1080
1097
1104
1107
1092
1114
1132
1137
1126
1146
1149
1108
1116
1118
1132
1065
1076
1060
1061
1021
1030
1030
1020
1046
1071
1067
1032
1054
1081
1053
1059
1086
1068
1090
1083
1092
1065
1043
1064
1038
1024
1060
1055
1027
1046
1046
1019
1061
1095
1114
1103
1117
1111
1049
1038
1039
1077
1081
1088
1079
1045
1061
1080
1060
1067
1084
1101
1068
1097
1100
1101
1081
1089
1087
1090
1068
1076
1092
1094
1061
1078
1092
1082
1041
1054
1081
1087
1046
1054
1082
1080
1048
1062
1072
1055
1043
1074
1124
1126
1113
1115
1063
1011
980
905
883
862
825
810
791
775
767
751
739
734
714
713
704
691
684
683
686
691
700
702
713
732
759
772
799
808
810
829
820
813
811
833
837
810
810
814
849
855
847
836
794
770
756
778
828
897
947
957
950
923
893
867
863
859
869
883
837
828
836
818
812
793
782
789
790
802
812
799
815
801
812
813
828
831
819
811
827
867
900
932
935
905
864
868
934
997
1030
1026
987
1009
1003
954
962
1018
1053
1029
1023
1064
1070
1062
1025
1050
1053
969
944
951
951
952
923
920
908
877
878
890
942
975
923
975
1058
1110
1127
1009
1017
938
893
959
995
930
931
973
981
998
1035
1043
971
986
1046
1076
1089
1056
1059
1087
1114
1113
1112
1071
1074
1095
1118
1146
1097
1036
1074
1114
1115
1068
1099
1114
1096
1010
1018
1057
1032
1041
1013
991
1011
1053
1081
1086
1022
1041
1061
1073
1036
992
1016
1047
1051
977
1017
1044
1062
1084
1076
1092
1063
1048
1014
1016
1040
986
995
1013
1034
1023
936
864
862
933
1006
1021
1015
1021
1028
1040
1034
1035
997
958
958
994
990
987
973
989
939
878
860
840
869
901
920
924
937
940
964
990
974
893
926
925
968
1022
1035
1046
1051
1042
1020
949
979
1013
1019
1023
971
985
1006
1024
994
1016
1046
1054
1031
1034
951
963
1004
1007
1037
1047
1035
1015
994
995
1002
991
997
1015
1023
1017
1026
1041
1050
1017
1021
1035
1049
1048
1026
970
974
1002
994
923
941
966
969
976
952
967
948
962
950
941
979
1025
1024
1008
1006
1001
959
940
942
956
945
913
886
881
875
848
826
842
883
928
980
1025
1053
1071
1078
1073
1083
1003
929
931
998
1043
1032
991
986
1010
933
887
939
995
973
983
1023
1053
1032
985
1012
1028
1042
1063
1026
1030
1059
1093
1101
1098
1077
1064
1075
1101
1101
993
965
937
915
896
871
830
821
811
803
803
793
785
793
798
814
857
908
963
994
984
979
976
946
934
900
829
813
800
785
810
818
805
830
866
896
917
930
929
913
950
979
995
985
1005
996
928
931
963
959
963
905
868
834
866
866
878
836
837
839
833
798
791
805
830
844
860
898
888
912
932
961
976
951
979
1007
1012
977
969
947
958
944
922
907
895
886
874
899
950
979
991
982
928
890
846
827
806
784
754
763
771
776
798
815
803
808
807
799
814
813
820
826
829
803
791
799
810
814
828
843
854
846
848
851
854
832
854
885
896
843
788
789
840
889
906
910
913
935
950
956
955
948
948
956
965
970
957
942
973
986
914
924
961
884
884
863
821
813
783
810
814
821
847
854
861
826
833
837
838
840
876
884
854
860
845
822
815
803
817
832
823
851
870
862
853
839
850
849
877
890
899
912
950
948
945
955
988
1023
992
997
1032
1046
1031
1010
1017
1030
962
910
879
864
869
874
872
850
846
851
853
894
925
926
950
921
916
884
863
865
881
897
831
807
790
812
849
878
873
858
846
875
896
910
931
905
901
878
840
837
876
880
892
903
881
894
909
915
881
868
893
861
865
848
821
783
752
769
779
822
854
851
849
854
847
867
866
840
836
831
832
838
847
839
838
821
828
838
794
798
787
787
761
780
805
812
846
832
820
840
847
846
835
851
850
846
850
839
803
782
783
789
770
771
766
750
766
784
791
787
776
767
756
748
720
722
722
696
697
702
704
725
733
750
757
763
753
751
749
776
788
782
803
827
810
821
869
896
922
931
930
894
846
854
820
848
852
840
816
840
860
840
885
934
959
974
973
979
1000
1001
958
963
983
977
979
1009
1016
962
1010
1027
968
1000
1010
995
994
1020
1014
1055
1049
1002
1057
1064
489
560
1049
1055
1021
999
965
1013
1056
1086
1042
1032
1049
1043
1040
982
914
919
974
1016
977
990
1002
1023
963
889
916
991
1014
991
930
964
995
1027
1017
997
998
992
966
964
953
986
1024
1046
1051
1044
1052
1057
1061
1038
1016
1017
945
937
862
814
802
815
825
822
802
789
795
798
795
796
826
854
872
865
879
846
822
813
808
803
776
767
768
759
765
788
770
769
777
783
790
779
795
815
839
840
844
852
857
807
781
768
770
788
786
777
793
775
774
786
765
740
735
738
774
791
817
875
922
918
887
853
912
943
956
922
942
967
975
1014
1008
965
972
977
942
927
896
931
979
1016
1002
1001
1024
1028
1024
1011
1019
1032
1007
1037
1078
1109
1115
1077
1067
1050
1015
989
1001
1018
998
1039
1104
1104
1083
1105
1083
1048
1054
1055
1056
1034
1060
1078
1073
1067
1087
1079
1033
1030
1026
1015
926
916
891
844
932
967
960
1001
989
955
974
956
932
932
987
1014
1047
1049
1083
1104
1113
1103
1109
1119
1124
1122
1087
1069
1089
1111
1111
1090
1055
1078
1057
1020
1059
1078
1041
1035
1033
996
1020
1043
1037
1020
1040
1036
1025
1051
1062
1063
1036
1045
1055
1060
1061
1065
1070
1052
1058
1077
1076
1048
1004
1008
980
912
934
957
970
934
953
978
993
938
959
1001
1020
1046
1050
1033
1038
1061
1066
1062
1059
1067
1071
1043
1046
1075
1085
1096
1085
1058
1052
1060
1086
1105
1075
1054
1095
1106