1004
1013
1011
1001
993
940
937
935
975
999
995
946
932
946
962
965
982
968
952
910
929
937
951
969
966
929
868
868
879
918
947
935
940
916
945
954
932
961
967
944
916
931
930
941
964
949
923
963
978
987
1003
984
946
903
897
896
877
910
945
987
990
989
955
965
937
962
978
971
952
912
925
933
929
930
891
852
822
829
838
861
891
876
896
896
902
906
906
881
914
917
884
897
899
927
948
960
959
956
933
910
930
944
931
922
953
955
959
971
966
963
925
935
938
942
931
891
898
914
901
1114
748
963
955
925
899
928
933
955
941
950
933
953
949
954
930
924
938
948
919
920
931
917
950
963
971
977
979
938
896
918
929
928
930
922
934
945
917
916
933
949
925
917
921
923
910
865
883
887
907
850
839
870
895
913
909
887
888
898
877
911
918
857
834
837
842
850
870
889
913
918
892
895
891
860
886
903
931
949
953
948
964
920
873
902
903
908
916
905
926
875
891
887
911
925
930
940
930
920
898
910
915
906
866
883
885
901
909
889
919
942
968
985
974
940
943
923
902
927
944
956
961
964
964
965
966
961
956
943
898
885
915
928
941
970
982
974
949
927
941
957
942
914
928
924
918
907
938
946
951
939
983
988
985
952
935
938
948
945
944
900
934
932
937
922
944
950
902
921
945
906
894
864
895
907
925
906
890
868
838
823
846
867
896
917
932
940
951
943
923
901
847
845
826
832
824
788
781
770
747
747
731
720
699
695
689
680
672
666
649
647
636
629
623
620
610
601
594
595
593
596
604
627
642
649
653
663
671
673
690
698
691
692
689
682
679
682
680
669
650
644
648
650
649
651
655
664
672
677
670
670
663
657
657
654
655
660
664
661
659
665
666
657
666
668
667
672
671
665
661
665
655
646
646
641
625
614
610
606
601
591
588
588
587
584
583
583
584