989
971
935
942
958
957
962
959
950
963
968
972
947
943
956
941
867
856
829
816
822
811
838
856
867
864
894
896
900
911
927
944
938
918
942
950
960
953
912
896
893
901
893
874
882
895
907
915
894
917
923
928
920
912
940
954
962
962
938
951
965
981
951
938
955
959
930
936
959
978
985
975
914
934
938
947
968
959
970
984
997
999
964
976
995
980
958
973
989
1008
991
1006
1021
1030
1029
1025
1014
971
986
1022
1039
1039
995
983
982
980
988
963
974
990
991
970
972
984
999
999
976
979
957
938
876
853
850
875
895
858
866
866
875
866
882
889
885
877
869
879
866
839
854
875
896
914
905
873
866
893
908
907
930
957
979
923
930
951
965
975
982
987
976
950
927
955
993
1018
1033
974
962
942
887
881
866
855
840
853
866
886
884
898
917
935
949
958
922
917
934
936
958
943
920
921
923
938
949
929
950
944
953
958
923
944
960
970
985
951
925
926
929
934
890
915
939
972
983
962
979
997
1008
1017
1023
1013
972
985
997
1011
1018
952
904
911
920
934
911
901
897
915
926
931
955
957
958
968
961
957
985
994
1003
1004
969
966
966
989
991
963
968
965
926
924
918
918
943
971
989
1012
1003
995
991
992
952
897
884
873
837
844
846
850
813
799
800
794
808
816
846
896
949
953
977
995
995
995
977
972
978
988
998
1027
1036
1042
913
861
834
795
769
749
763
818
875
919
941
927
919
867
873
913
940
970
976
952
975
1005
1031
1030
1023
1017
1015
960
915
898
879
842
839
834
837
843
823
817
825
843
876
911
938
930
932
952
951
914
896
898
912
912
914
903
892
877
850
826
809
813
814
819
814
807
825
850
874
869
859
869
891
915
927
941
929
910
918
934
936
946
949
935
910
917
933
950
962
959
915
899
905
921
936
952
950
913
884
863
856
833
836
839
849
828
830
839
860
901
929
952
953
969
977
984
983
948
933
947
975
999
989
941
926
947
968
978
977
995
990
991
962
961
968
960
955
961
970
983
988
993
1016
1011
1005
996
998
946
915
918
920
898
901
923
919
896
916
931
928
918
923
932
944
943
965
973
992
1001
1015
1007
991
993
993
999
1021
1028
991
974
921
884
895
890
861
847
858
866
861
883
921
954
957
980
976
970
973
978
974
966
958
940
927
943
962
983
997
1006
977
940
955
957
947
938
923
952
965
973
966
938
937
932
949
976
986
970
961
981
1020
1038
1039
1025
1026
1015
1012
1028
1015
1023
1006
961
970
967
914
883
917
925
904
914
935
935
900
906
909
936
926
960
968
961
978
997
998
979
969
974
980
978
993
975
967
979
990
994
991
945
942
948
965
952
938
936
943
929
924
949
962
969
949
939
903
915
909
937
938
921
936
945
948
933
909
938
959
980
987
1002
946
917
908
882
876
871
863
845
817
814
799
795
783
770
764
758
753
756
755
765
778
788
804
820
826
829
813
818
815
814
816
828
821
805
803
815
821
826
826
814
818
806
790
791
786
774
767
770
770
769
789
803
819
820
835
831
816
821
811
813
798
791
791
793
808
804
797
809
821
823
808
810
807
813
799
813
818
823
810
820
822
826
818
818
822
820
792
797
788
789
804
802
783
794
787
785
769
764
754
740
735
723
728
757
771
792
824
856
871
887
910
897
915
917
904
884
881
893
904
911
929
935
947
972
967
879
828
801
769
745
749
825
914
930
934
941
969
1003
1046
1070
1086
1101
1094
1089
1101
1096
1077
1028
979
1017
1052
1023
957
980
995
1002
1008
996
974
936
897
898
919
902
899
889
872
862
840
831
826
810
823
823
842
855
876
897
917
916
930
944
960
981
1001
1016
998
990
1004
1008
1005
992
941
894
893
924
936
898
896
893
892
889
903
923
924
931
943
964
976
984
987
991
1006
1018
1021
1025
1029
1026
1026
1014
993
968
973
887
833
828
875
893
932
979
984
956
991
1008
1008
1005
1025
1037
1047
1025
1034
1024
1004
983
996
1016
1043
1040
1034
1040
1034
1031
1043
1041
1027
1032
1045
1054
1058
1090
1053
1014
956
940
959
963
924
922
922
938
964
988
1008
1032
1008
1009
1020
1023
1032
1021
1021
999
990
1010
1019
1002
994
986
981
965
972
974
1001
1024
1030
1036
1007
991
1000
1013
1007
978
1004
1011
1028
1037
1037
1054
1056
1057
1051
1028
1002
1004
1010
1021
1032
1024
1023
1023
1005
972
950
941
977
1006
996
975
970
963
948
956
974
985
988
1008
1004
983
966
990
1017
1026
1026
1013
995
987
980
974
968
938
909
915
932
950
931
918
929
938
930
931
922
938
956
967
958
964
984
918
904
896
918
917
947
978
1011
1029
1027
1021
1019
1032
1069
1077
1071
1001
971
952
977
1003
993
988
991
1015
1041
1046
1016
1031
1026
1023
1015
1011
1031
1042
1044
1055
1053
1040
1025
1005
1031
1060
1060
1041
1017
1016
1027
1007
1020
1041
1032
1038
1024
1049
1073
1084
1064
1043
1057
1050
1046
1025
1017
1026
1018
984
988
1013
1020
1018
1016
1006
985
975
945
943
951
879
854
867
880
871
887
935
967
936
885
881
871
873
856
864
867
870
886
879
891
918
944
981
1009
1012
1008
1020
1030
1038
1030
984
937
965
1002
1018
1013
1019
1016
1033
1047
1016
979
998
1012
999
995
979
993
1010
993
972
971
985
988
1007
1001
969
919
904
917
924
904
909
922
924
955
1005
1046
1068
1047
1043
1041
1026
1016
973
969
960
917
943
963
955
919
929
920
910
912
922
922
926
958
1007
1021
1020
1021
962
943
905
932
961
995
1023
1042
1039
1055
1056
1047
1037
1024
1022
1008
994
956
970
996
1000
982
970
996
985
987
1003
990
988
998
961
967
985
964
927
942
963
1012
1048
1087
1060
1052
1025
1021
1043
1073
1066
1044
1006
986
975
939
914
958
974
933
906
920
944
928
924
942
971
996
1003
1021
977
948
910
903
924
970
992
982
975
986
1010
1035
1032
1030
1007
996
1015
1041
1046
1013
1046
1073
1084
1058
1035
1040
1058
1070
1086
1061
1054
1070
1087
1090
1067
1048
1073
1066
1078
1054
1006
1008
1003
1023
1027
1019
1042
1042
1055
1048
1040
1058
1046
1026
1003
1016
1021
1014
995
990
985
994
1005
992
1023
1047
1039
1028
1018
1014
1002
1024
1023
1010
1028
1044
1011
1017
1028
1037
1024
1017
1051
1050
1044
1020
1010
1028
1048
1053
1034
1060
1075
1079
1057
1033
1006
997
993
979
1001
1015
1023
1023
1011
1007
1009
1008
979
971
940
962
978
960
942
950
980
1011
1018
1008
983
995
1003
1008
1007
1024
1021
1015
1044
1063
1055
1032
1021
1052
1060
1039
1010
1010
1015
1033
1036
1025
1047
1055
1045
1037
1054
1067
1066
1050
1002
1006
1003
1026
1016
1008
1016
1015
975
980
1007
1010
977
951
944
959
968
980
982
1014
1019
1022
1004
983
949
955
983
1010
995
1003
1019
1027
1006
1007
1014
1013
1012
992
995
1012
1012
1017
985
965
974
989
1005
983
966
964
988
998
998
990
1018
1038
1059
1061
1050
1061
1057
1019
1011
1023
1030
1024
1040
1068
1086
1078
1070
1064
1030
1017
1001
1004
1021
1017
1003
995
1002
1007
998
971
924
914
929
909
884
842
843
844
867
916
974
1002
1024
1034
1037
993
986
1002
1012
1007
983
969
998
1018
1025
1008
1014
1008
1020
1007
1005
1002
992
994
1004
1013
1017
1002
994
1001
995
1008
989
977
954
953
930
940
957
975
1006
1010
1028
1043
1063
1059
1076
1080
1061
1060
1063
1067
1036
1021
1019
1013
1013
989
978
978
996
988
982
958
994
1017
1031
1035
1051
1046
1028
1031
1026
1036
1024
1022
1022
1026
1023
1001
978
1009
1029
1029
1044
1052
1047
1033
997
983
994
994
1000
1021
1032
1039
1023
1020
1042
1055
1052
1041
1036
1024
1001
993
986
950
950
904
926
946
910
902
949
988
976
958
935
909
862
855
830
818
815
811
818
833
877
901
927
952
971
980
979
986
1000
1022
1008
1007
967
955
974
978
918
896
888
886
895
916
968
1018
1018
1021
1043
1060
1044
1027
1040
1064
1060
1082
1092
1093
1083
1063
1019
1001
1012
1003
999
972
989
995
1004
1001
1009
1042
1062
1072
1057
1038
1048
1059
1061
1063
1061
1079
1076
1061
1049
1045
1032
1035
1030
1015
991
997
1003
996
968
944
994
1028
1025
1013
1015
1042
1045
994
976
989
966
966
938
923
958
1015
1024
1039
1048
1063
1079
1089
1090
1056
1009
946
932
932
910
932
980
981
939
962
1005
1017
994
979
996
1010
1007
982
979
994
1021
1021
1032
1025
1010
996
922
898
956
995
995
1011
1028
1040
1041
1015
988
972
1001
1002
996
987
985
1027
1067
1045
981
967
967
967
971
986
960
980
996
1003
989
969
944
936
920
914
927
975
1019
1042
1058
1056
1052
1044
1053
1077
1050
1030
1020
1021
1016
998
982
989
986
984
985
1006
983
975
954
939
949
956
966
944
895
920
956
1007
1020
1042
1079
1073
1074
1080
1100
1083
1072
1060
1067
1064
1065
1057
1028
1003
1028
1044
1041
1038
996
934
925
956
980
979
982
1017
1003
1002
1015
1027
1018
1007
1028
1020
1029
1039
1046
1051
1053
1049
1050
1055
1034
1017
1001
971
989
973
981
971
964
945
933
898
897
929
956
970
980
978
986
991
989
1023
1032
1031
1029
1021
1014
1004
978
974
976
1001
1001
996
989
1000
992
990
988
979
1000
1004
966
915
916
919
945
967
986
979
953
917
914
915
915
897
926
944
934
954
992
1013
978
1003
1020
1036
1058
1042
1051
1060
1070
1072
1049
1025
1036
949
832
788
760
737
741
729
721
724
729
730
727
731
751
765
764
789
794
778
757
757
752
764
767
756
772
784
778
771
772
771
771
761
761
774
773
784
790
774
767
766
771
767
764
771
782
793
786
796
794
794
781
796
800
808
802
792
787
776
790
799
806
807
796
804
804
818
813
805
779
760
767
790
803
831
841
852
861
840
852
865
874
889
894
885
880
873
879
858
849
854
851
845
840
825
814
792
762
753
755
757
767
786
819
821
844
855
870
886
906
908
886
865
873
887
912
877
864
894
901
908
878
854
874
889
896
890
855
861
851
850
862
852
875
872
867
859
842
844
836
837
844
830
842
843
838
822
828
822
808
791
781
765
761
761
762
745
744
740
739
747
746
758
771
780
788
801
803
793
801
799
804
796
810
811
813
811
819
813
786
765
773
780
791
800
823
820
801
803
812
813
833
841
837
851
865
880
882
881
881
859
867
872
893
912
909
913
897
881
858
847
849
859
860
848
876
892
879
856
845
845
843
832
816
808
795
796
791
790
781
772
778
771
783
787
780
793
807
831
846
855
856
851
828
844
845
852
848
852
855
881
870
858
869
884
894
876
880
887
892
896
895
881
899
908
909
877
866
875
870
877
881
893
875
859
862
867
874
846
845
844
846
848
837
854
873
893
880
908
918
911
922
899
890
899
899
898
887
888
887
896
908
889
901
906
907
891
903
903
875
883
876
869
854
860
864
871
846
851
860
868
878
896
910
892
889
886
890
895
864
875
871
880
893
893
873
878
892
894
893
883
843
810
804
796
795
801
801
791
775
758
740
743
738
745
732
737
742
744
744
753
762
766
767
773
729
748
726
702
686
681
681
673
673
675
673
669
661
657
650
644
641
637
630
633
629
627
623
630
642
652
662
670
680
692
699
696
700
694
692
696
691
681
679
673
675
665
655
656
654
655
653
651
655
657
659
661
661
663
674
678
681
673
667
665
666
668
662
657
657
660
663
664
656
653
653
658
659
660
655
650
646
638
622
613
611
608
602
600
599
600
596
593
592
596
605
602
602
604
607
612
610
605
592
588
587
588
584
1165
568
567
561
558
560
560
567
574
574
576
582
587
589
593
597
593
588
586
586
581
576
576
569
564
561
558
555
547
545
541
539
541
535
530
527
526
529
529
528
528
528
529
533
538
540
538
537
540
542
545
542
543
545
547
545
542
542
543
540
537
532
530
529
525
521
517
516
516
514
510
509
510
514
513
513
517
516
518
522
523
523
522
525
525
525
521
521
520
520
520
515
512
513
512
511
509
504
503
505
506
506
505
508
514
515
514
514
516
521
521
522
521
522
525
525
525
524
520
521
519
521
520
521
523
527
530
529
528
530
530
531
529
529
531
534
534
534
534
535
539
543
549
551
552
556
558
560
559
558
558
560
563
559
557
556
557
558
556
558
557
560
564
569
570
571
578
587
586
582
586
591
593
592
592
597
604
615
621
616
627
640
643
641
646
646
639
628
621
623
622
617
624
632
644
646
651
674
698
710
709
693
689
692
684
684
690
699
682
684
688
712
704
720
733
754
749
759
756
744
736
736
741
752
733
734
729
713
698
683
698
694
704
711
697
718
729
735
737
710
686
683
696
710
743
774
805
795
776
781
777
765
758
773
778
803
838
845
824
797
752
729
724
693
681
693
728
758
750
717
718
722
729
738
750
746
738
742
718
708
701
703
702
678
661
651
648
644
646
652
666
679
706
728
754
744
731
729
725
724
717
707
702
696
700
696
668
653
652
648
639
632
637
639
645
655
677
698
713
721
715
692
677
655
643
632
635
645
649
638
641
642
647
639
628
626
629
644
654
646
648
656
663
659
656
663
681
692
701
703
694
690
697
708
717
720
691
676
691
701
706
682
669
646
632
667
679
672
684
695
710
722
729
727
716
691
689
688
683
682
698
709
697
669
662
658
658
632
632
626
626
637
644
648
656
654
660
668
667
659
650
643
632
625
621
619
621
619
617
615
611
615
616
617
617
620
636
655
675
679
674
685
693
698
693
677
662
660
649
651
659
663
669
669
654
650
651
652
659
664
664
651
644
637
637
624
621
624
631
638
629
630
633
637
640
646
638
632
633
640
644
644
654
669
684
678
681
684
687
694
691
678
661
667
669
678
672
676
684
681
675
675
663
652
651
661
674
681
683
704
724
728
734
712
688
669
666
671
662
661
675
688
689
677
658
654
648
651
651
651
658
678
688
694
714
730
744
742
739
724
704
692
688
679
658
638
633
647
654
658
664
669
677
690
700
705
702
715
715
715
706
708
707
693
677
669
668
658
661
666
683
689
698
704
727
726
705
704
712
706
694
689
682
670
659
658
657
659
661
657
660
663
666
668
680
691
696
696
705
699
688
680
681
678
669
666
670
678
676
671
678
681
676
676
685
694
692
691
704
713
720
710
702
711
729
750
765
751
752
754
753
755
754
744
750
753
755
738
721
721
727
737
746
741
742
744
750
762
769
771
753
736
731
741
764
779
773
768
769
766
741
702
686
680
666
650
642
642
642
641
635
639
646
656
650
655
664
672
680
682
686
704
713
709
707
705
702
688
687
690
687
677
674
672
661
651
655
663
671
678
701
721
729
739
750
759
748
757
746
730
723
723
723
724
724
705
689
671
660
652
647
658
665
674
666
671
673
671
666
674
679
688
691
678
681
688
693
704
705
711
720
725
713
705
710
704
686
677
682
683
683
679
664
666
670
676
673
668
678
683
678
672
688
1385
691
699
705
700
692
703
703
699
688
690
684
685
683
684
678
664
670
674
682
681
673
679
676
666
667
673
682
680
690
698
700
693
704
704
699
697
695
698
690
690
688
686
684
679
681
683
687
686
679
675
683
685
684
678
685
682
686
676
678
677
680
676
669
667
664
665
664
658
663
671
672
665
655
655
654
651
647
644
650
649
656
649
652
655
657
653
653
655
658
659
665
672
673
675
678
681
679
664
663
668
668
663
662
666
672
679
678
684
690
695
687
686
686
689
688
667
655
649
646
647
637
634
636
636
639
638
643
654
655
656
663
667
657
659
656
648
631
626
628
634
643
642
638
633
638
647
647
646
664
675
679
671
690
694
695
690
708
712
710
716
730
729
723
729
722
723
715
710
713
712
706
710
728
739
747
750
738
749
729
738
771
805
845
876
875
889
897
906
891
868
778
742
724
688
680
676
662
666
666
670
666
662
665
668
665
664
672
685
688
678
673
670
667
668
663
650
647
645
679
731
780
807
854
879
911
915
877
812
780
833
841
805
778
782
776
778
798
813
852
896
921
926
908
867
840
815
790
768
751
727
696
678
667
665
659
651
646
642
637
630
624
622
619
616
614
613
604
604
606
622
645
662
672
674
667
666
677
688
698
681
681
674
656
645
643
646
651
659
666
685
700
703
702
716
736
748
768
762
754
756
755
745
727
713
715
712
700
687
690
692
684
685
699
713
706
706
720
728
730
722
720
725
725
714
716
730
739
738
721
732
747
754
746
741
753
762
771
771
775
777
772
764
763
737
705
709
733
774
764
727
738
734
731
726
715
705
720
728
727
727
727
735
738
726
717
705
698
688
702
743
741
736
717
702
705
711
760
859
874
878
888
850
813
809
788
777
786
779
807
864
859
858
884
892
884
896
896
879
864
856
818
779
770
762
749
719
700
681
666
650
647
647
643
638
638
638
645
649
657
665
659
659
651
644
641
639
628
616
611
604
606
613
621
634
645
639
638
641
644
641
639
643
654
643
639
640
638
640
640
643
636
630
631
634
635
638
654
668
679
686
703
705
689
677
672
660
644
638
639
649
655
657
654
659
664
660
658
646
639
624
626
622
625
620
626
642
646
656
656
653
666
680
690
700
729
749
736
737
751
747
739
733
718
721
720
713
708
715
713
708
710
729
727
716
721
721
710
710
710
717
726
718
717
703
702
700
703
699
717
718
708
716
715
710
700
711
708
703
703
703
704
693
702
702
695
690
707
708
712
705
712
710
698
700
698
696
689
680
679
684
683
682
682
666
667
662
662
656
662
669
665
655
661
660
659
663
670
664
673
679
683
679
687
688
683
680
673
674
671
684
682
687
678
681
688
699
694
692
696
686
680
685
688
690
689
691
692
696
687
683
687
687
683
680
688
686
683
674
680
675
672
667
672
673
678
667
668
670
676
667
664
671
673
666
652
652
660
669
669
664
670
670
667
658
660
665
674
669
675
679
686
677
682
685
688
681
688
688
685
681
686
688
692
690
706
717
726
727
744
761
771
769
767
779
774
758
760
770
761
750
744
741
752
756
756
757
762
766
752
750
748
757
770
767
757
753
748
739
705
686
686
683
674
673
680
683
687
688
704
713
721
714
726
737
725
709
714
723
722
727
736
757
789
801
815
867
899
904
907
882
859
827
813
803
771
754
760
758
741
739
748
744
739
735
744
739
743
758
767
764
764
788
803
801
789
790
780
764
754
740
721
705
700
695
693
688
690
694
697
686
671
668
670
666
671
676
686
690
688
696
700
702
702
717
754
763
764
778
784
788
777
768
766
768
768
749
731
723
724
736
729
727
725
722
718
725
751
780
814
832
848
858
847
798
793
803
823
805
788
787
788
775
749
740
727
724
730
745
762
754
743
752
766
777
776
767
744
710
701
684
671
665
673
685
702
707
709
729
761
774
767
782
787
786
793
810
791
774
771
755
727
716
708
708
700
720
722
730
776
836
849
843
858
870
875
856
809
774
766
764
768
783
786
789
788
784
785
782
773
755
719
702
698
712
733
741
720
728
730
738
734
728
737
746
746
748
719
716
718
722
723
729
730
733
734
744
750
761
773
765
746
730
716
695
679
673
652
643
632
628
621
614
618
622
626
626
636
658
685
715
740
756
770
764
734
726
713
701
700
706
724
733
739
737
732
719
714
710
708
696
690
692
688
687
690
696
694
694
706
708
706
712
709
704
719
739
741
736
732
723
718
720
702
696
710
744
761
762
745
744
744
742
723
711
725
748
772
791
796
800
813
819
791
746
739
776
787
752
760
747
749
737
746
741
731
732
747
762
782
818
841
839
847
874
868
851
816
812
789
780
789
819
848
861
864
855
857
850
863
857
836
847
862
878
875
865
876
877
888
877
874
885
879
878
870
871
863
857
854
853
837
840
854
885
888
904
914
895
865
857
863
831
827
845
858
865
860
881
887
896
877
805
1613
777
748
753
748
731
724
734
756
792
813
802
803
827
854
886
858
870
906
927
940
912
912
922
932
930
918
920
910
921
952
958
964
955
947
943
947
951
938
891
848
841
821
792
763
759
750
730
742
739
720
729
741
749
757
781
789
787
767
761
750
742
732
736
748
740
729
728
707
701
703
703
701
692
700
708
717
711
739
738
721
730
731
741
744
732
712
710
735
789
851
880
906
925
922
910
877
875
856
863
877
830
825
848
867
895
846
847
873
890
907
922
894
882
899
931
958
970
969
925
913
925
950
965
948
884
869
899
951
985
948
924
947
965
969
953
936
963
984
1007
987
967
985
1004
1012
1004
943
921
937
965
973
910
874
905
937
958
928
912
935
960
979
1002
1002
972
970
982
1006
1008
978
964
977
984
944
916
943
974
985
963
956
972
991
958
949
978
1000
1003
969
975
992
1006
984
994
1013
1021
1029
1004
1004
1019
1023
987
987
1002
1010
994
954
948
977
1008
1002
944
947
966
979
967
959
988
1002
1001
966
963
970
997
1013
974
972
983
993
963
947
965
986
973
975
998
1006
1006
986
986
998
1004
1008
982
986
987
994
956
946
970
989
986
942
949
977
983
956
944
963
982
990
971
978
992
1013
959
964
982
994
987
982
989
992
961
961
930
938
903
866
809
798
788
802
832
845
850
873
920
956
914
929
968
987
986
993
965
958
972
989
1020
1024
990
978
988
1004
1012
973
948
946
971
988
954
960
997
1011
993
960
965
988
998
978
980
1010
1024
1019
1015
1039
1041
1030
981
979
1000
994
1012
999
1010
1038
1050
1012
985
1001
1019
994
968
987
993
1003
971
956
988
1017
1022
1000
995
1020
1021
1015
979
989
1011
1021
956
891
898
908
911
898
882
821
780
750
731
724
725
745
767
777
786
799
835
876
904
903
941
968
979
988
990
997
997
999
1001
993
1012
940
956
992
1023
1035
989
958
980
1002
1018
994
996
1023
1039
1050
1044
995
979
974
953
915
880
918
954
981
929
930
957
974
979
998
1043
1063
1075
1065
1061
1052
1042
1038
1040
1009
988
1003
1017
1021
1011
974
992
1008
1025
1005
986
1019
1044
1037
1040
1005
1026
1043
1053
1012
979
1014
1028
1053
1060
1022
1033
1055
1067
1047
1029
1062
1066
1055
1018
967
953
979
998
1006
969
981
996
1003
1017
988
992
1016
1024
998
965
973
1004
1005
1014
1006
955
885
898
916
939
939
889
906
933
944
946
881
885
906
933
908
929
972
1007
1015
1017
1021
984
966
976
1006
1029
1039
1047
1035
1015
974
906
900
922
949
956
909
917
952
965
974
937
919
934
958
975
977
952
933
944
970
994
1016
1018
983
985
990
1004
1002
952
938
952
983
1006
1005
978
986
1005
1012
1021
982
975
997
1021
1016
963
961
984
993
966
931
949
983
993
974
945
962
952
978
950
951
989
1009
1019
971
973
990
996
1014
990
965
978
1006
1027
1043
1013
1008
1028
1049
1055
1041
991
967
981
1001
1026
1031
995
997
1021
1038
1034
970
959
977
984
1018
1024
991
995
968
962
925
921
952
977
986
957
931
945
942
952
952
935
960
959
907
885
914
954
984
982
959
918
918
935
950
972
971
974
977
972
963
922
890
909
953
972
968
932
894
908
931
938
936
896
889
900
920
884
840
849
839
843
856
836
855
894
901
899
910
897
865
863
881
899
921
937
944
900
896
896
907
917
913
878
861
868
892
922
950
924
907
927
940
950
950
920
908
938
958
896
866
909
909
901
919
943
963
980
940
894
897
899
910
862
867
893
906
929
905
909
938
958
961
940
941
964
967
980
986
987
979
973
923
899
907
935
971
978
969
927
928
940
956
962
936
918
939
976
1009
1022
1003
971
978
1007
1029
1049
1006
967
979
1007
1020
1035
1000
966
978
1004
1014
1001
970
933
944
970
981
985
960
955
979
985
993
962
963
963
957
908
917
943
957
965
945
945
970
989
989
958
937
941
943
957
928
910
938
967
984
977
946
959
982
989
1000
978
933
942
974
979
991
1001
963
950
963
985
999
1011
996
955
938
945
952
962
958
933
904
920
935
937
889
832
826
818
778
772
751
732
714
697
694
688
673
669
656
652
648
651
650
646
644
643
647
659
660
664
667
671
681
684
680
691
696
692
688
694
695
697
695
702
713
723
725
740
755
772
782
756
759
749
744
740
728
715
708
705
701
694
692
703
719
722
737
747
753
744
763
772
774
762
746
725
723
727
734
734
744
751
754
762
765
778
788
784
780
785
786
777
765
759
770
789
803
805
815
816
801
786
786
777
779
782
791
791
783
781
795
785
755
748
742
744
739
753
772
807
828
848
820
837
843
839
839
835
831
791
799
792
790
758
733
733
733
743
750
751
741
754
754
734
717
711
696
680
670
662
657
645
635
632
630
623
614
611
610
604
598
601
601
600
599
599
601
604
604
604
602
604
606
604
604
607
606
605
600
598
600
604
604
604
604
604
608
610
607
600
601
600
598
599
603
608
609
604
603
597
594
588
585
581
578
576
579
581
574
571
569
567
556
555
556
560
569
577
586
584
583
578
577
588
608
627
633
625
621
619
620
615
609
604
597
596
590
586
585
581
581
581
589
604
616
620
621
623
627
633
634
631
626
620
615
609
606
613
612
617
623
638
669
687
680
687
697
714
724
710
692
681
672
682
682
670
673
684
702
729
727
714
708
707
704
700
688
683
677
670
676
675
664
665
681
691
688
687
699
715
713
699
686
680
683
702
729
744
783
788
767
747
762
765
753
746
751
772
809
818
785
772
776
796
809
809
799
780
793
801
770
749
759
769
773
772
759
752
764
766
761
748
730
714
708
693
692
708
726
727
729
732
739
745
747
745
741
742
745
750
754
746
728
724
722
711
697
690
696
715
726
720
718
725
736
757
763
745
746
755
772
779
762
730
715
715
705
701
708
715
726
724
714
718
723
729
737
726
706
720
739
749
773
802
842
873
863
850
863
893
914
916
906
894
901
898
894
899
898
876
874
852
829
794
754
743
733
730
739
749
781
783
791
780
781
782
776
767
778
786
800
808
805
795
782
764
759
758
746
721
725
730
741
747
738
740
749
754
765
778
772
756
759
773
795
803
804
802
786
774
768
759
750
740
724
706
693
688
688
698
719
736
746
744
753
756
776
767
775
779
783
788
789
775
773
762
754
744
740
742
742
749
733
723
712
697
703
716
729
725
727
728
730
748
757
749
751
745
751
774
780
757
732
729
726
723
726
729
726
731
726
723
721
711
704
700
699
701
710
712
713
713
706
705
704
699
701
702
689
685
688
695
711
732
748
769
748
732
725
722
723
726
722
716
707
693
694
720
748
764
800
805
791
781
779
781
771
768
755
759
768
789
791
788
778
771
768
750
737
724
713
707
698
693
689
684
686
679
679
685
677
665
659
664
669
679
693
708
706
710
712
718
716
709
708
704
708
712
707
701
699
696
688
679
682
689
706
712
705
705
704
701
692
684
674
666
657
654
674
696
711
723
744
761
773
773
752
741
735
720
710
692
683
691
694
699
712
733
758
764
754
742
741
736
736
729
709
704
711
716
724
733
742
760
736
726
727
725
726
724
741
747
752
769
757
731
733
746
754
765
765
774
781
806
819
792
787
802
799
799
796
783
768
754
730
727
737
751
757
779
771
760
761
749
741
723
709
699
696
694
693
690
697
692
697
702
699
694
695
695
690
683
672
666
665
667
664
667
672
686
695
698
693
686
680
676
683
695
693
684
682
699
718
718
720
727
724
735
736
735
739
727
718
713
713
711
716
712
707
704
699
691
691
692
695
695
710
723
730
726
709
697
692
691
684
679
679
685
689
696
694
682
670
671
680
679
681
682
693
700
716
717
704
697
692
700
701
714
711
712
719
724
723
724
719
729
729
715
710
706
698
684
675
670
670
667
665
665
665
676
685
681
681
677
689
693
704
701
687
680
684
677
667
659
649
644
641
643
646
650
656
658
655
655
653
651
651
648
642
638
637
642
648
650
660
678
709
716
707
702
705
703
700
704
706
706
704
704
707
702
691
688
691
694
702
695
692
694
697
688
688
699
709
713
716
726
745
758
762
750
737
737
741
733
729
717
715
723
710
702
724
741
742
739
742
749
731
714
706
699
694
693
682
681
678
672
668
670
677
688
696
696
688
688
693
689
686
688
706
714
720
709
701
701
702
705
702
697
693
693
687
681
687
700
714
715
716
722
731
737
760
785
793
791
772
773
771
765
763
766
769
754
740
730
725
709
695
694
693
689
684
679
683
687
683
683
687
693
712
728
726
717
712
711
712
713
709
712
722
714
707
697
687
686
687
690
690
694
699
699
692
688
688
698
708
717
713
720
728
722
714
721
737
741
739
730
721
716
719
721
726
726
711
704
704
706
725
728
736
730
716
712
709
709
711
706
696
696
703
695
699
698
709
729
737
734
730
739
750
759
761
769
746
736
727
721
722
729
732
735
729
715
708
718
716
712
712
719
736
742
738
722
722
726
735
751
758
760
759
761
748
742
733
728
725
712
698
688
689
695
703
718
726
726
729
736
736
729
721
712
713
715
711
703
714
725
739
756
774
811
852
862
823
786
763
740
720
710
711
712
714
723
723
729
754
774
811
826
783
756
749
753
744
736
751
778
812
810
791
793
804
816
829
825
820
830
836
823
802
813
809
798
792
777
756
738
738
738
748
755
758
754
748
742
735
723
703
689
689
691
695
703
710
714
706
708
711
711
707
704
701
698
697
692
678
670
664
660
656
649
646
653
662
668
670
678
679
692
702
704
699
689
689
701
715
723
720
723
729
731
738
739
752
751
747
739
729
724
722
720
720
723
719
715
710
702
693
681
673
672
672
668
672
682
694
701
702
702
705
717
729
740
735
744
755
751
750
736
722
721
729
746
757
749
742
744
761
789
813
783
756
753
756
767
761
758
751
732
722
731
736
728
735
742
763
771
753
757
775
800
812
832
843
838
838
863
868
877
879
877
877
856
848
808
768
749
737
747
772
773
751
745
767
796
824
846
817
836
828
822
817
782
754
733
718
702
691
682
683
694
700
701
707
755
815
836
807
802
813
836
867
895
879
857
868
877
903
919
906
864
828
814
827
854
871
907
934
923
850
816
827
849
852
867
854
816
819
848
901
930
944
949
923
921
935
933
950
940
894
896
928
958
973
986
984
960
915
930
944
970
984
980
987
956
959
936
917
859
833
842
858
858
863
842
857
871
870
842
832
847
874
896
900
882
903
916
912
903
881
862
813
783
756
757
758
776
812
845
854
832
843
846
858
860
848
821
828
831
834
841
852
853
857
882
907
925
921
894
850
859
870
874
864
860
827
829
842
858
869
847
848
857
870
869
848
821
813
824
833
836
843
848
824
838
824
821
832
850
880
882
889
894
890
884
888
886
892
899
894
826
808
768
755
771
757
746
755
775
801
792
790
820
868
904
908
911
927
942
950
935
908
918
928
946
954
931
914
921
946
942
952
934
899
901
918
947
960
943
890
903
911
927
934
953
937
911
908
923
942
951
942
911
885
895
903
907
915
898
859
855
867
816
781
792
781
771
771
768
748
757
795
820
852
834
850
862
884
912
899
876
888
898
920
930
918
905
910
925
941
949
931
870
887
911
926
926
912
889
894
909
901
899
872
858
835
787
772
778
783
773
770
780
809
852
865
869
862
814
786
796
806
797
793
807
813
791
785
783
787
806
807
801
807
770
798
816
814
801
786
766
740
722
719
704
700
700
702
700
688
677
675
679
696
704
728
755
771
788
805
818
799
795
793
779
779
773
777
771
776
768
768
777
769
775
782
787
795
789
790
803
813
823
812
795
804
803
809
802
806
819
820
793
769
766
769
765
739
728
733
742
735
746
754
767
772
751
755
756
766
774
740
728
711
701
695
709
711
732
737
741
733
729
734
739
747
757
747
751
780
803
819
814
786
771
775
797
821
830
828
816
824
845
854
813
774
775
786
785
781
793
825
872
893
868
835
842
848
856
870
856
842
851
868
885
854
830
838
854
862
865
852
833
826
816
781
774
804
841
822
811
814
826
840
838
824
810
816
845
855
875
868
849
821
813
808
783
764
731
722
707
698
692
685
669
667
658
655
643
650
641
636
628
623
621
618
612
604
599
592
586
579
572
568
564
559
557
556
554
555
562
563
566
569
573
573
571
569
569
568
569
573
583
600
606
607
602
603
606
612
620
626
629
631
631
639
643
645
645
647
649
640
640
640
629
622
619
611
602
599
597
600
603
605
610
614
617
617
621
619
613
607
606
605
604
596
593
586
580
572
567
561
558
559
559
555
556
556
560
563
561
564
565
568
569
569
568
570
571
566
568
568
568
563
561
561
561
563
560
558
561
563
565
563
563
564
569
576
574
574
575
580
583
576
575
577
579
584
582
580
583
592
597
598
601
604
608
611
608
605
607
605
604
609
615
614
611
609
607
606
604
606
604
607
605
609
610
613
609
609
611
613
616
614
619
619
622
619
626
631
632
624
627
622
611
608
602
597
594
597
597
605
616
632
632
643
645
642
637
636
629
626
623
621
615
608
613
621
635
634
628
631
626
623
622
616
618
613
611
607
607
604
603
599
596
597
595
594
593
595
597
594
589
590
586
591
587
586
588
593
594
591
591
594
593
590
592
596
595
592
591
593
592
591
590
593
595
594
592
593
593
593
594
599
602
603
600
604
605
603
600
598
591
593
590
588
587
587
585
582
580
585
595
598
599
601
601
601
601
601
601
598
593
593
591
585
582
578
578
574
571
571
571
571
568
567
570
573
576
578
580
582
580
580
580
580
577
573
574
571
570
568
567
569
571
569
566
563
567
567
565
564
563
564
563
561
561
563
565
567
566
570
571
570
566
568
569
572
576
578
576
574
574
573
569
566
568
573
579
586
598
611
623
635
630
629
630
632
623
620
613
604
595
591
586
581
575
573
572
570
569
571
573
578
576
579
585
586
586
590
588
586
583
580
579
579
575
573
573
572
571
567
566
566
565
569
566
570
575
581
579
578
582
584
581
578
578
580
582
581
580
582
584
585
583
578
580
577
576
576
576
576
576
573
572
572
575
575
576
577
575
577
576
577
579
580
581
580
581
586
587
582
582
581
580
580
578
577
577
580
577
580
586
590
591
596
599
599
592
588
585
583
576
574
571
571
571
565
563
559
554
553
546
547
554
563
572
573
572
573
573
572
575
575
575
575
577
581
587
590
591
594
591
581
576
577
575
576
580
587
593
595
599
598
592
586
584
585
585
588
591
594
593
589
589
586
584
579
578
578
578
579
583
592
598
602
605
608
613
612
609
606
607
610
610
610
608
613
617
620
617
618
621
621
617
615
612
610
608
603
604
611
620
623
624
629
627
609
600
598
595
597
594
593
591
589
587
582
579
581
579
578
572
570
569
563
562
560
561
563
567
570
578
596
611
621
629
640
647
648
643
643
639
632
625
626
621
618
608
608
603
601
598
600
601
605
601
604
610
611
609
608
613
611
605
601
600
596
591
589
589
587
585
583
585
584
583
583
581
584
585
583
586
588
584
581
581
580
575
576
575
571
571
567
568
570
565
564
563
563
563
563
566
567
568
569
569
567
565
565
565
565
565
563
563
558
559
559
559
559
558
560
563
571
577
582
586
592
596
597
598
598
599
600
601
594
590
584
582
579
574
573
571
569
566
566
568
574
578
581
584
590
593
592
589
590
591
588
584
582
579
578
577
579
584
583
582
577
578
574
575
573
573
576
576
582
576
580
583
582
578
579
577
577
573
574
573
572
570
574
575
575
576
580
584
591
587
592
589
587
583
581
581
579
574
571
572
572
572
573
572
577
582
580
582
582
582
576
573
570
567
563
562
561
560
561
560
563
566
569
571
572
579
582
581
582
585
586
581
581
582
582
578
578
581
582
583
585
583
579
579
577
576
575
577
577
574
570
572
571
567
563
564
564
567
567
566
568
563
559
554
550
545
547
548
550
551
549
553
555
555
553
554
558
563
570
569
572
575
576
574
573
572
570
571
565
564
564
565
564
564
565
566
569
566
563
563
563
558
557
561
560
559
557
558
559
560
558
563
564
568
568
570
569
569
568
567
567
569
571
571
573
573
574
569
570
576
575
575
575
578
578
577
573
572
573
570
566
563
563
563
560
556
557
558
559
557
555
557
557
559
559
562
562
563
562
561
559
556
555
552
549
551
551
552
554
556
558
558
559
559
552
554
556
559
559
557
559
561
560
557
557
557
558
556
555
558
559
557
553
557
557
555
555
553
550
547
544
545
545
549
551
552
553
552
555
560
562
559
562
562
562
561
564
567
565
567
568
573
570
568
564
562
562
559
554
555
554
550
547
544
543
544
542
540
543
545
549
550
551
554
555
553
553
550
550
551
549
549
551
553
551
551
553
555
553
554
556
556
559
557
557
559
558
555
553
552
552
547
544
545
547
550
554
557
560
562
561
563
563
562
560
557
556
557
554
553
553
552
553
550
552
551
552
551
554
556
557
557
558
561
562
562
559
560
561
561
1117
562
559
555
553
555
557
555
554
551
547
543
538
537
539
542
546
550
552
553
556
556
554
550
549
547
546
547
549
553
558
556
557
560
560
561
559
561
560
557
555
553
552
553
551
550
549
548
550
552
554
554
547
544
541
552
557
555
553
550
548
550
550
551
552
557
562
563
563
565
567
565
562
563
563
560
556
557
553
550
547
547
548
548
548
550
554
555
554
553
556
556
557
560
563
564
563
562
563
562
560
559
559
557
552
545
542
539
537
540
539
541
542
543
544
544
541
539
540
541
541
540
541
545
547
553
557
560
560
562
558
561
558
558
553
549
550
546
543
540
540
540
543
544
542
544
544
544
543
546
547
545
543
538
536
536
536
533
533
536
537
537
536
538
540
540
539
539
539
539
538
536
536
535
533
531
533
534
538
537
539
537
542
547
547
545
542
543
541
541
543
542
546
544
543
545
547
547
550
552
553
552
550
554
553
550
544
542
538
534
529
530
527
525
522
521
522
523
523
525
529
530
532
532
532
535
536
535
533
531
527
524
523
520
518
520
520
519
521
523
525
524
525
526
530
534
536
534
538
540
542
541
540
542
545
542
541
543
543
544
542
540
539
539
538
535
538
540
541
543
543
544
543
542
539
537
538
537
535
533
533
534
534
536
536
537
540
543
545
546
548
552
550
548
548
550
551
551
552
550
548
545
542
541
538
533
532
536
535
539
538
541
544
547
545
547
548
551
552
549
552
550
550
548
545
543
538
542
540
554
556
556
556
559
562
563
565
564
566
568
565
559
553
549
542
536
535
537
537
540
542
549
552
559
562
563
568
570
573
570
567
564
563
559
559
559
553
550
546
545
544
543
543
544
543
544
543
544
543
544
542
543
545
544
544
541
542
539
540
539
535
533
532
531
533
538
540
541
545
544
546
543
544
546
547
545
544
547
544
543
545
547
548
550
549
550
554
558
557
556
560
562
559
558
555
554
552
552
553
547
542
541
539
541
543
549
554
549
543
541
537
532
533
534
535
533
536
539
544
547
549
553
554
556
553
557
556
557
554
553
553
552
551
551
555
553
549
549
551
552
550
550
552
551
548
547
550
551
549
550
552
552
554
554
554
556
552
549
552
551
550
547
549
549
549
544
543
541
540
540
538
541
542
543
538
537
537
536
535
535
536
536
537
536
538
540
539
538
537
537
538
536
538
541
542
541
542
545
545
543
541
542
543
544
539
538
538
538
535
534
530
528
527
528
530
533
533
536
536
536
532
530
530
530
530
529
530
533
534
537
540
541
539
538
540
541
540
538
539
539
539
537
537
536
537
538
539
541
542
542
542
543
544
542
542
545
543
543
541
542
544
544
541
537
535
536
538
537
538
541
544
548
546
546
550
551
549
548
548
548
546
546
548
546
544
543
542
541
543
541
536
535
532
533
532
534
539
540
542
541
544
545
551
553
557
558
558
558
556
555
553
548
542
541
539
536
534
534
536
536
537
540
539
541
538
541
539
543
541
542
545
544
546
544
544
546
546
544
541
540
538
541
538
536
538
541
544
543
543
541
536
534
533
527
528
531
524
521
518
509
513
516
511
512
507
509
504
506
512
511
510
509
508
510
512
512
510
512
514
514
514
515
514
515
518
521
524
529
532
539
542
550
548
542
534
530
523
538
536
531
528
525
526
529
533
536
543
543
544
549
555
562
563
563
559
557
552
548
546
542
541
542
546
547
554
556
559
562
562
562
558
559
557
555
554
554
550
546
546
545
548
549
551
556
557
555
556
557
557
557
554
551
553
556
560
560
561
563
567
568
564
562
562
563
558
554
556
553
548
544
545
545
550
547
545
548
546
543
541
536
543
549
549
547
546
544
543
539
537
535
533
536
538
542
543
540
543
546
551
553
552
548
547
543
542
536
535
545
546
541
541
540
544
542
542
546
547
548
551
553
557
551
546
544
546
544
546
547
546
546
542
547
557
570
583
588
580
573
569
568
571
569
565
564
563
564
566
564
564
570
573
572
570
565
563
562
566
575
576
574
578
579
584
583
578
577
575
573
567
567
567
565
563
563
565
566
563
565
569
570
569
565
560
553
558
560
564
572
571
564
558
559
560
563
563
559
562
563
566
567
564
563
554
556
559
561
565
564
557
554
550
545
544
543
549
558
565
565
565
574
583
588
591
597
592
580
574
571
567
561
564
571
572
572
565
568
565
563
558
553
552
550
547
542
544
551
563
573
581
593
597
607
606
598
600
604
599
582
572
573
573
582
580
583
585
575
579
577
579
581
581
582
582
584
586
584
582
576
574
574
569
567
563
554
551
549
544
541
542
543
543
544
544
549
553
549
559
562
570
581
586
600
603
604
606
604
600
598
590
580
580
581
579
571
564
556
553
547
540
536
534
530
529
525
524
521
516
509
513
512
513
511
510
513
510
505
504
501
500
501
502
498
499
497
497
495
494
488
489
492
496
496
493
491
492
490
488
488
490
490
494
494
497
504
511
510
510
509
511
515
519
519
519
517
514
515
515
514
511
509
510
511
506
502
498
492
494
497
508
514
512
520
517
519
531
535
535
539
536
534
536
544
537
532
531
530
528
528
527
528
530
530
531
531
533
529
525
530
527
523
521
517
515
514
516
522
525
531
536
541
544
548
552
554
564
565
553
545
538
532
531
524
522
520
518
515
511
508
509
507
518
521
518
519
515
509
515
521
526
533
541
542
546
545
542
541
539
542
539
539
538
538
540
542
548
546
545
548
550
552
552
548
549
551
549
550
546
544
544
546
548
550
553
557
558
560
557
557
564
566
578
581
580
576
570
564
550
563
564
570
576
579
572
562
563
562
557
549
542
540
536
534
530
530
529
530
528
529
531
535
539
545
550
558
562
559
562
563
559
557
557
557
557
556
553
557
563
564
567
570
573
575
569
568
574
580
587
580
575
576
575
573
574
578
582
575
575
574
577
570
566
571
575
577
574
568
566
563
558
559
559
563
577
579
588
589
596
597
594
590
595
594
577
565
556
552
551
559
563
575
578
582
585
590
587
580
568
567
565
563
563
563
563
563
559
552
541
541
538
536
535
535
537
544
551
557
555
557
555
562
566
567
564
566
576
571
572
572
571
565
563
561
559
556
553
553
555
554
552
548
546
547
548
543
539
537
534
534
533
536
536
538
538
539
544
548
547
550
542
538
534
527
526
528
528
528
530
532
528
527
528
527
529
527
528
531
532
530
534
532
537
542
548
548
547
551
552
555
552
549
552
553
550
552
554
561
563
566
573
574
578
574
570
580
581
586
590
584
584
585
602
602
595
604
612
599
586
573
572
564
561
563
563
558
557
558
563
569
568
563
560
561
561
560
557
562
560
557
560
560
561
555
552
557
558
559
558
555
555
558
552
552
553
557
559
561
563
565
561
567
558
552
548
544
542
543
545
554
563
563
563
567
575
585
587
582
582
572
570
575
588
602
612
610
603
604
607
614
613
610
613
615
612
610
610
613
622
618
615
617
622
623
616
615
617
620
620
627
633
649
666
676
664
651
648
649
654
656
645
642
646
656
658
649
646
649
661
664
658
651
648
656
672
699
714
712
701
688
672
665
654
651
654
647
630
609
599
592
586
581
578
583
591
604
618
630
633
632
632
646
655
665
673
660
660
667
680
692
695
700
700
679
670
680
697
713
709
692
690
692
693
685
680
683
693
693
688
681
682
688
699
705
702
685
668
663
669
677
675
669
663
677
690
683
675
663
647
631
632
635
636
637
653
666
678
666
662
668
673
667
660
649
642
632
620
615
618
621
625
632
637
644
648
642
642
649
660
669
669
666
669
668
672
664
656
653
660
660
655
651
652
660
662
646
639
646
658
668
680
683
689
702
723
741
746
719
689
676
673
677
677
674
659
646
652
666
668
664
662
671
686
698
708
718
722
719
704
674
643
633
635
643
656
679
682
683
690
706
704
688
674
660
653
655
663
678
688
688
688
693
698
700
709
714
721
712
696
687
683
682
684
682
682
684
689
691
689
695
694
694
694
690
682
684
690
693
691
676
670
660
644
641
652
672
682
678
674
675
683
695
710
704
689
688
693
703
718
729
737
729
728
733
745
752
756
735
721
722
732
742
728
705
678
674
680
681
682
683
678
676
671
666
662
659
652
645
638
637
637
639
649
660
669
680
688
693
695
693
685
678
669
664
657
652
648
648
645
630
621
626
634
632
627
626
625
625
622
627
634
639
640
642
640
643
648
657
661
661
656
653
646
643
642
640
641
633
624
622
628
635
640
645
652
664
665
659
669
676
670
664
653
641
637
637
638
636
632
635
637
635
639
637
637
632
632
631
631
634
636
639
635
635
635
633
632
632
627
627
618
610
608
613
619
618
626
632
642
645
642
641
643
646
645
641
629
623
621
624
629
630
627
633
638
641
646
651
650
646
640
635
641
645
644
649
656
653
644
635
642
643
645
645
646
654
657
656
655
654
652
653
652
648
644
635
631
627
628
627
621
613
615
622
631
646
655
665
665
664
653
644
639
643
652
667
675
670
675
677
675
675
672
656
647
641
635
632
630
637
646
654
655
655
656
659
664
664
658
651
646
644
644
648
650
654
646
642
642
646
650
650
652
646
641
637
637
638
636
629
629
634
644
651
655
662
672
676
677
672
674
675
676
669
660
662
665
673
676
673
675
681
685
683
678
672
663
662
659
655
653
649
646
642
640
636
627
622
622
627
622
619
615
609
605
607
614
628
638
640
640
643
651
658
670
680
681
682
673
666
661
661
660
660
659
655
650
644
641
642
641
632
623
620
620
620
619
619
624
630
642
648
650
645
637
632
629
630
631
631
634
635
644
646
654
655
654
653
650
644
635
628
620
611
607
599
595
592
592
594
590
588
591
601
605
610
608
603
601
604
612
618
616
604
607
616
630
629
629
631
631
628
625
622
627
635
644
654
664
678
684
688
691
689
670
649
642
641
646
642
638
641
648
653
657
661
668
670
673
675
675
672
662
655
651
653
656
660
654
646
641
641
646
649
657
666
671
671
669
664
660
654
653
652
645
642
639
644
642
635
636
638
639
639
637
631
629
628
636
645
646
648
646
644
648
653
661
663
665
661
652
646
641
642
640
644
645
644
635
630
627
627
629
624
622
621
627
630
637
639
642
645
642
637
638
640
646
648
646
642
634
633
637
648
657
660
663
661
655
647
645
646
646
650
646
646
644
644
642
632
625
623
626
627
618
609
611
618
629
629
627
623
618
609
604
602
604
604
606
609
623
637
655
664
667
665
664
665
662
660
650
648
647
648
650
657
660
658
650
647
651
657
664
666
668
665
659
659
669
680
687
685
667
661
663
674
686
692
682
674
672
668
662
652
644
639
643
652
661
656
648
650
650
643
634
630
635
643
641
645
654
665
674
681
685
686
679
685
688
684
669
667
669
672
675
677
683
686
680
671
667
671
674
681
689
693
692
688
683
682
692
695
700
701
701
686
673
674
683
696
709
718
720
715
709
707
715
724
729
715
701
687
688
694
702
713
709
700
695
699
701
709
716
705
693
687
690
694
695
695
687
679
680
685
689
690
683
666
657
659
655
653
644
634
625
623
630
642
647
652
664
669
670
681
682
680
675
671
657
646
643
648
653
660
672
674
672
682
694
704
705
708
712
715
715
703
691
687
686
683
678
665
660
654
646
642
643
641
641
645
653
662
673
682
681
680
684
688
696
707
708
708
707
700
696
701
707
698
690
689
681
680
682
672
663
657
647
639
636
634
636
643
651
667
686
693
692
684
672
660
659
653
644
643
635
632
632
633
639
646
654
657
670
685
707
735
756
758
754
729
696
684
681
678
661
647
642
640
643
639
636
632
621
616
606
605
600
592
587
590
592
595
593
596
602
608
607
607
608
604
601
595
594
591
589
583
577
574
567
568
573
586
591
591
587
584
590
603
609
615
607
612
610
606
608
611
602
610
613
624
606
597
595
593
591
588
585
582
581
568
563
561
559
556
552
549
549
543
530
528
526
527
533
542
551
562
559
560
560
564
563
563
561
561
563
564
562
562
561
562
558
554
560
560
559
556
552
551
548
548
550
546
545
545
544
540
540
543
548
541
540
536
539
538
536
536
539
543
549
546
545
546
545
545
544
544
544
544
544
541
540
540
546
553
563
578
590
597
603
1202
615
628
626
1221
605
607
604
612
621
636
646
646
647
661
669
654
647
644
642
636
637
639
638
639
644
654
667
670
663
657
654
658
668
681
681
694
705
716
730
733
724
721
722
720
737
736
719
726
731
729
731
720
717
724
730
737
724
709
710
711
732
751
752
738
735
745
764
779
768
754
754
759
779
786
746
704
696
680
679
681
689
680
687
694
712
729
733
750
765
780
772
776
792
811
827
836
829
798
796
809
830
838
797
757
755
765
776
791
771
758
766
778
788
783
771
776
785
788
796
777
763
769
778
789
799
777
781
797
826
832
828
812
775
735
712
717
734
748
757
750
746
752
757
768
771
763
751
740
747
761
773
773
755
739
726
729
743
747
734
727
735
746
762
771
770
766
770
764
766
771
764
738
729
738
751
764
771
766
749
752
761
770
777
761
738
708
709
715
722
705
711
724
729
742
738
726
726
732
734
719
713
710
692
677
676
687
692
699
710
730
760