875
875
884
932
992
1015
1033
1038
1036
991
925
887
866
906
985
978
930
902
918
964
998
979
975
1026
1085
1088
1090
1067
992
937
916
896
874
864
897
939
1009
1039
1023
1020
1021
1015
1005
1005
970
916
894
888
890
874
886
901
922
908
875
845
830
808
792
775
773
784
789
776
795
815
834
859
886
891
896
941
996
1030
1049
1065
1089
1101
1119
1134
1138
1142
1122
972
909
891
884
882
878
897
986
1048
1055
1042
1063
1080
1061
1050
1056
1066
1053
1043
1026
987
934
913
894
869
865
853
848
839
825
812
800
795
778
775
781
795
800
799
799
829
888
900
923
993
1059
1109
1140
1121
1104
1081
1061
1001
901
876
867
862
883
911
914
932
969
1016
1027
1052
1054
1016
996
990
938
904
900
886
887
888
871