1084
1038
994
1014
1040
1079
1111
1109
1047
1039
1060
1081
727
377
449
302
305
307
325
9696
1117
1146
1203
1226
1177
1205
1158
1179
1200
785
400
1151
1181
1107
1078
1062
1043
478
1488
403
541
938
888
888
907
914
1857
935
294
593
906
920
937
937
953
455
504
632
460
657
556
440
1693
824
820
800
777
757
758
751
756
747
756
761
768
786
808
803
513
4201
729
714
713
694
680
688
686
681
684
689
701
698
691
688
698
736
747
771
1588
797
806
806
778
782
803
829
813
759
757
752
756
757
752
751
777
840
896
938
939
919
932
934
943
916
828
800
799
808
795
779
797
841
876
848
834
848
870
884
859
850
876
886
907
889
871
913
929
875
874
914
897
867
895
884
855
849
842
835
860
869
872
892
970
1041
1025
1021
1021
1003
983
1017
1019
965
1001
1038
1007
1020
1001
1019
986
1041
1037
1009
987
1003
982
971
1031
1077
1121
1122
1118
1078
1042
1078
1108
1096
1026
1031
988
946
981
1006
989
1027
1076
1104
1062
1061
979
974
970
971
962
959
944
874
900
949
995
1080
1110
1091
1074
1048
1045
1051
1001
935
912
921
897
852
854
858
852
844
903
924
904
907
942
967
928
989
1036
1034
999
1009
1024
990
963
942
945
930
897
913
947
989
957
976
1004
1015
1901
871
858
856
841
804
774
762
741
717
699
676
663
673
712
741
754
787
815
834
874
896
891
886
895
891
896
886
909
909
940
971
951
935
934
924
890
924
915
895
847
820
842
869
909
947
1014
1027
1029
979
1004
1037
1067
1074
1042
1038
1092
1119
1115
1056
1083
1089
1052
1050
1072
1069
1069
1140
1175
1210
1185
1191
1165
1149
1099
1114
1146
1108
1140
1141
1047
1094
1025
1008
992
959
943
955
946
966
938
954
969
893
879
883
848
814
827
801
783
790
775
753
752
774
824
852
892
936
952
967
975
974
972
949
969
988
969
996
1028
1010
994
1043
1068
1021
994
1020
1051
1065
1025
1012
1043
1067
1077
1040
1044
1053
1043
1015
1037
1058
1028
1029
1061
1050
1034
1063
1079
1047
1049
1024
979
990
993
938
947
893
914
941
909
895
924
972
952
953
1001
987
949
942
972
973
964
981
946
882
910
976
1008
1056
1091
1104
1064
1040
1056
1093
1121
1145
1154
1158
1165
1156
1133
1112
1108
1159
1192
1184
1128
1076
1094
1113
1139
1126
1140
1181
1183
1178
1177
1171
1171
1175
1151
1114
1131
1169
1177
1117
1073
1094
1132
1157
1115
1121
1169
1179
1218
1237
1239
1209
1166
1160
1179
1196
1172
1168
1126
1126
1139
1134
1159
1166
1133
1155
1172
1198
1193
1155
1162
1140
1082
1075
1102
1128
1112
1119
1127
1118
1067
1091
1136
1140
1092
1116
1133
1154
1152
1149
1170
1177
1192
1189
1190
1144
1153
1191
1229
1216
1204
1146
1143
1190
1220
1229
1188
1205
1233
1240
1248
1245
1213
1229
1254
1256
1260
1218
1216
1218
1213
1155
1183
1199
1148
1134
1165
1183
1181
1144
1144
1114
1100
1102
1150
1175
1176
1146
1096
1116
1135
1154
1165
1108
1083
1118
1160
1197
1207
1126
1126
1109
1110
1093
1089
1120
1155
1180
1194
1182
1124
1127
1157
1189
1207
1219
1226
1219
1170
1173
1226
1238
1253
1229
1181
1151
1130
1126
1018
1015
1020
996
1038
1078
1104
1126
1133
1173
1193
1176
1185
1144
1091
1017
1020
1026
999
989
973
950
994
1030
1050
1065
1068
1110
1151
1149
1158
1138
1161
1189
1150
1171
1196
1220
1210
1166
1181
1198
1213
1180
1227
1258
1254
1206
1226
1259
1262
1207
1223
1272
1288
1300
1293
1295
1229
1224
1242
1262
1226
1213
1233
1255
1263
1247
1195
1224
1260
1295
1301
1311
1273
1274
1296
1329
1323
1301
1218
1230
1271
1239
1167
1211
1227
1220
1228
1235
1214
1222
1261
1296
1293
1287
1246
1204
1242
1275
1288
1263
1191
1189
1220
1252
1204
1164
1154
1143
1169
1163
1154
1153
1152
1136
1128
1152
1189
1187
1149
1165
1147
1111
1138
1177
1136
1134
1170
1189
1166
1204
1205
1217
1236
1253
1250
1226
1250
1256
1185
1167
1127
1051
1075
1067
1019
1064
1146
1167
1156
1230
1289
1305
1304
1246
1265
1286
1297
1313
1303
1263
1235
1262
1282
1315
1301
1287
1280
1285
1229
1229
1272
1308
1297
1225
1230
1201
1173
1192
1253
1214
1233
1244
1257
1221
1231
1257
1252
1272
1217
1214
1235
1266
1290
1287
1245
1261
1275
1288
1281
1188
1135
1186
1212
1226
1229
1226
1204
1212
1195
1213
1212
1229
1233
1226
1178
1175
1211
1249
1188
1077
1074
1018
990
1009
1007
999
1047
1064
1031
1056
1104
1124
1073
1025
1060
1175
1207
1204
1179
1156
1153
1093
1080
1046
1019
1005
1011
1049
1069
1036
1019
1029
1050
1075
1112
1156
1131
1137
1176
1187
1211
1227
1218
1215
1226
1243
1244
1206
1209
1262
1267
1264
1247
1155
1148
1185
1245
1255
1269
1281
1239
1202
1243
1268
1267
1256
1263
1260
1270
1263
1232
1207
1230
1269
1276
1219
1211
1155
1178
1233
1260
1251
1225
1241
1185
1195
1239
1250
1284
1292
1302
1285
1269
1234
1260
1288
1314
1309
1259
1240
1254
1185
1210
1203
1174
1170
1159
1178
1197
1212
1203
1167
1184
1209
1243
1297
1310
1311
1308
1310
1302
1316
1276
1220
1229
1257
1279
1279
1173
1181
1210
1242
1218
1240
1287
1300
1300
1295
1294
1291
1288
1277
1279
1206
1181
1254
1268
1268
1255
1208
1158
1201
1225
1244
1170
1190
1265
1260
1220
1196
1202
1272
1277
1284
1301
1281
1291
1270
1215
1253
1303
1318
1292
1269
1250
1188
1246
1229
1260
1301
1263
1239
1264
1273
1295
1298
1303
1291
1299
1292
1306
1249
1210
1244
1253
1258
1277
1187
1155
1217
1296
1298
1312
1310
1256
1234
1257
1285
1279
1311
1312
1306
1261
1205
1218
1242
1244
1249
1163
1134
1140
1185
1220
1200
1211
1226
1259
1269
1258
1243
1223
1216
1212
1249
1269
1229
1178
1204
1218
1218
1248
1279
1290
1280
1243
1212
1225
1271
1256
1230
1260
1275
1234
1239
1291
1295
1292
1276
1220
1217
1265
1320
1294
1229
1192
1217
1268
1248
1284
1263
1271
1259
1271
1293
1308
1297
1305
1220
1167
1222
1233
1152
1101
1146
1169
1173
1122
1144
1186
1236
1242
1202
1155
1204
1246
1272
1270
1251
1207
1178
1188
1221
1227
1254
1274
1247
1257
1290
1298
1305
1324
1278
1226
1232
1254
1249
1189
1122
1137
1223
1230
1282
1294
1250
1229
1225
1254
1246
1242
1032
995
1036
1070
1105
1155
1153
1135
1116
1134
1172
1184
1204
1208
1202
1205
1233
1250
1263
1172
1111
1045
1061
1040
998
983
929
883
874
893
975
1040
1067
1098
1152
1141
1141
1173
1214
1156
1145
1151
1167
1197
1160
1078
1089
1112
1167
1198
1159
1104
1115
1167
1206
1223
1178
1115
1115
1143
1180
1202
1211
1192
1152
1147
1161
1201
1186
1157
1146
1166
1190
1208
1199
1218
1239
1238
1168
1169
1215
1248
1224
1211
1198
1137
1135
1172
1202
1233
1168
1082
1071
1071
1044
1041
1053
1053
1075
1108
1127
1138
1099
1087
1114
1128
1168
1204
1224
1204
1157
1178
1211
1231
1202
1180
1185
1187
1224
1235
1190
1246
1203
1178
1195
1200
1180
1173
1228
1228
1241
1236
1225
1235
1252
1221
1246
1283
1273
1294
1277
1225
1233
1279
1274
1304
1329
1321
1318
1318
1269
1245
1284
1305
1312
1289
1202
1166
1200
1237
1269
1280
1268
1267
1226
1215
1243
1290
1310
1304
1286
1299
1283
1256
1272
1311
1324
1305
1268
1223
1235
1235
1235
1229
1194
1228
1256
1272
1288
1296
1260
1249
1287
1268
1272
1266
1245
1258
1263
1255
1257
1255
1263
1244
1251
1208
1201
1196
1215
1209
1143
1129
1151
1185
1220
1193
1148
1201
1270
1270
1283
1276
1268
1254
1259
1274
1274
1251
1254
1255
1246
1207
1207
1129
1106
1141
1172
1150
1130
1130
1155
1189
1192
1216
1240
1231
1252
1264
1271
1269
1279
1271
1258
1242
1187
1166
1233
1265
1228
1136
1125
1167
1232
1268
1233
1185
1220
1234
1252
1268
1251
1159
1125
1157
1195
1220
1241
1227
1217
1215
1188
1166
1216
1227
1212
1118
1046
1022
1126
1209
1212
1229
1227
1177
1192
1232
1252
1234
1235
1229
1232
1238
1228
1229
1222
1165
1112
1146
1209
1230
1210
1173
1141
1191
1225
1265
1274
1290
1277
1270
1278
1265
1199
1246
1271
1109
1073
1072
1083
1085
1115
1159
1198
1207
1149
1139
1181
1220
1236
1249
1237
1197
1212
1234
1220
1233
1230
1234
1245
1228
1247
1211
1170
1188
1216
1236
1173
1119
1142
1182
1148
1121
1184
1224
1180
1162
1188
1179
1191
1210
1216
1214
1220
1228
1211
1234
1245
1239
1181
1149
1205
1229
1202
1109
1104
1152
1181
1192
1194
1232
1247
1263
1271
1286
1296
1298
1295
1293
1294
1306
1297
1231
1176
1196
1245
1252
1173
1146
1186
1242
1271
1279
1291
1276
1291
1271
1279
1290
1291
1302
1290
1251
1207
1256
1254
1239
1129
1086
1166
1173
1149
1180
1248
1275
1273
1282
1292
1288
1290
1275
1288
1294
1300
1297
1226
1177
1210
1237
1245
1150
1125
1193
1234
1245
1242
1274
1298
1270
1272
1251
1253
1167
1141
1163
1147
1141
1110
1066
1066
1042
1043
1082
1123
1153
1151
1144
1149
1180
1219
1247
1233
1219
1210
1228
1224
1171
1149
1210
1232
1225
1211
1153
1129
1174
1166
1226
1196
1189
1224
1229
1197
1196
1210
1214
1231
1236
1233
1240
1216
1199
1192
1207
1235
1247
1263
1186
1092
1120
1162
1199
1168
1111
1088
1125
1143
1151
1159
1141
1202
1209
1230
1224
1215
1218
1238
1254
1286
1283
1209
1188
1201
1249
1252
1204
1113
1099
1152
1193
1188
1204
1247
1249
1250
1254
1256
1257
1275
1271
1274
1278
1206
1060
1111
1197
1208
1196
1161
1118
1138
1199
1229
1252
1236
1249
1247
1253
1259
1264
1266
1259
1224
1179
1168
1227
1221
1198
1125
1115
1154
1204
1248
1253
1253
1215
1232
1275
1260
1270
1247
1247
1231
1234
1238
1251
1252
1273
1266
1257
1174
1112
1140
1180
1189
1102
1078
1093
1137
1166
1213
1253
1241
1227
1242
1272
1259
1246
1242
1249
1257
1237
1231
1225
1159
1095
1142
1174
1168
1121
1134
1125
1125
1107
1146
1201
1210
1223
1235
1231
1211
1229
1224
1240
1261
1218
1134
1169
1183
1098
1064
1079
1068
994
1000
1025
1026
1008
1040
1105
1145
1184
1208
1226
1220
1218
1207
1222
1209
1160
1156
1177
1150
1080
1029
1038
1092
1083
1077
1113
1165
1171
1149
1134
1120
1096
1099
1097
1117
1109
1115
1139
1134
1101
1122
1159
1168
1180
1137
1112
1134
1164
1185
1206
1200
1203
1237
1242
1238
1243
1237
1244
1228
1239
1251
1249
1235
1156
1093
1076
1104
1104
1015
1045
1072
1028
1047
1097
1154
1181
1211
1177
1089
1053
1153
1205
1229
1171
1095
1098
1099
1138
1110
1053
1039
1051
1083
1096
1107
1121
1130
1089
1066
1067
1135
1182
1205
1190
1155
1128
1135
1128
1158
1159
1134
1111
1115
1074
1093
1124
1178
1192
1169
1141
1150
1120
1160
1186
1153
1143
1100
1128
1184
1147
1135
1182
1211
1174
1186
1215
1155
1150
1154
1155
1178
1206
1182
1199
1205
1211
1202
1220
1204
1125
1164
1207
1177
1137
1157
1194
1193
1107
1099
1138
1165
1120
1093
1171
1229
1232
1247
1234
1238
1238
1214
1186
1193
1224
1236
1238
1228
1240
1216
1180
1203
1257
1248
1245
1237
1229
1230
1203
1193
1232
1252
1259
1259
1252
1242
1239
1206
1224
1254
1278
1285
1271
1261
1214
1205
1227
1268
1282
1271
1261
1250
1236
1197
1170
1187
1206
1226
1231
1227
1222
1205
1214
1215
1229
1227
1180
1160
1209
1243
1222
1199
1187
1181
1173
1226
1248
1256
1266
1254
1250
1243
1219
1232
1250
1249
1258
1237
1188
1156
1160
1210
1241
1240
1235
1164
1095
1052
1078
996
935
962
1047
1077
1023
1032
1010
984
989
993
966
943
916
932
936
982
980
967
919
908
882
870
861
872
925
999
1023
1015
1010
1034
1078
1123
1146
1115
1101
1110
1047
942
1004
1069
1051
1053
1033
1048
1031
938
985
1064
1093
1085
1065
1071
1085
1051
1031
939
926
953
1009
1079
1084
1067
1078
1096
1046
955
933
973
910
941
989
1002
1075
1055
1061
1036
1017
1031
1095
1128
1129
1121
1184
1183
1202
1210
1217
1142
1142
1116
1077
1075
1061
1085
1111
1125
1140
1121
1087
1083
1108
1144
1215
1214
1226
1214
1233
1189
1161
1166
1142
1183
1239
1220
1206
1214
1203
1175
1124
1098
1104
980
981
944
946
929
938
1042
1058
1084
1067
1062
1066
1070
1109
1132
1185
1188
1167
1193
1180
1154
1142
1164
1195
1191
1235
1238
1213
1180
1173
1215
1250
1262
1256
1253
1194
1171
1226
1251
1259
1267
1267
1249
1214
1226
1246
1250
1253
1242
1230
1156
1091
1161
1179
1205
1213
1223
1218
1192
1185
1219
1238
1241
1244
1250
1258
1272
1278
1252
1237
1259
1278
1274
1269
1243
1193
1176
1214
1239
1258
1282
1271
1267
1264
1251
1249
1261
1210
1204
1243
1251
1242
1230
1184
1157
1194
1244
1262
1272
1281
1273
1240
1246
1274
1287
1292
1288
1273
1269
1270
1265
1268
1274
1209
1151
1032
1096
1138
1143
1069
1045
1100
1121
1047
1034
1060
1069
1074
1029
958
999
1080
1130
1156
1177
1183
1187
1215
1206
1186
1104
1102
1163
1201
1193
1160
1175
1198
1228
1242
1260
1216
1229
1221
1204
1236
1271
1274
1275
1269
1261
1257
1248
1271
1293
1307
1311
1321
1302
1270
1254
1255
1265
1258
1204
1186
1197
1212
1231
1169
1118
1153
1195
1224
1257
1271
1270
1267
1259
1279
1278
1276
1270
1271
1280
1276
1275
1268
1275
1254
1237
1216
1248
1253
1255
1239
1208
1168
1180
1235
1249
1273
1275
1276
1268
1265
1272
1285
1283
1296
1277
1260
1271
1272
1255
1221
1159
1188
1230
1257
1279
1271
1236
1257
1252
1211
1215
1236
1250
1262
1212
1161
1141
1197
1231
1217
1209
1225
1212
1170
1199
1261
1281
1283
1258
1192
1193
1263
1251
1271
1287
1289
1282
1284
1290
1283
1282
1282
1256
1251
1269
1264
1271
1208
1143
1150
1177
1237
1199
1206
1246
1261
1240
1220
1228
1194
1203
1227
1259
1274
1276
1274
1271
1270
1253
1220
1207
1275
1282
1286
1254
1196
1184
1243
1280
1318
1323
1322
1306
1298
1292
1302
1276
1254
1258
1283
1255
1241
1225
1167
1156
1216
1239
1279
1285
1278
1288
1278
1279
1270
1252
1258
1284
1263
1262
1253
1245
1243
1264
1266
1239
1198
1203
1247
1271
1269
1240
1130
1081
986
971
974
936
895
896
921
962
980
1002
1019
1050
1078
1108
1146
1175
1194
1151
1168
1174
1181
1195
1176
1226
1263
1238
1184
1188
1221
1267
1189
1127
1110
1159
1195
1225
1240
1203
1208
1234
1213
1196
1218
1234
1235
1227
1224
1209
1211
1183
1171
1188
1207
1216
1179
1163
1183
1192
1194
1158
1153
1182
1219
1230
1228
1225
1229
1225
1228
1229
1211
1212
1187
1179
1160
1094
1089
1121
1143
1107
1103
1101
1063
1107
1187
1235
1250
1250
1249
1254
1259
1256
1274
1275
1291
1277
1197
1216
1256
1230
1153
1087
1098
1170
1231
1229
1187
1201
1230
1260
1272
1272
1276
1271
1223
1246
1263
1244
1238
1268
1271
1245
1221
1226
1278
1300
1255
1218
1238
1264
1281
1316
1343
1335
1319
1320
1292
1253
1266
1284
1284
1260
1174
1113
1157
1217
1225
1199
1208
1229
1245
1259
1296
1289
1281
1283
1284
1276
1211
1182
1228
1261
1252
1223
1196
1156
1194
1264
1285
1310
1294
1274
1277
1296
1302
1290
1269
1255
1272
1256
1246
1285
1301
1303
1291
1273
1257
1207
1216
1262
1260
1274
1268
1234
1204
1201
1240
1259
1263
1252
1236
1252
1241
1249
1278
1278
1163
1102
1110
1110
1120
1052
1028
1057
1064
1053
1086
1176
1223
1237
1245
1252
1229
1230
1243
1251
1261
1222
1195
1197
1228
1288
1219
1140
1149
1199
1219
1205
1253
1276
1239
1259
1276
1301
1238
1215
1165
1075
1003
1087
1137
1150
1176
1163
1166
1183
1211
1234
1249
1251
1257
1244
1198
1179
1213
1224
1203
1203
1167
1137
1164
1217
1281
1302
1272
1275
1272
1230
1212
1241
1271
1275
1269
1257
1247
1250
1268
1265
1224
1251
1260
1248
1248
1209
1160
1160
1190
1198
1187
1197
1193
1202
1173
1195
1197
1234
1238
1149
1154
1193
1214
1207
1215
1219
1215
1209
1234
1233
1156
1114
1182
1229
1217
1188
1133
1120
1161
1208
1232
1252
1257
1263
1247
1256
1250
1261
1279
1290
1274
1216
1146
1134
1202
1224
1188
1092
1088
1146
1220
1259
1263
1268
1293
1308
1303
1291
1295
1278
1256
1205
1206
1243
1247
1189
1109
1097
1132
1177
1199
1193
1219
1236
1246
1253
1229
1228
1223
1257
1259
1250
1231
1230
1269
1271
1274
1263
1211
1156
1179
1267
1278
1260
1265
1242
1228
1251
1262
1240
1201
1222
1204
1226
1238
1256
1252
1251
1187
1132
1138
1192
1220
1221
1170
1137
1160
1188
1218
1222
1207
1206
1230
1174
1141
1175
1196
1189
1163
1152
1123
1117
1147
1172
1196
1220
1226
1229
1234
1232
1149
1170
1157
1117
1106
981
922
896
873
867
866
886
904
918
959
992
991
1028
1043
1052
996
954
976
994
1005
989
983
1029
1086
1117
1157
1130
1152
1187
1225
1234
1195
1177
1180
1197
1218
1229
1229
1239
1231
1242
1263
1247
1187
1192
1229
1229
1238
1171
1147
1180
1193
1214
1191
1200
1229
1247
1258
1269
1288
1283
1280
1293
1291
1288
1292
1274
1202
1152
1176
1202
1116
1091
1125
1104
1072
1117
1161
1203
1230
1259
1262
1235
1246
1261
1260
1266
1261
1194
1195
1191
1165
1138
1202
1141
1129
1150
1162
1181
1161
1165
1177
1201
1200
1185
1221
1250
1254
1250
1221
1162
1152
1182
1215
1205
1162
1188
1221
1239
1252
1248
1220
1169
1161
1202
1209
1247
1260
1140
1090
1076
1051
1069
1153
1180
1163
1150
1128
1149
1162
1191
1151
1081
1080
1113
991
903
931
866
905
908
930
965
1028
1060
1041
1051
1094
1123
1144
1148
1150
1121
1087
1042
1052
1048
1064
1075
1062
1069
1097
1048
1048
1072
1096
1157
1193
1211
1210
1194
1200
1152
1106
1132
1186
1188
1179
1139
1082
1094
1140
1180
1190
1210
1225
1233
1229
1224
1217
1214
1213
1177
1139
1152
1196
1216
1176
1115
1080
1133
1187
1198
1221
1242
1252
1259
1260
1255
1264
1255
1248
1249
1258
1257
1207
1124
1109
1139
1096
1069
1113
1125
1072
1076
1136
1195
1211
1206
1216
1212
1205
1188
1189
1183
1187
1192
1209
1213
1210
1206
1195
1081
1031
1036
987
952
979
951
931
934
990
1055
1084
1106
1133
1147
1174
1188
1191
1210
1208
1214
1227
1208
1165
1141
1160
1187
1188
1126
1083
1109
1141
1195
1229
1251
1236
1245
1241
1227
1239
1261
1270
1274
1218
1158
1147
1185
1205
1202
1126
1091
1126
1172
1216
1248
1267
1271
1271
1258
1249
1260
1260
1274
1274
1271
1268
1267
1214
1118
1105
1139
1161
1125
1070
1119
1148
1177
1170
1189
1232
1250
1261
1261
1255
1247
1235
1230
1218
1207
1129
1115
1104
1109
1146
1183
1193
1157
1055
1018
1025
1034
1079
1041
1093
1115
1152
1184
1190
1185
1186
1192
1179
1176
1191
1204
1221
1207
1182
1150
1117
1075
1052
1104
1090
1058
1070
1085
1044
1064
1089
1107
1107
1148
1176
1194
1198
1197
1208
1203
1183
1186
1188
1198
1201
1213
1213
1190
1126
1132
1149
1154
1106
1085
1097
1124
1139
1116
1143
1167
1180
1205
1222
1222
1221
1228
1209
1159
1138
1083
1097
1141
1131
1137
1104
1110
1134
1154
1144
1176
1187
1182
1186
1198
1211
1215
1215
1174
1178
1158
1134
1168
1163
1126
1099
1117
1142
1153
1118
1151
1182
1178
1150
1164
1176
1197
1175
1198
1208
1178
1167
1145
1121
1150
1146
1105
1097
1079
1076
1104
1135
1164
1157
1149
1161
1178
1172
1144
1162
1193
1196
1149
1133
1089
1038
1038
1059
1021
1020
969
915
877
918
900
889
853
875
979
1045
1079
1115
1141
1145
1136
1134
1139
1152
1145
1144
1108
1073
1027
1009
1036
1099
1104
1074
1071
1080
1046
1023
1039
1080
1047
1065
1042
1015
1047
1020
1010
978
964
987
1012
978
998
1032
991
1006
1102
1148
1170
1175
1186
1159
1111
1086
1063
1063
1053
1023
1054
1068
1074
1051
1031
1047
1029
1029
1031
1068
1102
1137
1163
1182
1191
1207
1223
1231
1237
1212
1164
1171
1160
1187
1126
1063
1098
1106
1106
1121
1177
1215
1226
1233
1227
1210
1227
1222
1189
1164
1188
1225
1229
1216
1204
1180
1179
1215
1232
1229
1240
1249
1249
1251
1251
1229
1209
1217
1262
1247
1229
1188
1156
1188
1218
1240
1254
1252
1252
1234
1229
1226
1236
1209
1184
1180
1205
1200
1188
1145
1091
1088
1134
1176
1217
1236
1240
1248
1219
1222
1246
1263
1269
1262
1250
1235
1238
1249
1251
1242
1231
1252
1268
1249
1213
1133
1095
1144
1167
1192
1151
1145
1182
1211
1204
1222
1234
1242
1251
1241
1210
1206
1235
1253
1252
1234
1225
1229
1238
1248
1249
1194
1175
1218
1234
1226
1153
1121
1149
1163
1189
1192
1183
1200
1225
1259
1247
1240
1238
1203
1202
1215
1212
1231
1236
1238
1227
1218
1223
1187
1188
1251
1262
1253
1242
1221
1191
1182
1232
1252
1263
1235
1159
1191
1210
1218
1220
1221
1221
1229
1246
1245
1253
1259
1260
1251
1234
1182
1128
1105
1170
1158
1094
1049
1080
1115
1143
1215
1222
1241
1237
1165
1050
948
924
954
1032
1088
1047
1063
1069
1042
1041
1020
995
993
1018
1004
1009
1031
1061
1097
1120
1127
1163
1155
1101
1075
1036
989
964
961
935
896
944
997
981
1065
1151
1185
1208
1209
1217
1226
1168
1164
1197
1227
1199
1221
1226
1219
1181
1137
1126
1104
1135
1173
1200
1216
1198
1201
1201
1207
1167
1164
1191
1202
1222
1209
1192
1192
1198
1186
1162
1180
1218
1245
1245
1239
1224
1209
1162
1166
1215
1237
1252
1260
1254
1248
1239
1237
1238
1243
1258
1259
1209
1130
1123
1147
1163
1118
1058
1073
1123
1175
1193
1228
1248
1259
1264
1252
1251
1236
1246
1252
1259
1250
1195
1162
1174
1183
1178
1094
1064
1101
1151
1212
1236
1226
1243
1246
1248
1244
1244
1247
1263
1245
1203
1192
1233
1234
1229
1191
1116
1134
1174
1226
1263
1273
1286
1277
1259
1214
1199
1210
1225
1234
1241
1216
1158
1173
1191
1214
1196
1205
1205
1167
1154
1189
1197
1209
1207
1167
1151
1171
1184
1232
1235
1222
1214
1215
1225
1243
1242
1214
1166
1163
1202
1225
1200
1113
1070
1093
1139
1143
1183
1217
1204
1214
1223
1226
1218
1212
1209
1203
1219
1202
1158
1139
1162
1168
1166
1127
1082
1081
1140
1173
1213
1209
1208
1210
1200
1219
1224
1199
1195
1211
1215
1215
1201
1146
1134
1158
1184
1210
1230
1221
1202
1206
1219
1219
1220
1225
1182
1118
1076
1025
952
918
890
867
844
830
811
807
801
788
787
795
785
805
752
748
740
727
730
727
733
774
834
880
895
977
1041
1074
1088
1124
1147
1127
1083
1058
1075
1124
1155
1139
1120
1081
1064
1111
1161
1191
1193
1198
1170
1139
1151
1190
1196
1174
1152
1149
1124
1162
1149
1143
1122
1151
1163
1154
1152
1129
1097
1051
1059
1099
1136
1155
1134
1082
1046
1068
1083
1092
1104
1099
1120
1168
1195
1204
1193
1192
1211
1220
1227
1199
1183
1178
1186
1154
1159
1126
1099
1112
1154
1181
1188
1160
1134
1155
1146
1155
1138
1166
1160
1132
1143
1180
1203
1213
1214
1201
1209
1209
1197
1186
1197
1233
1242
1233
1217
1168
1164
1185
1203
1206
1208
1212
1212
1209
1203
1201
1202
1204
1199
1172
1205
1206
1202
1202
1187
1104
980
885
836
831
926
1005
1040
944
1069
1184
1127
1104
1167
1206
1201
1205
1198
1189
1159
1157
1204
1222
1226
1228
1219
1194
1187
1184
1117
1017
940
908
966
1092
1175
1179
1191
1190
1197
1201
1167
1132
1150
1174
1202
1182
1177
1161
1135
1131
1196
1222
1229
1236
1209
1176
1040
941
892
899
1012
1183
1222
1228
1222
1221
1144
1132
1143
1208
1227
1241
1223
1205
1204
1191
1197
1158
962
438
766
1095
1140
1163
1157
1100
1067
1113
1166
1195
1179
1200
1195
1222
1227
1207
1141
1016
912
876
880
1034
1167
1213
1234
1223
1215
1209
1153
1158
1175
1182
1188
1209
1181
1124
1097
1121
1158
1163
1137
1064
1072
1132
1175
1200
1187
1193
1217
1256
1250
1249
1240
1199
1107
1054
973
935
917
887
888
855
842
819
783
779
778
777
764
759
755
743
739
725
719
710
703
698
695
695
697
691
685
688
703
717
742
774
797
802
832
823
807
794
781
770
770
771
780
781
765
763
740
726
711
700
694
702
720
728
723
712
703
697
707
732
802
877
880
850
853
846
844
815
770
751
744
736
732
725
726
726
722
717
720
726
735
737
742
747
741
740
730
725
715
712
710
718
729
732
717
715
721
734
751
766
787
805
800
769
756
752
758
763
779
813
838
839
833
848
858
855
862
868
864
853
841
813
795
790
771
766
757
748
729
725
723
720
732
753
785
804
813
817
813
834
888
953
968