1048
1042
1039
1026
999
981
1013
1015
986
962
969
881
868
878
842
823
827
820
828
874
959
1005
1026
1034
1026
1028
1016
986
988
1024
1076
1102
1084
1067
1050
1016
988
983
1026
1037
1045
1021
1004
962
942
954
1003
1014
1026
1025
979
949
967
969
982
995
979
941
920
957
1000
1024
1020
988
946
951
979
982
991
962
954
996
1012
1022
1058
1056
1060
1046
1019
983
979
1024
1051
1051
1042
1016
968
945
975
1005
1041
1040
1007
961
932
961
998
1022
1034
994
960
967
980
990
998
988
943
946
976
998
1011
1003
979
935
915
941
964
996
1006
1005
991
950
928
963
979
989
985
974
937
928
955
971
979
980
966
935
931
962
986
997
1008
978
939
938
961
981
997
995
985
956
939
951
960
955
979
961