889
906
925
897
888
902
918
933
916
920
940
943
933
937
959
976
969
951
907
907
899
904
894
891
926
946
962
936
927
953
967
972
967
943
904
899
909
918
906
889
905
920
925
898
882
901
920
933
930
928
944
955
957
950
931
943
959
970
960
940
955
951
947
933
914
921
929
936
926
909
924
929
928
936
942
944
939
907
873
882
891
880
889
907
920
932
920
922
926
931
927
922
905
839
794
826
880
883
882
897
926
939
928
909
917
928
942
929
930
951
970
965
951
974
980
985
973
956
958
955
921
869
878
885
892
850
853
858
854
834
841
836
842
835
848
885
898
914
917
914
898
895
907
935
952
954
928
921
931
944
956
950
958
974
973
974
972
944
938
942
947
962
947
933