1068
1016
980
1015
1019
1012
1026
962
930
929
897
860
850
868
877
877
850
830
821
820
823
810
813
866
935
965
973
953
933
952
1020
1108
1135
1089
1089
1098
1100
1110
1113
1106
1100
1052
1019
966
956
905
891
869
849
836
821
795
767
731
726
731
781
872
942
997
1010
998
985
986
968
961
948
953
895
877
878
843
819
816
802
785
781
797
799
799
799
818
834
846
820
808
846
879
892
891
896
921
976
1028
1035
1068
1097
1121
1119
1124
1160
1134
1057
1079
1077
1089
1021
952
947
936
910
904
929
1000
1044
996
965
1001
1043
1021
980
956
969
962
947
962
1017
1099
1157
1160
1105
1064
1074
1097
1100
1049
1076
1068
1056
1008
983
1040
1080
1096
1107
1111
1147
1149
1170
1177
1176
1187
1188
1122
1036
1011
1073
1123
1060
1008
1021
1016
1009
980
997
1076
1135
1155
1158
1151
1142
1128
1111
1119
1112
1090
1104
1077
1031
1045
1114
1146
1104
1059
1069
1065
1059
1040
1054
1074
1091
1115
1133
1132
1126
1103
1086
1072
1031
1045
1083
1107
1103
1051
978
953
933
921
880
866
865
859
860
873
860
865
881
899
892
912
902
898
888
826
813
808
798
774
773
813
854
863
876
905
912
901
912
902
870
848
824
799
789
784
776
758
758
750
760
757
766
773
770
784
785
796
811
792
808
804
803
815
829
835
844
835
824
806
794
797
805
798
784
775
749
735
750
758
777
806
806
793
792
801
835
846
854
888
914
897
878
900
920
945
923
886
896
938
957
933
880
830
811
784
758
736
729
751
799
866
890
894
896
869
836
819
808
784
766
747
742
732
729
724
706
692
682
687
695
718
720
706
719
729
734
728
733
735
734
737
735
736
738
737
743
733
714
710
707
714
697
684
672
670
664
664
678
682
676
687
710
725
742
753
780
789
776
775
771
759
732
721
724
718
712
709
714
712
707
712
712
702
686
680
687
687
687
692
698
701
689
687
685
674
663
659
660
664
663
678
692
714
715
728
733
732
737
745
751
738
741
739
730
728
736
750
758
756
773
775
766
778
795
790
771
765
753
748
757
753
747
760
771
780
780
789
801
806
802
813
822
801
780
793
791
785
759
760
765
757
755
768
767
763
766
792
803
810
818
806
802
796
786
784
822
835
845
828
842
866
839
786
762
751
742
763
774
769
755
773
797
788
799
843
854
832
816
809
786
783
777
789
789
803
821
817
824
834
813
797
826
855
843
782
775
771
770
772
783
811
830
850
850
855
839
845
847
837
820
821
822
803
774
801
869
955
931
941
994
1000
1009
1053
1055
998
999
1000
976
998
957
949
917
933
953
947
900
896
900
908
911
896
893
848
853
862
896
939
993
1005
991
960
986
985
950
936
985
1017
999
934
933
933
919
926
928
908
889
906
914
896
896
909
935
946
980
986
990
978
981
889
861
945
958
905
891
888
891
868
830
862
918
985
1004
1035
1019
1000
998
967
922
924
937
979
971
961
971
987
1035
1056
1055
994
981
1012
1056
1038
979
945
919
891
888
878
864
847
860
865
871
883
915
908
879
900
915
908
903
902
908
912
884
885
896
933
952
971
958
925
919
934
932
921
915
946
990
1014
1009
1019
999
977
953
943
931
882
853
860
874
915
924
940
964
973
980
996
1007
1010
1022
1012
1026
1013
1029
1041
1010
1009
1051
1069
1048
1095
995
973
953
917
882
869
886
861
862
879
879
898
892
901
922
924
963
973
941
937
957
979
966
938
953
976
956
914
902
884
844
827
792
762
765
766
775
789
790
809
830
847
831
843
857
861
856
862
845
805
801
775
760
754
747
746
748
783
810
824
833
870
885
884
895
892
892
875
864
850
845
826
818
803
799
796
788
753
752
739
733
714
709
704
704
701
707
706
704
695
701
699
698
693
693
690
689
688
688
685
680
676
673
670
664
658
657
659
664
653
644
647
652
658
658
663
667
669
661
657
653
642
636
635
636
634
633
636
643
651
654
657
665
664
661
657
651
645
639
630
626
623
621
619
623
626
625
622
623
630
639
646
651
657
650
643
636
628
618
609
607
604
604
605
608
617
630
651
655
669
674
680
675
670
666
661
651
644
638
629
621
612
613
625
632
633
641
650
648
648
647
647
644
639
639
646
659
685
698
708
703
697
693
696
692
676
670
661
652
640
632
627
623
619
617
614
626
637
646
651
658
665
664
648
641
636
635
630
636
638
638
633
638
647
651
654
656
660
665
661
664
658
645
636
633
631
635
641
646
646
646
644
638
632
631
625
623
621
622
632
645
648
647
644
645
641
635
631
639
661
667
676
717
765
805
772
762
775
741
725
722
694
692
696
688
697
697
686
694
687
674
664
661
662
656
651
661
661
647
656
672
683
689
687
693
684
674
678
680
672
657
659
661
667
658
671
677
689
690
688
700
712
729
730
713
694
691
688
694
688
680
689
715
717
743
741
741
736
743
740
724
721
729
732
718
693
689
704
717
735
732
732
711
682
686
689
689
694
700
698
701
683
666
667
660
662
660
653
648
655
651
649
649
652
646
637
636
633
628
631
636
645
647
655
661
650
634
634
636
639
643
644
655
672
682
685
702
720
731
744
768
781
760
762
755
748
752
770
786
789
788
795
805
802
782
777
767
760
731
707
723
733
737
747
743
726
725
716
720
716
716
713
710
700
709
724
746
738
725
709
683
668
657
643
644
653
668
700
746
762
806
832
852
845
841
823
798
780
774
766
745
727
716
711
715
716
711
718
723
714
706
698
697
697
703
688
680
689
701
719
743
759
735
714
720
716
699
699
711
715
720
733
746
756
748
766
775
785
765
751
741
718
707
698
688
688
683
678
671
673
685
685
674
680
688
686
671
667
659
651
649
641
632
620
624
629
635
629
623
634
660
704
723
779
793
801
846
825
762
758
767
761
773
742
712
706
702
681
675
670
657
655
652
652
650
653
658
659
683
733
804
821
830
831
831
826
769
745
751
753
770
782
794
768
771
759
735
742
733
738
753
808
859
868
820
780
795
812
817
800
756
731
723
707
709
705
696
683
688
683
675
677
683
683
691
713
738
742
718
711
736
751
763
760
777
788
782
767
767
765
762
769
772
787
772
764
756
752
741
725
719
715
723
714
695
677
682
679
671
657
656
656
648
654
664
658
665
667
665
665
656
665
674
668
660
663
671
675
663
667
676
686
706
729
737
759
769
773
754
750
740
743
726
726
714
710
723
729
721
709
710
706
698
701
696
694
690
694
699
705
686
668
671
667
671
665
653
649
650
642
644
632
638
642
646
652
658
671
672
663
656
662
665
669
679
693
705
695
706
715
709
690
669
665
660
661
672
692
716
713
707
708
694
692
707
723
748
765
792
795
790
799
797
770
769
762
742
725
711
710
718
735
745
763
801
819
815
799
784
759
729
723
695
670
676
706
735
757
771
769
797
796
796
783
787
771
760
764
766
769
744
766
819
900
928
916
935
950
976
942
936
947
945
920
938
955
976
941
930
919
908
889
854
839
846
875
867
876
892
913
897
882
875
893
887
835
809
783
766
777
777
771
773
780
793
785
766
776
794
797
797
823
872
906
910
942
940
935
919
894
892
918
958
956
947
958
980
988
958
957
932
950
947
912
887
837
813
801
802
787
798
797
797
761
771
810
856
872
863
883
886
862
863
873
850
832
824
794
808
819
830
855
851
842
852
855
844
822
806
810
790
755
741
739
718
729
748
749
741
747
776
801
794
754
726
708
699
689
704
721
746
747
777
793
786
777
770
772
757
742
735
720
730
719
711
688
674
678
691
710
728
745
711
684
684
688
710
730
722
705
708
722
739
756
755
743
743
758
772
789
778
790
801
811
801
810
815
814
793
788
793
786
788
771
757
746
737
734
740
755
745
724
725
726
733
738
728
722
722
717
692
685
674
671
666
667
678
697
707
715
733
746
760
765
750
724
715
709
729
752
754
749
751
757
744
736
731
730
729
728
723
712
709
720
714
706
709
719
708
718
725
744
754
782
810
813
822
825
822
805
791
791
807
833
813
814
813
814
812
804
801
800
794
779
762
768
762
760
757
769
772
783
768
766
771
774
757
733
724
727
745
760
751
746
752
757
756
752
760
764
753
748
742
738
741
720
716
723
731
749
761
764
770
769
768
758
747
754
750
750
748
757
785
850
922
947
899
888
897
896
889
871
831
799
765
757
754
758
746
752
752
731
732
737
728
731
732
733
733
730
741
744
741
724
704
705
706
708
693
699
688
678
675
685
704
745
775
805
813
784
788
796
803
809
814
811
802
794
765
780
802
840
851
794
778
775
771
760
766
757
743
732
724
724
728
714
688
689
696
706
720
740
767
762
743
739
735
716
702
707
716
728
735
761
789
798
791
786
771
766
745
740
743
738
728
733
742
750
736
726
725
717
704
700
704
709
728
742
749
747
751
747
747
732
723
725
728
720
729
738
729
710
714
715
714
703
703
711
727
729
724
728
716
693
680
688
696
697
709
729
741
752
730
731
723
719
710
709
715
722
720
723
735
737
723
725
725
721
721
728
725
723
702
703
704
715
722
715
724
727
727
731
729
729
717
695
691
686
689
673
673
677
685
685
682
678
677
664
670
681
698
702
710
709
699
693
689
695
698
681
665
658
647
647
655
679
686
689
699
701
673
646
655
656
658
668
687
725
764
777
796
793
783
772
739
709
707
686
668
673
668
681
690
697
702
706
701
703
690
694
691
701
708
695
692
704
709
702
696
700
710
712
720
722
725
709
710
704
708
698
697
697
690
680
681
682
686
683
689
693
688
696
698
683
681
681
680
679
684
683
675
665
658
653
661
680
699
683
669
661
640
631
639
656
688
704
682
658
662
668
680
687
688
673
672
676
685
691
688
688
689
697
698
690
686
686
672
658
647
637
630
629
637
651
657
664
658
674
704
727
754
771
769
775
777
758
747
742
740
731
727
735
738
733
748
757
753
744
736
737
726
733
748
749
751
741
728
699
695
696
702
718
738
748
751
752
729
705
705
721
746
727
708
712
714
708
723
729
744
731
737
733
741
741
754
767
757
729
728
727
729
742
743
707
691
683
688
714
729
717
721
733
741
743
743
742
719
711
707
711
721
730
731
717
704
678
671
664
672
679
705
694
691
692
690
699
706
703
714
723
729
724
733
719
728
727
733
728
720
709
701
687
677
678
675
660
658
661
667
660
656
665
699
732
744
741
733
740
760
768
734
725
718
711
717
726
725
709
712
710
704
703
695
678
666
664
672
676
688
698
708
697
710
694
695
703
703
692
709
720
732
752
774
785
784
665
958
813
796
785
784
785
784
789
796
775
780
785
790
788
813
816
779
763
760
729
714
719
717
705
717
726
725
738
742
744
739
742
744
745
752
767
764
747
752
746
741
723
727
723
722
711
714
726
738
733
708
702
709
719
736
748
746
737
710
708
700
692
694
704
709
693
691
689
696
695
701
713
722
727
723
730
742
731
730
737
737
724
725
732
735
732
747
752
748
755
740
723
720
721
729
746
735
723
728
724
711
713
724
716
702
705
703
698
695
701
710
711
710
715
723
724
729
744
771
783
761
741
729
734
743
741
728
721
729
746
755
747
733
725
729
739
743
746
739
722
715
718
735
753
766
771
744
724
728
742
760
772
774
760
736
727
731
745
767
790
788
778
768
768
779
798
775
757
752
756
753
754
738
739
745
751
737
731
727
735
724
704
706
696
693
702
722
739
753
751
764
793
824
827
778
722
706
698
704
700
715
725
736
745
748
750
777
798
827
830
836
808
781
773
760
740
743
741
726
726
728
729
725
733
739
739
742
736
746
744
761
762
735
700
697
706
713
728
735
737
734
728
717
704
698
700
700
692
702
711
708
700
688
682
681
673
678
683
690
700
704
704
705
704
710
703
698
707
720
705
698
695
698
692
686
688
687
683
678
684
687
683
679
680
684
674
667
667
665
661
657
662
663
674
687
691
697
701
697
689
687
691
684
686
689
686
671
666
663
652
652
653
653
658
670
680
682
690
690
687
688
694
689
676
675
673
675
682
684
677
681
679
680
685
693
700
706
681
657
648
653
671
697
709
692
677
668
662
645
646
647
654
660
645
632
624
619
613
613
620
635
649
661
677
686
671
672
672
678
676
689
689
679
681
679
670
671
672
678
677
676
683
682
670
673
673
666
655
658
666
672
672
685
691
696
701
710
726
714
712
711
705
696
691
688
678
677
674
682
683
688
693
694
696
699
694
704
709
716
708
720
715
713
715
711
683
688
694
703
721
710
677
655
653
666
680
713
728
737
746
731
732
744
744
750
749
721
707
693
683
672
666
676
686
682
674
681
683
675
684
693
697
702
706
694
691
686
682
683
687
689
685
686
673
662
645
644
650
647
655
672
678
696
726
729
717
704
691
683
665
660
665
680
698
713
714
691
669
665
664
658
654
666
664
659
665
667
665
671
678
685
685
692
693
696
693
697
694
691
688
692
697
690
670
655
659
670
683
681
674
681
688
686
686
698
706
712
705
712
710
713
700
702
703
696
685
685
681
681
678
672
676
682
683
681
664
664
668
676
682
682
680
688
689
687
692
698
706
694
702
714
725
715
699
703
698
689
685
693
705
704
690
694
698
694
674
700
701
690
690
677
651
638
644
679
736
737
716
729
733
720
724
714
713
722
723
723
721
694
692
693
697
702
701
696
688
666
661
668
685
713
712
699
694
691
693
692
675
666
666
676
667
664
669
675
663
655
660
664
675
685
687
688
688
688
696
698
706
691
693
697
701
682
682
689
697
702
700
681
679
674
687
693
699
707
687
683
679
667
671
682
692
688
676
663
660
668
681
695
699
706
699
682
673
676
680
667
660
667
667
667
664
668
661
666
672
675
668
674
680
672
669
667
661
656
660
661
655
654
653
656
652
665
669
676
680
691
697
700
702
722
734
725
722
717
712
701
697
711
724
717
721
719
719
716
719
716
704
698
698
695
692
702
703
701
715
727
715
704
708
712
712
710
703
680
660
669
693
712
737
744
730
714
708
699
705
710
720
718
704
701