789
761
769
739
748
773
812
850
854
827
828
813
798
816
790
759
761
753
727
708
705
714
718
750
771
771
790
801
792
800
807
773
771
754
747
753
760
757
726
721
735
746
760
791
803
838
856
863
843
824
814
797
759
743
743
731
733
760
792
779
836
829
780
737
744
795
854
802
733
729
738
760
774
760
766
780
776
810
818
833
837
802
743
736
714
706
718
741
751
727
744
754
790
858
906
896
898
896
887
873
860
860
818
770
801
852
900
902
899
887
855
850
848
806
814
813
850
913
954
943
911
879
859
839
835
832
835
850
848
799
806
799
769
739
732
718
699
706
719
732
750
787
810
802
812
830
796
799
804
816
822
859
870
846
846
866
871
859
875
888
881
878
880
892
859
856
864
884
917
934
942
895
883
866
801
762
782
807
864
908
938
939
954
948
920
908
901
900
870
877
866
851
841
856
861
852
859
864
854
838
838
837
843
857
875
887
891
878
858
854
829
828
841
862
864
879
874
839
827
807
771
759
747
743
756
793
835
868
887
910
919
892
852
833
831
835
835
830
811
798
806
798
788
783
784
773
797
808
770
733
715
713
707
694
695
685
666
654
655
648
654
661
700
753
805
847
886
888
871
875
864
861
825
838
832
792
778
737
723
704
677
670
680
694
742
779
796
804
796
779
752
729
736
749
783
797
784
793
796
814
807
822
839
834
837
855
880
881
870
880
875
854
854
865
869
860
871
857
843
853
859
857
831
829
822
818
839
862
884
893
899
908
898
884
885
886
871
854
862
871
888
876
877
876
861
847
844
845
807
775
781
794
823
831
808
799
796
795
790
783
774
773
788
801
814
770
776
764
752
759
759
756
769
798
830
836
851
837
821
798
803
811
825
836
836
815
786
798
808
817
807
798
808
815
825
831
848
869
885
864
818
799
797
768
738
692
697
696
693
705
709
723
724
721
717
718
733
722
734
737
750
766
738
722
716
721
723
735
737
737
728
715
709
703
708
688
695
720
771
754
756
746
757
764
763
759
759
730
746
747
749
721
726
753
795
813
788
783
789
792
772
733
725
715
724
722
720
697
702
715
727
732
704
721
721
708
726
743
773
780
735
748
750
759
764
759
714
728
735
756
795
823
789
797
817
823
824
829
821
818
805
801
762
786
775
810
790
816
838
830
846
849
856
814
835
812
774
775
761
778
743
767
785
790
816
787
815
819
828
822
820
756
756
738
758
793
796
833
867
872
881
866
813
796
756
769
754
773
781
798
774
792
811
834
852
858
835
771
771
762
783
805
827
834
807
837
844
863
862
860
813
808
814
825
855
856
802
801
798
754
779
790
826
856
832
876
880
896
880
869
846
805
796
799
806
779
797
813
786
781
786
812
821
820
819
834
843
797
771
773
797
833
862
813
780
763
754
781
787
818
820
816
773
801
813
838
856
855
854
844
828
784
736
723
721
755
814
847
842
835
834
807
793
766
722
716
720
742
787
813
834
832
806
774
747
737
754
752
765
762
765
744
734
733
758
770
757
797
816
827
812
774
771
760
772
776
782
768
757
757
782
795
802
782
757
759
765
771
790
804
767
765
756
772
777
777
785
745
709
702
702
688
701
736
801
831
814
795
788
787
809
822
799
791
772
762
771
755
730
744
753
774
792
804
815
822
824
823
786
742
755
753
788
839
825
809
797
739
713
712
735
776
810
845
855
850
827
771
775
788
822
846
841
776
779
768
777
793
809
800
792
784
771
729
738
750
767
785
771
774
758
754
766
769
770
774
754
785
792
787
801
806
782
805
792
752
743
704
703
688
710
733
778
824
849
871
855
859
843
852
847
825
862
865
816
816
791
753
744
745
762
769
777
774
784
788
761
771
761
762
738
749
765
768
766
748
743
711
722
708
740
761
807
813
831
833
804
779
782
779
729
696
686
684
693
702
708
686
664
666
672
707
750
788
804
807
793
772
761
711
710
712
731
744
702
700
700
749
825
884
900
909
896
880
867
841
791
732
712
712
726
741
752
738
772
797
803
812
814
770
765
762
763
769
724
739
750
772
748
771
785
804
774
765
764
781
796
800
787
785
767
733
735
727
731
752
717
723
729
716
718
717
729
744
765
775
759
778
790
798
806
792
798
794
803
816
814
815
768
778
766
742
748
754
772
768
743
709
712
729
725
741
765
802
774
783
778
766
755
715
712
708
714
735
765
757
750
749
766
783
787
785
772
721
727
743
786
826
838
839
836
802
811
803
780
752
743
752
753
732
726
710
705
704
710
720
747
769
796
800
776
777
809
838
853
850
827
788
787
813
835
865
870
865
824
829
831
820
814
816
822
811
793
793
813
845
866
915
925
931
927
904
878
882
879
865
799
751
754
787
799
793
793
793
765
771
775
767
787
806
807
815
814
804
795
805
800
790
817
843
822
838
801
744
717
707
702
695
679
662
659
660
683
723
753
782
777
779
775
762
746
742
743
764
745
776
765
788
767
761
766
768
794
804
795
790
773
751
749
766
781
801
796
795
788
778
756
739
720
729
730
733
736
758
747
729
713
714
716
722
725
702
706
685
695
706
720
704
707
711
715
729
743
776
786
792
799
787
769
763
725
733
734
725
701
691
684
701
697
706
717
724
746
763
784
802
805
771
747
753
752
767
769
767
759
760
773
788
803
848
846
841
854
852
823
829
770
728
713
687
671
650
635
629
632
646
680
727
771
813
834
874
889
875
859
861
876
881
880
830
846
852
844
843
830
827
815
811
789
747
746
744
741
750
729
735
748
762
772
805
856
876
874
871
839
850
856
854
845
852
839
816
757
755
735
708
673
677
696
729
743
738
759
802
809
806
815
838
826
819
799
808
819
794
782
787
772
781
785
788
765
724
703
717
713
720
693
708
703
685
688
690
694
682
680
689
693
695
705
720
730
734
751
778
783
780
763
736
749
749
749
735
735
721
698
682
667
679
702
720
729
729
731
746
743
740
738
751
774
805
821
814
814
779
785
741
748
764
788
819
748
748
741
741
750
769
783
790
779
753
774
793
812
827
800
791
747
729
728
734
731
761
808
850
797
829
836
843
813
793
760
781
793
808
809
813
797
783
785
790
775
762
767
785
793
801
814
796
774
798
824
813
841
853
861
846
836
797
805
811
764
740
720
733
745
755
756
737
757
763
779
782
780
767
739
739
730
726
724
740
735
743
734
735
730
727
700
699
699
711
714
729
722
705
704
728
735
771
806
814
813
807
786
758
753
762
751
762
764
771
763
761
737
758
777
794
802
761
771
771
768
766
763
763
763
759
761
737
758
723
724
736
754
771
767
761
750
753
754
732
731
736
758
771
781
768
749
696
688
685
708
752
799
807
805
801
786
767
753
758
773
797
793
760
743
743
746
761
741
739
738
744
765
785
804
802
788
781
740
749
749
743
747
714
720
729
747
733
771
770
753
742
754
716
724
727
731
725
708
688
680
683
705
726
734
734
735
767
781
787
758
771
781
780
784
769
764
739
716
710
693
703
720
734
754
758
764
764
774
774
745
758
780
801
801
780
753
752
731
759
784
789
816
832
831
828
804
760
742
703
701
705
727
755
776
755
771
779
793
799
804
789
740
738
740
768
791
824
795
762
741
740
744
763
774
771
765
732
722
716
732
771
794
762
767
765
746
767
767
784
762
771
766
764
759
771
769
729
712
686
671
689
724
752
764
764
771
758
747
753
765
788
745
735
738
758
805
863
876
877
842
833
826
831
813
800
756
753
744
747
750
731
756
726
740
745
735
782
785
780
762
787
784
791
794
800
800
783
739
732
759
800
783
771
760
764
767
779
786
795
777
795
810
821
812
793
803
778
768
763
790
807
797
790
753
766
774
765
731
740
743
752
740
744
727
739
758
792
807
807
785
771
727
716
717
734
753
750
732
749
746
728
738
748
765
783
795
794
781
785
752
761
751
771
770
734
725
735
735
732
699
694
714
726
740
769
791
801
758
753
758
797
813
830
825
809
811
790
779
763
729
725
730
758
763
722
729
734
759
781
800
797
773
789
801
811
818
776
758
747
752
757
770
749
771
770
752
777
808
816
817
792
765
749
749
752
763
769
759
761
736
725
722
750
797
817
782
728
707
728
768
833
868
901
908
886
873
797
808
792
769
776
783
749
761
765
765
764
766
753
754
761
760
760
753
710
679
677
690
711
746
784
798
816
784
802
792
793
804
813
813
795
763
751
755
708
680
662
672
693
721
742
782
778
777
776
740
742
758
767
804
772
771
758
718
730
736
749
758
760
741
755
771
758
781
802
792
782
768
733
701
699
695
726
761
800
814
815
809
809
793
771
771
771
748
759
762
755
767
788
763
758
742
767
800
798
777
780
790
797
802
774
785
783
784
776
754
752
752
756
753
753
739
741
736
742
749
734
719
721
738
751
763
739
721
704
712
729
740
761
769
761
741
730
724
715
716
740
753
773
766
767
749
737
740
753
764
758
729
708
701
702
723
739
753
742
707
697
707
718
732
742
757
726
734
725
729
720
708
712
724
744
759
763
759
746
721
710
707
726
760
797
770
780
801
799
767
771
764
707
698
690
709
725
745
750
793
819
830
845
848
824
811
787
777
763
746
711
693
683
701
727
745
736
732
733
700
695
712
732
761
776
777
760
751
744
731
696
679
673
651
659
676
705
726
719
739
758
770
767
724
707
674
665
666
685
706
736
752
761
756
736
733
711
685
674
679
694
705
721
735
752
757
753
753
752
751
762
757
756
727
711
706
725
729
786
815
828
805
802
781
729
704
687
686
694
728
737
745
736
729
720
706
702
682
693
695
711
717
722
681
674
682
706
745
780
771
734
752
761
795
775
813
833
831
829
825
763
773
770
796
810
803
787
757
720
712
714
735
746
791
821
814
776
780
792
804
825
841
834
833
835
829
831
826
823
817
797
802
812
830
854
845
848
844
832
825
830
826
841
855
876
854
819
784
764
738
711
687
698
719
755
806
814
803
811
807
812
824
828
841
841
828
813
778
731
713
718
749
775
777
784
755
743
757
789
819
835
828
816
792
756
766
772
786
794
809
815
779
787
781
782
782
784
739
730
717
729
742
750
729
766
765
805
836
846
828
835
798
820
812
806
801
783
769
732
719
723
730
729
759
774
778
772
777
752
763
760
747
749
755
767
757
728
721
731
759
769
771
762
740
704
691
694
707
724
707
667
661
672
710
742
766
782
791
741
729
730
762
740
771
788
778
760
754
775
795
782
791
775
772
761
740
734
736
749
716
693
695
709
737
719
717
719
718
722
724
731
728
733
744
755
765
770
730
726
711
722
739
753
750
742
733
716
718
694
696
693
719
738
756
764
746
745
750
762
774
790
794
786
748
724
714
683
695
710
732
738
746
743
747
749
736
749
759
771
777
764
718
700
693
720
741
774
792
789
797
795
804
796
803
784
780
771
729
725
722
748
770
755
806
834
867
880
890
879
861
841
811
796
783
774
781
766
725
729
762
802
781
815
840
824
863
890
900
896
858
855
780
752
750
746
755
729
737
745
755
764
761
754
750
739
732
721
712
720
756
798
816
824
782
769
762
770
783
791
728
732
731
743
758
789
788
786
789
787
807
826
801
768
765
773
803
816
823
766
766
764
771
789
787
772
763
761
724
737
739
719
732
745
764
762
779
777
771
746
701
692
706
724
746
760
777
785
785
786
785
784
782
777
776
771
740
735
739
741
739
733
723
690
685
698
725
749
744
769
789
813
831
845
837
856
841
780
787
793
794
811
831
837
826
810
808
795
788
769
764
741
746
738
713
697
733
767
771
746
741
749
764
771
774
755
755
726
734
750
775
787
746
765
758
774
782
789
777
754
743
729
721
697
707
723
758
793
801
794
785
779
757
725
722
742
777
803
803
800
780
762
742
713
715
733
713
731
739
741
716
725
733
728
748
748
761
770
770
763
742
746
770
791
800
800
776
779
782
781
771
755
763
766
766
745
771
781
780
790
781
748
754
757
767
768
772
741
710
692
711
749
784
818
830
804
805
800
790
792
795
754
744
732
734
736
737
734
698
710
722
737
763
757
751
763
785
787
791
771
726
722
715
714
716
716
739
766
787
807
784
779
787
785
780
761
742
732
719
703
694
697
712
717
700
697
703
718
734
702
722
735
761
769
770
775
777
772
775
754
753
764
787
738
741
745
748
720
692
689
688
708
720
697
702
711
731
755
763
777
773
775
778
775
772
723
736
743
741
728
740
731
737
743
737
727
716
723
739
775
793
796
751
743
730
737
758
751
779
780
782
730
726
728
731
767
777
764
735
721
710
710
706
730
760
728
742
762
771
778
779
770
764
751
735
724
709
708
711
729
743
708
700
696
710
713
686
688
698
714
734
749
776
783
789
788
780
770
774
771
751
755
762
762
721
692
670
678
721
760
732
730
751
756
786
818
828
799
791
801
814
832
825
808
826
837
841
844
847
830
812
802
782
777
766
738
712
692
701
735
737
729
729
721
732
751
773
789
786
778
763
747
734
739
754
749
786
804
821
803
771
742
701
688
693
736
783
811
788
809
822
815
790
790
785
781
773
771
771
759
761
748
742
748
759
748
716
714
720
726
768
767
797
798
774
788
805
817
819
813
793
749
729
728
750
790
836
838
834
818
799
761
753
760
782
798
774
780
794
783
771
763
738
743
735
742
741
743
750
739
761
790
815
830
804
791
773
765
746
718
728
699
683
662
683
714
722
737
765
755
790
795
776
788
748
734
728
729
732
736
742
732
713
723
726
740
755
769
767
750
708
718
710
712
721
726
695
704
708
716
725
737
748
729
699
694
693
729
757
787
790
795
785
776
779
749
755
755
747
717
722
720
720
725
726
722
726
734
743
739
716
722
717
703
707
717
732
725
726
721
719
707
689
683
692
709
708
729
744
750
741
733
724
714
716
719
740
763
738
729
717
730
737
749
758
763
740
730
729
737
749
780
794
763
713
686
680
693
731
777
802
804
801
775
763
754
746
747
746
759
760
753
729
708
693
685
685
688
692
665
669
673
694
745
776
754
753
745
757
757
777
779
768
759
729
749
750
745
715
713
712
708
705
698
675
680
683
692
685
667
659
666
700
724
729
708
727
736
752
760
769
767
753
739
733
697
701
711
746
768
778
754
720
694
689
695
715
730
756
771
775
772
732
714
707
712
734
741
749
754
769
787
795
801
811
789
785
776
771
766
761
744
714
703
689
693
697
739
788
768
787
789
788
773
763
747
732
714
692
678
665
676
691
713
729
716
745
759
798
824
803
765
807
825
850
865
856
848
800
794
783
777
770
768
749
713
707
722
754
777
759
742
740
725
726
725
735
741
740
729
730
757
792
793
728
712
699
698
709
722
749
768
788
794
818
822
812
760
753
749
716
698
702
713
740
771
796
810
833
828
818
771
747
722
725
729
744
745
742
737
747
751
724
716
737
741
734
728
723
724
722
706
686
695
706
721
741
749
760
783
813
803
779
718
686
675
697
755
782
785
778
763
799
835
859
871
857
830
788
763
748
745
746
763
771
763
745
743
757
749
766
782
783
756
742
729
727
721
726
731
729
728
712
721
725
723
734
759
805
840
815
792
795
796
785
782
784
794
788
780
769
761
741
726
735
746
755
758
754
748
745
744
749
754
771
757
779
778
788
753
714
695
689
696
706
724
737
755
757
771
759
769
770
764
732
718
726
737
760
758
717
698
692
690
696
717
762
784
773
770
740
759
728
727
725
725
727
746
753
743
720
705
698
715
753
782
766
782
761
756
755
735
719
729
734
745
749
733
717
711
718
738
756
723
732
729
756
753
734
738
764
776
789
824
856
847
862
877
873
862
849
839
828
798
786
765
756
766
767
742
743
735
737
739
744
713
696
695
726
778
826
853
866
859
846
797
796
776
777
787
775
792
785
771
767
737
736
749
754
791
833
839
800
813
819
832
838
825
810
781
768
768
775
795
805
796
795
771
759
760
758
740
753
745
742
729
716
691
691
679
657
650
665
665
668
676
708
741
762
765
747
741
719
697
702
714
746
778
796
789
740
720
721
738
767
778
794
792
780
773
780
752
763
792
815
832
844
814
800
762
762
771
780
779
755
730
733
740
757
771
770
775
774
754
767
789
806
827
815
795
798
805
813
813
813
785
743
729
736
758
781
795
798
796
795
791
784
752
759
761
780
800
817
806
807
777
762
769
780
803
799
796
772
761
749
764
775
773
748
740
728
729
729
737
712
713
711
713
724
724
741
725
733
741
735
744
749
742
738
731
738
758
775
774
737
726
704
708
730
762
765
775
752
771
786
783
743
722
732
727
758
784
803
805
788
742
724
729
744
771
807
830
830
812
797
801
795
794
788
782
731
732
722
728
743
757
743
749
753
748
767
784
795
804
794
786
732
721
703
713
724
744
735
738
734
736
750
768
785
768
794
777
780
770
773
772
754
714
715
694
689
698
715
741
760
765
731
716
707
702
713
729
737
741
740
743
709
711
710
723
741
755
754
737
723
699
703
712
749
790
761
766
767
772
757
741
708
706
707
723
742
766
771
747
744
758
800
837
833
823
779
772
764
768
769
776
744
758
764
735
758
786
818
826
821
815
812
790
783
768
767
771
760
778
786
803
798
771
762
744
744
733
735
715
735
778
802
805
808
786
755
758
749
761
740
760
740
761
749
725
741
751
769
780
782
770
758
752
746
746
753
753
739
742
734
700
712
722
756
762
770
782
779
815
824
832
816
755
749
748
759
769
753
753
741
741
739
721
737
718
731
735
746
750
722
727
718
699
715
736
762
790
792
791
769
764
747
724
690
690
694
725
752
775
773
750
744
730
729
702
709
712
721
698
699
694
728
722
754
764
768
767
792
788
796
798
789
730
728
729
721
722
714
690
701
696
695
714
752
797
806
807
781
768
762
771
782
784
770
755
725
729
709
742
749
753
795
804
816
822
804
817
789
739
762
768
771
760
743
735
733
723
704
723
740
778
812
823
811
790
767
756
736
739
737
737
722
731
716
703
708
733
774
790
784
801
798
793
761
758
760
769
771
769
742
746
737
727
725
747
759
771
775
768
763
758
755
744
751
743
754
756
742
709
693
708
735
790
839
821
844
854
862
860
828
784
764
715
689
683
705
741
752
739
733
729
737
727
738
738
727
728
718
724
741
759
785
789
764
740
731
729
734
739
720
721
728
748
776
789
781
782
760
737
728
718
706
710
693
722
759
775
790
752
759
771
787
790
742
739
743
756
762
759
747
732
723
697
691
694
708
732
743
711
708
696
694
700
718
704
718
724
736
741
744
737
727
688
684
685
660
672
675
684
690
701
701
701
702
693
683
681
682
690
697
706
674
671
670
686
706
713
728
725
697
689
696
705
713
694
710
734
741
713
681
701
733
782
789
798
805
798
787
764
753
736
694
677
669
683
712
744
733
757
765
761
789
810
802
767
785
791
796
793
776
755
731
710
725
750
808
827
829
834
827
792
787
778
774
780
784
785
786
748
751
764
760
745
756
773
785
782
776
760
752
757
737
749
732
747
769
795
789
773
766
742
742
745
746
755
735
731
754
761
739
713
703
722
741
752
759
755
729
739
733
740
748
754
718
723
729
748
755
771
726
734
735
749
758
770
768
745
748
740
741
731
715
713
728
746
760
757
733
734
725
740
774
799
843
854
811
818
807
799
771
751
729
712
699
701
692
715
756
794
785
775
758
736
721
709
703
688
689
694
706
710
722
732
737
747
761
732
724
729
729
726
715
704
713
730
745
757
759
760
751
749
753
733
762
786
811
817
821
753
746
735
736
742
746
733
694
698
717
767
797
824
814
804
787
773
767
768
770
772
772
732
720
719
693
714
727
759
745
782
793
813
830
789
800
804
808
774
782
761
761
755
765
776
790
808
765
772
746
758
781
789
799
772
738
744
714
725
723
740
735
710
715
702
702
723
748
746
721
712
723
731
733
701
674
665
661
665
678
703
725
737
743
748
742
738
712
713
687
677
693
729
772
785
782
771
747
739
721
710
697
697
705
703
722
744
762
763
763
754
718
700
700
698
719
758
781
778
762
759
755
758
720
688
676
692
717
735
740
704
710
704
701
693
697
702
711
691
688
695
715
736
753
728
675
654
643
646
668
721
780
786
813
828
839
848
829
810
733
741
733
739
739
735
730
717
704
689
689
670
669
675
702
703
692
692
698
704
697
706
702
717
724
719
730
703
720
727
765
787
787
747
742
728
720
717
688
702
713
735
747
719
728
745
763
770
765
759
753
752
750
746
721
714
688
697
677
698
721
744
751
755
728
726
733
775
802
805
814
827
834
827
806
776
794
803
795
815
823
802
763
749
748
765
773
776
728
717
701
685
695
695
714
721
744
771
774
809
806
792
800
790
793
792
739
704
682
685
688
681
691
710
737
758
729
726
721
714
710
710
710
697
711
715
725
719
729
730
736
725
711
708
713
703
705
699
687
675
656
661
654
656
657
644
633
623
621
621
612
604
601
590
591
589
584
588
595
606
601
598
601
603
596
580
577
572
567
566
581
602
612
658
690
715
763
789
788
810
813
796
782
747
726
719
710
691
681
674
653
639
637
638
647
662
669
670
674
667
656
651
653
657
660
669
682
694
700
712
718
715
713
705
678
666
654
648
640
646
645
634
641
646
656
663
663
657
648
647
655
656
682
693
698
687
680
673
684
686
671
670
674
673
666
686
702
704
711
697
679
674
672
662
677
692
682
690
686
676
667
673
687
704
749
773
771
802
824
815
762
728
713
711
695
688
667
675
703
739
734
713
699
704
715
700
701
703
715
713
722
751
791
775
814
845
865
917
874
839
784
752
727
695
676
652
648
638
666
710
726
744
812
920
984
1021
987
991
886
914
937
959
979
992
986
979
942
915
830
828
833
837
834
899
894
856
887
903
824
843
852
848
810
827
823
832
848
858
844
857
871
877
880
833
865
873
879
823
786
756
726
689
681
684
699
764
812
838
797
848
852
869
825
794
831
842
895
903
917
922
914
860
854
827
779
796
815
824
855
831
842
818
814
834
839
784
762
740
759
797
824
842
857
878
886
809
817
771
749
730
743
732
737
758
792
836
851
905
945
965
966
943
930
928
911
888
851
807
768
745
752
782
792
835
851
853
894
933
952
908
857
821
776
804
827
863
917
907
879
912
952
973
985
965
940
950
879
848
830
785
787
842
912
959
1014
922
877
827
809
793
814
785
784
771
758
742
728
699
702
689
696
695
729
737
790
870
912
956
943
907
889
900
921
921
916
914
935
939
926
933
965
945
914
933
927
923
963
979
992
990
987
979
966
964
959
977
968
955
919
878
853
812
796
772
757
720
726
698
687
693
690
719
768
798
813
825
843
842
835
824
806
794
779
764
755
778
796
777
767
763
732
722
716
706
706
731
746
739
726
734
716
701
683
683
697
726
714
729
731
739
739
752
756
744
730
741
759
788
795
805
802
840
871
882
892
870
841
817
819
851
880
896
898
860
875
865
850
847
865
852
828
823
813
818
800
780
813
843
851
857
843
811
825
857
905
938
945
939
933
929
897
868
891
910
906
812
771
762
774
799
837
863
843
849
875
905
923
935
918
915
908
868
874
897
938
959
962
939
904
831
851
867
884
884
898
847
823
815
832
868
896
911
919
924
915
896
884
885
884
862
824
842
878
919
902
914
887
911
920
911
902
855
816
824
826
835
871
874
906
924
935
937
938
941
909
883
921
940
961
966
933
875
862
880
905
949
984
977
979
965
929
884
874
845
838
828
800
810
821
832
841
865
873
885
878
891
891
901
882
902
896
865
889
898
882
863
861
854
822
821
791
779
824
842
881
896
912
907
937
941
940
921
937
956
957
940
959
942
925
922
906
868
815
821
847
885
925
952
938
930
925
921
911
896
876
859
845
836
827
852
874
920
908
892
850
849
841
817
821
826
850
888
904
913
901
861
819
797
785
783
794
809
805
790
801
811
826
845
854
859
887
880
883
875
887
880
822
823
833
851
855
873
833
817
834
856
888
900
891
944
941
929
948
946
934
911
886
892
879
854
871
895
915
928
918
917
909
912
913
913
909
922
925
921
912
902
890
889
884
857
810
792
808
797
828
868
895
868
858
896
921
946
961
977
958
928
934
938
912
942
911
870
818
791
783
785
788
781
771
750
767
778
793
804
825
850
876
897
903
865
833
837
874
890
859
864
891
884
884
853
864
885
894
889
892
871
861
818
837
810
817
818
802
820
813
821
846
840
876
886
908
919
909
906
857
867
871
871
804
787
785
807
839
862
868
889
896
901
896
896
896
912
926
847
772
765
747
751
777
807
773
744
718
716
701
703
708
712
721
738
757
774
802
778
780
792
765
737
736
771
797
815
810
816
805
803
822
833
798
765
751
741
743
755
766
783
809
826
818
787
752
740
744
762
792
782
765
772
799
841
894
879
841
813
771
776
809
782
809
836
865
854
820
830
850
863
864
874
902
949
978
983
986
989
954
933
898
922
950
969
966
904
869
878
891
903
871
870
896
895
911
894
928
926
929
932
930
886
867
854
870
875
856
839
868
885
895
895
903
896
891
896
890
884
803
798
796
763
761
815
866
845
831
865
889
909
875
884
926
943
953
956
971
969
917
894
919
961
982
989
938
916
924
950
972
945
948
943
961
972
972
970
965
964
969
960
932
891
818
813
786
796
792
803
840
891
885
904
948
967
955
959
974
982
980
958
938
968
996
1007
1012
984
957
958
963
985
993
991
938
953
978
988
997
975
943
953
977
989
978
910
909
926
949
947
918
952
960
964
933
921
952
971
984
956
917
959
972
986
991
966
945
965
957
971
974
943
933
948
973
1001
1004
954
937
948
944
963
943
916
939
916
885
869
870
857
855
878
897
927
922
885
899
905
916
934
947
951
909
901
930
938
940
908
909
880
838
841
855
872
849
854
874
896
913
936
954
963
972
979
983
985
993
963
903
894
919
943
920
882
893
909
911
896
919
928
946
922
930
950
963
953
973
985
989
985
994
999
980
953
931
947
978
979
934
913
935
944
955
922
907
845
807
805
805
845
876
901
889
904
916
933
908
946
965
980
978
974
996
1005
1016
998
979
939
946
938
966
962
938
968
973
982
957
938
956
955
901
920
932
948
922
913
925
915
899
938
951
966
962
956
949
909
910
931
968
986
995
975
945
951
944
946
925
907
913
940
953
967
931
914
936
938
944
915
904
913
909
899
885
907
923
939
918
910
933
936
923
915
937
945
965
955
945
969
977
972
934
951
952
958
926
928
962
980
958
962
981
987
968
951
944
952
919
949
972
977
958
963
959
973
959
970
978
971
927
947
949
958
927
932
935
936
926
950
963
924
938
933
947
933
918
945
956
966
950
969
970
973
921
936
938
949
912
911
916
932
929
946
977
976
955
956
978
979
953
931
945
948
934
910
928
937
919
906
938
944
942
908
886
845
824
806
792
802
836
854
844
876
905
923
908
906
934
952
955
931
968
968
969
968
961
949
906
904
911
922
935
897
907
899
889
864
893
906
925
894
933
931
918
929
938
955
942
949
955
939
929
953
952
947
901
923
925
871
866
872
879
841
858
874
885
857
858
883
914
946
962
971
963
962
977
974
929
906
920
960
979
948
918
940
941
956
929
940
949
902
887
893
904
874
903
942
956
941
974
974
961
931
939
938
947
953
966
972
987
959
952
973
970
942
936
940
912
890
903
929
917
888
925
938
936
953
961
970
967
938
916
955
978
981
992
985
970
917
915
941
964
967
950
958
975
969
944
957
975
987
960
950
964
979
954
961
978
972
962
925
927
917
896
886
895
892
862
859
855
835
836
848
840
828
851
877
905
934
933
934
943
939
943
947
948
942
936
869
822
808
796
801
791
824
824
794
802
768
750
767
775
795
815
851
870
856
884
904
904
860
848
859
860
879
895
916
945
961
966
972
979
968
922
853
838
859
891
916
884
883
928
954
973
967
991
997
1003
999
998
1005
995
957
951
942
936
870
898
921
955
922
917
955
955
915
915
950
960
937
951
969
951
912
943
954
968
944
950
940
902
903
917
936
908
934
938
951
936
944
944
953
918
935
950
953
937
947
986
982
979
954
968
957
912
897
914
940
914
949
961
960
938
954
943
944
920
946
950
966
958
972
975
976
948
953
938
922
914
930
949
921
910
909
892
850
882
896
917
905
933
950
968
964
986
996
993
980
1002
1010
1021
1002
969
994
1002
1007
974
940
958
978
976
959
996
1002
996
972
995
1001
995
973
997
1001
992
938
931
927
898
922
922
905
871
906
921
910
912
926
931
920
942
941
944
920
927
939
959
940
938
937
935
904
926
940
964
937
936
947
945
931
955
986
976
981
991
980
954
942
960
963
987
973
945
941
884
838
862
881
905
893
895
927
943
944
915
925
930
931
936
935
944
965
959
932
949
948
904
876
888
895
873
855
880
903
899
915
957
966
982
969
942
940
920
878
899
924
938
938
932
933
935
935
921
893
900
857
854
850
859
861
861
848
851
816
794
802
808
826
835
836
808
782
771
762
791
819
864
883
896
872
873
896
929
951
952
933
924
938
960
924
937
942
927
926
936
923
887
879
863
864
854
808
790
825
877
895
883
892
901
899
888
879
864
867
882
899
900
915
930
918
927
930
941
908
874
894
898
933
926
904
926
937
938
924
935
946
953
925
943
967
962
962
965
934
888
904
922
937
918
927
943
924
918
926
948
963
962
965
936
901
886
892
914
923
910
938
952
948
933
943
954
961
959
973
982
962
970
975
966
930
943
939
920
888
896
895
867
850
883
896
877
887
925
943
937
940
932
906
918
919
927
927
929
931
931
902
896
912
924
911
899
914
916
902
890
916
933
934
910
910
896
867
869
887
918
933
953
963
969
953
954
947
938
912
915
920
874
857
877
886
875
896
926
924
911
923
926
923
904
910
917
923
912
921
929
927
900
912
937
938
911
907
899
888
873
895
906
897
882
890
891
875
884
891
889
879
895
917
915
916
929
943
936
939
938
924
910
928
938
938
933
953
968
943
921
938
951
950
920
936
955
959
941
927
929
913
896
919
936
937
930
947
955
962
906
899
913
931
931
931
921
917
921
929
917
924
938
946
903
886
885
856
854
888
910
900
895
931
954
942
935
939
929
881
860
841
813
804
805
772
744
729
726
716
710
733
767
780
806
814
808
769
766
760
779
789
779
786
806
838
844
848
849
857
868
853
866
887
905
895
888
849
815
815
816
790
755
771
793
786
787
798
802
802
793
803
808
813
798
797
806
837
863
888
873
862
856
858
828
777
782
809
822
785
776
821
853
836
814
840
851
816
797
826
839
828
853
894
914
914
927
968
953
924
938
946
950
939
936
913
936
939
964
982
990
955
932
916
919
885
877
873
885
891
857
813
839
894
874
862
894
910
920
875
871
896
906
914
898
921
928
935
905
911
919
912
924
939
926
908
930
909
931
919
947
967
978
987
1006
996
954
944
939
965
994
974
982
971
969
958
926
909
896
907
935
923
948
972
984
939
933
948
934
887
909
900
896
881
881
895
888
896
898
909
891
893
890
890
887
910
915
907
921
962
979
975
943
949
938
909
880
906
920
941
927
920
933
950
919
930
946
967
915
936
950
924
913
900
909
897
907
921
915
896
884
873
865
846
837
822
833
828
795
770
760
769
771
779
782
781
767
761
764
762
751
743
757
752
744
753
764
786
806
820
832
828
852
863
861
852
834
805
798
814
813
840
846
859
858
850
871
884
876
828
827
840
843
865
882
855
880
904
931
941
910
907
929
946
940
930
939
955
936
953
944
924
954
966
948
936
915
888
898
919
938
877
834
867
892
859
886
901
930
923
910
889
896
927
954
970
966
974
913
928
912
917
937
949
942
932
897
884
896
902
933
904
903
908
915
919
923
923
911
912
916
909
878
898
900
892
860
872
891
895
898
930
945
947
946
949
961
974
958
886
834
797
823
863
893
910
925
900
903
897
898
875
880
905
917
897
902
892
894
903
890
891
867
896
903
903
877
909
887
889
899
894
913
903
891
950
929
918
929
921
908
899
896
886
860
873
886
890
878
895
910
911
904
894
873
902
897
876
899
912
916
907
925
936
924
918
959
965
959
938
903
913
936
902
906
910
843
858
865
859
872
889
912
914
927
917
891
876
890
852
865
866
864
838
827
826
822
798
781
786
791
790
791
836
864
881
868
875
850
842
835
841
838
827
813
842
859
893
923
937
946
896
890
869
872
858
833
778
764
775
823
891
914
924
924
918
872
863
854
805
774
752
752
768
772
795
801
816
844
861
803
779
784
804
849
919
958
968
961
946
949
918
920
941
950
946
915
883
881
889
888
895
905
902
865
885
891
905
925
899
897
907
878
892
867
895
914
922
938
920
933
928
927
889
880
870
872
844
854
856
874
891
910
916
889
826
794
792
815
854
899
930
915
895
883
863
854
868
881
891
862
854
874
871
826
794
779
763
765
775
771
763
769
781
781
795
809
820
799
804
825
854
898
913
906
900
895
861
848
816
819
842
888
940
952
954
959
958
941
897
873
872
893
902
907
906
909
912
905
854
869
885
872
865
863
879
889
889
911
925
944
969
983
985
959
954
961
929
945
956
942
896
866
881
901
879
893
870
859
854
873
876
863
878
895
926
928
911
936
940
933
950
947
959
969
968
971
958
904
907
931
954
959
920
900
923
938
957
932
941
959
972
923
892
874
876
824
811
819
821
813
819
823
843
832
835
862
880
904
918
931
938
954
952
914
907
935
976
1000
962
931
945
960
970
933
942
955
974
983
1000
1012
1002
994
999
994
965
962
989
1002
984
977
996
1015
1015
986
1006
1018
1020
998
1000
1009
1018
1012
1005
999
954
918
903
925
892
882
895
928
961
933
942
946
948
955
971
980
975
944
945
977
1005
1018
986
968
1001
1007
1014
982
962
962
978
997
992
926
950
687
277
981
918
897
916
938
961
965
973
980
980
976
938
935
960
989
991
991
960
940
942
963
989
962
928
947
966
993
967
960
967
972
963
972
960
963
972
961
986
972
968
972
971
972
980
997
1013
1005
998
1012
1028
1009
1006
1026
1034
1036
1004
995
1016
1020
1003
981
983
943
924
943
948
923
934
948
955
957
981
996
977
974
998
1014
1019
1028
1046
1041
1041
994
975
998
1000
1006
1002
985
1014
1029
1017
1001
999
1001
1006
985
984
990
991
967
981
990
988
975
976
982
982
970
971
968
971
935
931
916
923
904
928
940
937
916
942
951
959
927
929
945
961
977
960
976
971
967
946
962
976
989
985
1001
1000
1022
1017
1029
1000
954
957
963
968
944
947
983
991
1002
1021
1019
1005
1030
1037
1033
996
998
990
984
950
948
933
900
892
936
969
965
973
996
1004
1008
1020
1019
963
960
964
982
961
966
982
933
923
947
958
933
913
921
944
966
992
1007
1007
1005
991
967
964
979
991
997
965
920
921
944
976
970
945
947
957
961
940
911
950
986
1009
1002
996
1005
1005
1001
968
977
977
979
962
972
980
989
985
927
951
979
989
948
974
986
984
941
956
977
996
996
993
994
999
1001
987
933
927
905
893
863
854
854
842
822
843
858
875
868
903
941
942
926
952
956
965
969
975
975
984
983
970
957
974
981
974
908
930
964
976
951
958
978
986
947
966
979
979
968
987
1002
1004
1012
1008
984
946
945
960
963
962
932
931
933
912
906
930
943
953
924
943
946
955
944
957
973
990
997
970
963
969
931
917
943
962
960
943
957
961
936
926
938
941
929
940
968
979
975
944
964
973
981
948
950
948
947
933
937
945
947
927
924
940
957
978
951
957
961
938
917
931
951
954
940
945
977
985
999
982
983
987
988
987
988
988
983
949
915
923
943
938
941
963
975
949
954
977
993
986
972
977
981
959
949
976
986
998
977
962
953
947
924
938
938
955
938
935
943
965
964
954
969
973
981
956
952
970
955
904
905
927
936
919
914
865
824
832
828
834
835
836
851
871
892
894
897
903
894
871
859
848
856
866
858
868
904
925
938
919
896
901
913
925
928
924
934
948
949
941
933
949
958
963
937
941
937
925
916
938
973
999
993
974
992
994
995
970
965
950
961
934
921
915
915
903
945
968
978
961
955
967
981
989
961
953
969
968
956
943
966
956
924
924
953
969
950
939
969
989
986
976
971
993
995
986
983
999
985
948
935
939
937
951
928
938
949
956
945
946
953
952
934
945
959
964
959
932
918
903
881
882
886
903
882
876
889
906
908
915
930
900
879
899
937
945
934
916
928
936
938
918
917
948
983
984
958
960
968
968
953
947
971
981
988
961
940
901
893
859
841
847
864
897
912
920
942
969
978
959
943
967
987
969
939
937
930
903
840
813
808
817
837
855
870
896
923
933
942
951
963
961
962
962
964
965
967
936
892
871
899
904
893
878
920
957
962
931
951
974
982
987
979
973
970
960
951
946
929
899
875
868
875
878
906
894
885
898
927
953
973
959
937
937
917
920
943
968
979
957
958
967
976
983
968
980
991
998
991
979
985
999
1002
986
984
946
931
926
937
957
967
976
978
979
970
946
945
942
960
942
919
906
908
909
883
854
807
809
833
863
872
866
867
882
903
915
900
869
854
855
859
858
866
888
932
958
951
946
943
947
952
952
936
932
938
955
975
987
961
955
960
966
971
952
945
961
963
908
904
913
922
926
916
873
868
863
834
843
859
879
878
883
898
916
925
937
948
930
905
915
932
938
949
916
895
919
931
945
923
900
912
944
956
913
883
896
916
899
886
913
945
953
939
948
967
967
969
963
965
955
911
890
915
931
966
920
889
883
881
864
863
880
901
898
888
904
924
943
952
978
992
1001
977
958
959
977
977
959
942
940
939
893
920
939
933
898
924
950
972
970
996
1014
1031
1021
1028
1035
1023
989
990
999
1014
1010
981
998
1002
1006
973
962
978
989
973
948
971
972
964
950
971
979
973
943
959
966
969
944
968
992
999
986
1001
996
1000
976
984
996
1009
986
990
1003
987
911
907
936
969
940
946
977
982
935
914
925
918
889
897
861
902
937
970
970
968
957
953
938
880
831
830
829
850
845
854
877
909
917
924
945
972
994
1012
1021
999
972
922
913
902
853
842
827
779
767
765
790
797
800
815
844
884
915
898
912
938
962
972
958
938
928
869
855
874
896
935
909
932
973
992
953
937
954
965
961
923
938
960
979
963
966
957
986
974
983
946
891
834
807
813
830
829
828
852
878
904
887
876
905
927
948
968
981
995
973
959
977
1006
1032
1037
994
940
941
949
974
993
944
901
903
898
878
856
864
886
895
905
883
905
921
941
908
928
926
935
923
938
952
953
974
961
975
998
963
885
896
942
964
928
902
919
963
973
970
936
923
945
970
1007
1008
958
964
961
978
996
961
910
926
949
976
952
956
971
1000
995
1000
978
994
1005
991
993
994
994
986
973
961
885
836
829
863
933
962
956
949
910
960
968
983
993
1001
976
967
978
986
992
991
985
922
862
852
896
874
836
863
876
881
888
838
830
845
895
948
979
1002
970
974
999
1019
1040
1043
999
957
982
997
997
989
987
992
976
937
890
895
921
978
1016
985
964
983
1000
1028
1040
1021
1004
1017
1030
1052
1055
1060
1038
1037
1054
1056
1049
1012
1006
1011
1005
976
939
961
997
1021
993
994
1006
955
924
934
930
900
900
878
884
844
854
870
897
909
911
934
950
951
956
957
952
944
920
937
954
966
958
911
900
920
925
943
923
923
937
945
955
938
922
907
917
926
903
892
934
958
982
959
953
991
1001
988
939
957
976
1011
1011
1006
1030
1035
1032
1019
1049
1045
1040
1029
1025
1011
960
925
950
993
966
884
906
915
910
873
912
950
990
980
997
1015
1021
1002
1021
1020
1033
1009
1033
1049
1061
1038
1029
1046
1050
954
941
943
960
938
900
914
935
971
954
974
995
1022
1026
1034
1050
1057
1043
1027
1042
1047
1045
1010
921
928
914
930
924
901
937
948
962
944
938
973
996
1005
982
998
1024
1042
1040
1005
1026
1040
1018
916
938
954
963
931
963
978
988
970
980
1003
1017
1030
1034
1048
1056
1052
1033
1038
1051
1049
1034
1001
1013
1003
906
877
896
904
887
872
903
927
938
938
972
994
1028
1011
1034
1044
1047
1029
1040
1045
1021
966
983
1010
1012
1005
976
969
947
920
967
992
1010
1017
1038
1057
1021
1023
1039
1049
1052
1005
983
1002
1023
1030
1004
1020
1018
1014
982
970
933
912
934
894
889
917
914
871
852
840
830
824
826
816
780
774
796
822
824
836
867
906
931
961
923
899
911
944
968
981
942
857
827
839
817
788
765
741
722
706
679
669
655
650
645
655
672
696
721
751
781
823
860
905
869
850
884
906
880
813
764
754
756
790
846
891
873
878
885
909
917
890
913
952
989
1004
1006
1008
1032
1036
1032
1025
947
943
969
979
949
960
997
995
950
945
974
985
975
963
992
1018
959
929
975
1001
1025
1029
975
999
1004
1013
1027
1022
1010
1010
1003
998
989
984
929
866
865
879
924
906
969
994
975
932
971
997
1006
966
979
1024
1030
1029
1014
1031
1047
1041
1033
1017
930
883
924
901
888
913
935
941
906
881
900
909
910
899
936
967
983
943
966
975
984
982
983
988
979
986
984
954
945
967
988
997
970
986
1015
1004
960
973
974
978
963
995
997
1014
1014
1026
1036
1021
1023
1020
1015
997
1020
1019
1007
970
993
994
985
945
952
972
984
965
979
954
938
953
970
998
977
987
1001
1009
1004
1018
1014
1015
946
941
939
919
908
938
960
976
971
980
944
947
931
865
834
835
811
785
770
760
741
727
717
695
692
686
687
694
702
716
729
748
757
767
769
763
760
768
788
814
824
824
847
849
834
831
844
850
849
845
831
813
791
773
782
792
820
858
889
901
873
878
905
888
843
834
812
817
832
853
861
861
868
861
850
834
811
809
808
816
854
896
878
886
880
874
869
872
854
831
827
817
822
836
834
821
824
813
813
818
810
796
780
788
787
791
798
792
784
793
819
845
826
834
852
864
867
869
835
845
847
859
876
878
885
907
916
934
945
943
928
905
872
867
873
883
898
922
920
920
921
908
923
897
901
916
919
870
858
864
870
866
857
853
849
821
837
844
851
860
848
807
802
805
813
831
860
873
862
884
908
931
910
907
904
880
855
829
827
805
814
815
847
867
840
880
891
908
896
862
850
850
822
823
818
819
805
800
786
798
789
794
811
818
800
824
822
835
846
845
816
821
847
870
893
888
844
852
863
865
877
879
833
857
877
900
902
894
886
875
857
841
852
858
873
879
890
899
878
877
887
902
921
921
918
882
881
873
862
838
854
837
849
853
840
862
880
896
891
881
844
856
856
847
845
833
815
815
827
843
859
867
838
851
858
866
854
856
828
838
823
826
859
896
945
958
955
938
912
892
863
851
838
846
853
858
857
855
850
868
869
860
851
842
830
820
821
804
813
802
813
829
842
849
830
821
811
802
805
807
789
779
782
795
758
733
713
722
723
728
732
746
744
738
720
729
723
720
706
724
729
740
736
733
767
807
825
836
851
846
803
794
774
780
812
853
891
888
867
850
850
811
781
743
729
710
725
731
767
808
849
867
879
910
882
813
837
865
843
878
900
920
908
882
894
896
858
821
818
814
814
829
830
847
896
915
949
973
979
944
894
870
893
918
955
911
894
911
932
967
938
905
914
937
953
918
915
955
982
999
978
965
994
1025
1041
1060
1060
1053
1043
1004
984
979
959
941
911
889
879
883
896
911
930
933
933
932
889
854
862
892
908
887
874
902
930
958
981
972
994
987
964
964
952
940
904
907
926
925
939
962
966
947
911
869
906
952
959
990
996
995
1005
981
982
1001
1008
1018
938
956
970
999
943
942
985
1001
1009
981
996
1013
1021
995
995
1016
1030
1033
1037
1036
1026
989
979
1020
1047
1060
1043
1003
1007
1019
1030
1020
1037
1046
1042
1032
1042
1049
1007
944
978
994
1021
1019
964
979
976
979
972
979
1007
1005
994
1010
1040
1044
1049
1058
1037
1032
1042
1066
1044
987
1016
1017
1016
963
978
973
979
951
952
979
994
1016
994
1020
1030
1032
1021
1025
1026
1023
1020
1021
999
952
936
963
989
960
909
925
927
923
911
947
962
963
954
910
861
896
916
906
867
821
813
784
766
753
736
726
725
739
756
807
865
905
910
896
908
951
996
1006
971
954
949
970
983
961
941
927
941
957
967
942
913
914
942
975
1005
1022
1019
998
978
959
964
992
1023
1000
977
993
1002
1010
992
971
981
978
970
965
979
1002
1028
1027
1019
1006
948
885
874
875
892
914
889
849
813
810
820
845
859
846
860
886
898
870
892
924
959
994
998
993
981
959
915
889
916
933
956
924
911
936
944
947
921
942
976
989
966
972
994
1009
984
985
1008
1024
1028
1029
1013
980
944
962
981
998
985
985
943
913
931
952
976
961
960
979
997
974
987
1009
1019
1006
1008
999
961
945
959
967
979
959
958
947
944
922
943
971
986
975
991
997
993
984
996
1007
998
997
1015
1014
946
950
976
997
947
923
900
865
870
874
896
891
897
919
943
967
976
986
996
993
992
1002
1001
952
915
933
901
853
835
851
877
858
879
904
922
907
914
943
978
1000
990
1002
1016
1026
1009
1010
1027
1042
1019
991
961
957
952
923
920
944
961
945
952
979
1002
981
984
1001
1007
979
990
1018
1018
1002
985
992
1009
1012
975
979
998
1001
982
974
975
955
918
921
941
947
921
930
967
986
978
990
1006
1023
983
979
988
994
971
987
955
910
902
888
893
887
876
883
901
901
859
873
875
892
880
913
934
907
890
895
917
919
938
976
992
999
974
955
945
908
920
869
832
827
814
821
817
817
799
791
795
822
845
872
906
937
959
953
959
995
1012
1019
1010
976
967
984
1002
1005
959
985
987
974
896
903
930
958
896
902
925
962
973
980
1000
1022
1021
1025
1037
1036
995
970
979
981
1013
982
975
982
965
949
979
999
982
977
1009
1024
982
994
1019
1021
1005
966
956
932
947
932
919
912
906
903
913
930
949
936
954
956
973
989
941
940
946
974
1001
1003
971
911
859
874
907
964
942
973
1001
1001
937
971
981
983
946
971
995
1027
1004
1038
1062
1063
1031
1046
1049
1058
1038
1038
1061
1061
1020
1034
1053
1056
994
1020
1015
1000
979
997
998
958
960
988
1005
938
953
977
992
973
991
979
938
947
966
984
971
996
1008
1026
1004
1024
1042
1042
1054
1066
1058
1046
1026
1028
1018
983
972
1009
1004
946
953
983
980
950
982
1009
1000
986
1009
1028
1019
1028
1017
979
1001
1021
1028
1023
995
1007
1013
1000
971
973
980
952
961
990
1021
1015
1025
1048
1055
1011
1018
1030
1040
1004
1031
1029
1023
1009
1028
1042
1041
1020
1052
1068
1039
1045
1061
1064
1039
1038
1034
1005
965
989
1000
945
944
959
941
958
977
988
979
992
1002
1021
987
1010
1038
1034
994
994
985
953
968
938
902
911
920
929
925
954
969
983
976
965
965
933
932
966
985
1003
975
996
1007
1026
1001
1014
997
939
902
918
926
912
911
937
958
931
929
952
974
955
919
954
974
948
923
917
872
850
844
855
827
842
866
865
870
899
920
929
886
879
882
879
878
910
947
961
940
909
883
891
893
917
899
896
916
957
976
980
977
954
930
946
970
994
947
944
966
985
991
951
958
977
982
944
961
1008
1049
1034
1019
1040
1035
998
1004
1031
1042
1007
1037
1066
1091
1058
1056
1070
1030
958
980
1027
1044
1033
1035
1020
970
972
1002
1036
993
989
996
970
977
996
1007
977
973
978
974
963
968
986
993
962
967
981
991
984
1006
967
886
821
830
863
881
916
940
958
969
981
986
981
979
977
978
978
979
973
982
983
943
918
927
934
939
910
877
894
930
955
955
941
962
982
1006
1016
1019
1015
1009
1009
979
938
944
990
1004
995
956
964
948
953
949
942
960
943
945
938
970
1002
1017
1018
1006
1000
998
979
979
974
926
910
935
962
973
937
954
974
986
970
979
985
993
1006
1004
998
1009
1021
1026
1022
1019
1013
969
942
938
941
949
908
912
948
970
920
898
893
854
854
858
858
840
831
847
859
876
872
869
879
902
930
950
956
940
890
828
813
833
867
875
841
854
896
909
933
892
863
893
907
937
919
926
931
944
943
966
979
984
977
972
987
992
999
1001
1010
1012
987
983
1008
1022
1030
986
965
990
1021
1036
1021
1037
1058
1030
978
988
1010
998
938
920
921
940
940
938
973
994
995
977
982
1007
1014
996
975
970
965
939
960
966
973
956
926
932
938
970
1001
1019
1024
995
946
960
955
962
990
974
977
992
1005
1018
1023
1022
1019
1018
1018
1021
1018
970
975
1010
1037
1016
927
923
903
891
937
972
1000
1004
973
985
977
941
911
934
961
982
986
978
992
1000
1005
1006
1005
999
998
990
964
941
943
979
991
983
930
935
951
957
958
969
970
965
956
968
964
946
934
958
964
965
975
979
958
942
967
988
1000
1002
1001
1002
987
948
945
961
946
923
909
929
937
929
907
923
951
971
979
993
992
992
1001
1009
982
949
944
978
1010
1015
1025
1017
999
939
916
891
873
888
907
928
903
910
936
943
948
968
982
977
979
982
976
943
960
979
997
972
965
936
898
858
837
829
775
568
823
737
716
705
698
692
690
691
703
710
724
734
751
749
748
761
771
800
812
826
855
910
953
987
1010
1017
1019
1023
1009
994
988
919
881
920
941
978
986
919
905
926
957
1006
1019
989
977
992
1003
1018
1017
988
950
975
1005
1019
1030
974
901
888
831
789
797
823
830
805
833
842
875
844
815
829
870
909
909
930
965
1012
1019
1014
1006
1015
998
979
965
983
991
965
973
1015
1034
1036
1001
1023
1038
1057
1033
1032
1030
1058
1070
1052
1021
1026
1056
1083
1101
1077
1007
998
988
995
975
1002
998
1003
960
983
986
1011
1017
1008
972
976
963
964
962
926
951
961
962
932
939
965
966
981
987
1004
1010
1009
1010
1005
1010
969
919
924
947
974
959
954
979
983
976
976
982
965
984
1008
1012
991
991
995
1002
999
1007
999
947
967
979
1006
1011
1016
979
944
955
965
976
979
943
962
965
988
1000
989
993
974
980
998
1006
1012
1021
1025
1034
1047
1050
998
988
1012
1024
1022
986
949
957
987
1006
1021
1002
1012
997
974
984
982
977
946
953
948
940
928
956
969
983
981
973
973
979
964
916
907
926
965
979
987
951
942
936
938
907
916
925
915
906
920
934
929
941
968
974
958
954
965
963
951
968
989
998
985
958
981
982
976
943
945
955
969
959
954
954
957
938
919
939
954
952
962
962
977
974
956
938
944
956
930
885
901
917
940
935
920
946
958
968
942
960
947
928
920
951
979
1001
974
970
984
976
973
975
980
981
953
940
968
988
1001
1012
976
947
965
968
962
939
936
960
975
977
951
954
953
955
937
937
969
989
998
958
946
936
936
930
942
951
970
979
952
959
963
971
977
980
996
997
1001
1009
1013
1017
960
934
904
924
925
903
896
906
915
920
925
949
962
938
952
952
964
953
948
952
942
940
947
943
915
924
921
926
903
889
898
907
900
898
927
937
932
927
949
950
937
945
956
963
967
964
978
956
935
946
951
943
936
954
947
896
885
900
933
938
917
948
949
962
956
968
978
965
956
961
962
981
941
940
960
973
952
938
957
970
961
979
1005
1020
995
1002
1021
1021
1003
1007
1011
1021
1001
1007
1032
1035
1014
1020
1025
1030
1021
1025
1019
995
997
1016
1023
1026
995
958
964
968
954
962
981
987
981
968
981
987
969
980
983
994
976
954
956
967
949
968
989
990
979
990
986
943
952
954
945
930
943
954
945
936
947
954
935
962
958
950
926
944
960
968
954
967
949
932
933
924
925
907
898
877
883
892
926
960
963
954
961
965
957
950
967
979
1014
981
967
979
975
970
964
988
1012
1021
1019
1029
1034
1026
1013
1024
1036
1029
1005
1017
1027
1022
1006
998
1004
999
969
973
985
552
441
988
1002
1001
994
979
970
969
943
915
931
930
918
905
914
937
953
949
933
952
942
972
984
977
949
944
969
988
984
942
945
929
942
940
958
982
1003
960
896
846
809
804
816
840
872
905
921
938
939
924
915
896
809
781
771
785
841
888
910
923
948
966
977
983
948
922
913
913
879
848
850
870
925
965
990
993
995
1003
1002
986
976
966
891
877
871
833
809
822
842
867
877
892
902
884
881
920
942
946
943
968
980
961
919
878
877
886
882
862
842
857
861
879
871
890
920
938
943
932
950
966
982
985
917
933
948
945
954
986
1005
1017
1013
1004
979
938
971
990
1015
998
991
1003
1011
1002
987
973
1016
1045
1010
1017
1023
1024
1034
1037
1000
979
954
985
1020
1026
1039
1003
979
968
979
1017
1023
1036
1048
1057
1049
1059
1057
1023
966
963
1015
1085
1100
1071
1008
977
986
1013
982
975
1010
1025
1042
1054
1096
1095
1082
1040
1048
1056
1057
1053
1060
1062
1030
1034
1052
1063
1046
1000
966
936
936
915
927
930
912
943
962
979
972
982
992
965
967
975
989
975
972
982
994
991
976
982
988
979
920
943
961
974
959
974
986
982
954
970
1001
1005
995
958
945
968
993
1009
1009
1009
947
930
937
949
932
936
941
948
914
919
942
956
937
946
947
949
939
950
954
941
936
974
972
944
929
950
980
985
954
954
959
963
938
938
959
980
990
992
999
973
964
951
972
983
998
992
969
993
1008
1011
987
976
978
969
935
920
913
938
949
921
924
920
938
960
962
956
909
940
977
1008
1021
1028
1030
1024
1033
1029
1021
1012
1025
994
966
952
972
990
973
972
977
982
958
956
991
1008
1000
1020
1045
1051
1042
1046
1049
1036
1001
996
1000
938
921
916
932
939
940
957
983
949
957
971
975
977
999
1007
1013
1024
1020
978
987
979
953
944
940
924
878
837
818
809
795
797
798
792
808
820
835
848
896
926
951
960
899
901
902
886
896
922
953
952
963
946
925
889
883
872
888
909
891
906
905
894
882
903
919
940
943
960
950
928
942
954
967
951
967
970
949
922
934
923
895
893
912
935
922
935
948
944
921
925
941
952
943
940
932
951
957
965
952
939
942
939
929
900
919
940
946
934
932
943
922
915
923
924
911
919
929
934
916
933
949
957
928
930
959
957
952
970
975
979
979
977
981
934
938
939
928
918
950
968
917
926
935
929
903
934
956
965
956
956
971
981
973
957
953
917
922
924
917
895
914
924
943
929
927
925
881
858
854
822
785
771
773
791
828
868
902
916
925
928
928
924
920
921
933
938
958
964
930
938
965
943
929
900
909
897
821
809
799
790
762
766
775
805
854
909
932
852
813
809
806
832
860
885
901
876
867
894
902
922
934
891
872
832
810
813
853
921
979
1004
1036
1039
1001
977
985
994
1001
1015
1022
1020
1035
1034
1021
922
927
937
960
916
895
918
921
879
861
886
923
964
995
1015
1024
997
939
927
911
923
937
953
963
973
977
969
907
897
929
949
941
895
905
889
860
855
851
871
888
897
899
928
961
989
1007
1017
1022
1022
1024
1023
1021
1026
996
986
927
912
934
978
1012
1015
949
978
989
987
951
960
998
1014
1024
1032
1040
1033
999
957
922
925
924
889
908
924
938
907
919
943
951
977
1000
975
940
959
972
991
1013
1025
1028
1031
1024
1021
1021
957
960
972
1001
987
937
949
952
962
954
963
990
994
941
918
934
975
998
1005
993
982
1003
1030
1046
1059
1068
1068
1066
1066
1061
1055
1049
1000
981
1003
1027
1038
1008
960
977
993
1013
1017
1038
1042
1059
1062
1051
1047
1056
1021
1001
971
978
979
924
946
958
992
953
967
969
979
941
952
980
992
996
987
987
984
982
985
983
984
983
986
922
907
909
929
901
878
900
926
913
902
939
953
970
969
966
969
953
928
908
919
924
912
938
965
982
1004
1011
1026
1019
995
984
975
970
955
914
925
965
979
1000
959
947
960
978
989
996
994
971
937
949
979
944
929
929
947
961
937
922
928
946
931
917
935
949
963
961
956
947
914
893
896
918
927
922
963
982
978
974
982
984
978
943
956
998
1008
1020
1021
1006
960
961
974
990
992
986
969
957
953
963
944
949
968
977
967
959
971
976
975
955
954
965
979
968
973
985
968
944
974
989
994
972
942
954
953
903
894
916
933
923
925
953
973
983
988
1004
1007
1010
1019
1022
1016
1008
1000
922
897
914
927
922
883
895
908
930
938
918
937
963
1005
1032
1032
1027
1037
1027
1016
1001
989
963
952
952
964
942
917
945
962
972
955
947
976
992
1007
1023
1022
1007
978
956
942
963
929
953
957
973
948
969
981
995
986
993
1002
1014
1023
1021
984
981
1000
1014
1013
987
958
979
986
970
939
954
943
921
908
942
977
994
994
994
986
950
969
992
998
1011
990
974
988
987
998
1013
992
997
998
1001
967
908
929
938
965
950
960
993
1016
1037
1058
1062
1074
1075
1072
1064
1064
1071
1054
1002
988
1004
966
919
886
904
920
925
914
955
991
1009
1006
1008
1024
1028
1023
1017
1012
1004
1014
1018
968
960
924
895
897
909
907
846
853
836
854
851
848
864
842
861
856
837
843
855
873
877
878
878
863
829
838
859
889
898
881
886
905
917
905
882
907
928
944
913
887
891
928
911
893
895
892
887
858
816
835
882
903
884
922
965
996
1006
979
934
951
969
1000
976
945
939
940
939
952
965
968
973
947
956
953
953
964
1003
1007
992
1008
1013
1005
1007
1005
1019
1027
1028
1040
1040
1035
1011
933
862
875
908
951
961
935
947
969
997
1016
1021
1029
1034
1027
1034
1026
1027
1041
1050
1041
982
970
976
988
965
949
978
1019
1022
988
1005
1002
1004
1000
1000
1011
1019
1013
1012
996
993
993
995
1006
992
951
959
980
1004
997
961
962
974
1010
1010
1016
1023
1011
998
1014
1021
1027
1013
1010
998
994
962
952
967
968
925
919
938
941
908
914
923
928
926
956
970
973
922
935
951
968
970
945
927
907
913
920
942
946
949
947
953
945
939
930
939
948
978
960
926
932
940
932
924
933
943
955
955
983
983
972
954
957
962
958
974
984
995
988
989
990
953
952
960
964
938
907
926
913
854
828
811
797
790
810
821
843
848
874
893
907
899
906
914
911
919
925
939
922
932
938
955
943
933
943
937
918
939
970
983
973
989
990
1003
987
1001
1002
992
1005
1021
1015
1027
996
1004
1010
1006
989
986
1005
1014
998
1001
1012
1013
989
976
978
975
946
952
979
990
976
984
1001
988
957
958
968
978
939
912
891
870
881
903
912
913
923
945
957
969
973
975
980
986
967
936
933
970
992
938
870
856
865
872
873
855
840
854
843
870
894
927
938
961
997
1014
1031
1048
1040
1043
1012
984
941
958
981
999
1027
978
948
938
947
936
962
991
1008
966
995
1016
1042
1050
1063
1064
1058
1071
1076
1062
1002
980
993
1007
994
950
960
995
1025
999
995
1013
1006
960
961
957
955
916
945
958
971
965
989
992
1005
979
992
991
995
971
965
975
979
989
990
1003
1021
1036
1032
1036
1029
971
941
958
980
1010
1008
987
988
977
942
952
943
955
939
974
1010
999
986
1013
1020
1016
1007
1014
1019
1012
1000
995
1003
979
980
988
967
915
895
909
923
914
911
951
969
955
968
987
977
974
996
1010
1020
1019
1017
994
985
1008
1021
1021
995
993
1006
1013
1003
1002
1014
955
912
920
946
968
980
976
936
922
890
857
832
801
797
765
744
726
713
702
696
687
681
679
681
682
679
682
690
708
737
766
786
764
727
714
721
739
768
789
767
743
745
750
753
757
743
725
708
709
715
736
759
813
877
890
902
893
866
857
862
865
863
840
824
834
848
854
837
827
819
804
813
818
802
781
807
811
811
812
773
750
757
753
739
718
702
688
683
688
692
684
678
679
672
671
676
681
691
718
778
811
808
877
925
921
889
900
939
971
985
988
954
946
994
1028
1055
1051
995
970
1000
979
957
955
865
887
951
972
953
971
999
1018
1028
1020
980
991
1029
1037
1024
971
938
939
956
969
965
965
941
934
939
883
904
904
916
936
897
855
881
900
925
933
908
917
940
974
937
924
928
927
878
860
836
813
792
776
768
752
732
719
702
700
699
705
705
720