916
918
938
963
926
910
927
951
960
956
940
915
930
954
974
986
997
987
958
965
985
986
1000
972
941
962
982
1003
1024
987
991
1024
1048
1055
1062
1025
1031
1055
1053
1049
1001
1028
1051
1062
1059
1018
1022
1039
1043
1044
1043
1009
1021
1040
1055
1053
1066
1035
1015
1034
1034
1039
1058
1005
992
1009
1032
1041
1043
1025
971
970
959
973
1003
1026
1003
985
1009
1019
1024
1017
975
956
989
1011
1028
1029
1002
1021
1032
1038
966
977
1003
1028
1042
1042
998
995
1004
1028
1051
1061
1062
1011
1002
1013
1031
1052
1058
1063
1049
1003
1004
1020
1057
1057
1055
1001
1010
1028
1042
1059
1062
1013
1024
1046
1044
1018
1006
1031
1053
1062
1068
1075
1032
1009
1024
1045
1056
1055
1063
1053
999
1002
1017
1030
1043
1050
1053
1013
997
1015
1032
1040
998
964
977
963
949
929
934
969
990
1005
1021
1028
1000
1016
1021
1032
1038
1045
1026
1009
1023
1041
1052
1056
1058
1009
1001
1014
1021
1024
1025
990
993
1021
1031
1013
972
998
1021
1030
1039
1049
995
992
1009
1024
1047
1060
1050
1002
1007
1024
1037
1048
1056
1027
993
1004
1019
1041
1052
1058
1022
1005
1025
1041
1055
1065
1072
1019
1027
1045
1015
1013
969
981
998
1008
1006
981
994
1002
1005
1012
1006
974
975
989
1000
1008
1015
988
956
963
975
980
979
934
956
963
977
990
995
973
960
968
985
1009
1028
1045
1047
1047
1000
1013
1022
1041
1062
1071
1072
1071
1011
1007
1022
1040
1060
1067
1020
998
1011
1009
961
954
985
1018
1041
1044
1047
1003
1001
1011
1013
1026
1043
1056
1036
992
1009
1003
996
988
940
946
967
981
992
999
968
952
956
979
1011
1044
1050
1049
1005
1014
1024
1037
1045
1044
994
979
982
996
1014
1033
1018
976
984
1005
1021
1028
1035
1012
978
984
1000
1015
1032
1011
983
1007
1027
1027
1030
1033
984
954
966
986
1009
1019
991
1000
1020
1034
1043
1044
1003
1004
1021
1031
1043
1051
1020
998
1011
1024
1035
1052
1056
1013
1017
1024
1020
974
961
968
960
955
967
928
931
941
953
972
950
939
959
958
974
989
993
965
949
964
979
985
990
996
959
938
955
966
993
1003
972
945
962
978
988
1000
1009
979
970
988
1000
1003
1008
990
965
986
991
995
1003
1005
973
953
966
976
990
1002
969
952
964
973
980
986
953
956
965
974
975
979
941
934
948
965
979
996
988
966
987
997
1006
1006
1013
974
981
956
905
919
938
955
951
910
906
917
939
951
936
941
956
971
982
979
960
969
976
994
997
973
972
978
985
994
986
915
917
919
896
850
854
858
875
891
887
862
870
884
906
929
947
960
931
938
964
992
1012
1027
1007
976
986
1010
1022
1029
1002
973
981
1007
1017
1025
970
981
986
985
965
935
970
973
987
996
975
953
986
999
1005
1015
1022
984
1003
1013
1015
1021
1019
973
968
995
999
1013
943
982
1003
1018
1032
1035
1001
1005
1021
1037
1044
1053
1011
1004
1016
1030
1050
1069
1082
1080
1039
1040
1048
1064
1078
1076
1081
1032
1013
1025
1041
1049
1051
994
1000
989
990
980
962
992
1020
1038
1046
1055
1016
1007
1016
1030
1050
1062
1063
1032
1008
1020
1035
1053
1062
1064
1052
1006
995
954
975
1018
1050
1030
987
1008
1027
1011
1007
972
950
966
973
990
1007
1000
982
990
1007
1020
1030
1040
1044
1026
1003
1017
1026
1043
1052
1056
1049
1006
1002
1018
1040
1051
1055
1009
997
1011
1022
1024
1027
984
986
1003
1023
1021
976
988
1008
1022
1032
1030
1016
998
959
918
916
941
977
1013
1033
995
974
993
1017
1047
1071
1080
1056
1040
1054
1063
1071
1079
1080
1033
1021
1038
1064
1071
1080
1039
1027
1037
1062
1070
1078
1067
1006
990
1000
1001
1007
971
956
953
964
952
960
979
1009
1028
1011
998
1012
1026
1037
1037
1039
998
972
981
992
1004
996
947
977
1001
1022
1028
1044
1050
1012
1020
1041
