978
991
1015
1028
993
982
997
980
944
914
917
910
905
911
939
962
976
973
974
995
1014
1029
1042
1046
1049
1044
1044
1044
991
994
1015
1027
1020
957
950
976
987
990
964
947
966
994
1018
1034
1041
1003
994
1004
1004
1016
1014
981
974
998
1023
1040
1049
1034
1006
1024
1037
1040
1048
1019
1011
1034
1052
1055
1041
998
1004
1022
1038
1048
1049
1013
998
1022
1032
1035
1021
955
955
975
1001
1028
1028
1029
1021
1020
1015
1009
1019
1018
1012
951
917
915
965
981
953
917
939
974
982
970
955
984
1008
1013
1019
981
990
1011
1020
1033
1048
1020
1003
1022
1037
1045
1043
1050
1014
982
997
1012
1019
1024
1025
1019
990
964
987
998
1012
1015
981
967
986
996
1007
1014
979
979
1007
1011
948
907
929
929
911
860
826
792
847
843
862
848
818
791
786
771
756
749
741
726
713
701
688
678
667
661
661
655
642
646
650
646
640
645
643
635
629
640
668
709
739
801
812
869
912
924
912
885
898
915
918
882
841
844
826
846
845
803
787
797
819
811
829
822
832
831
853
890
918
927
902
854
835
864
899
889
881
912
937
948
911
903
925
945
925
874
865
840
844
835
849
824
805
775
767
766
769
784
789
785
789
812
865
911
949
946
959
1002
1035
1040
1044
1005
1000
1004
1011
1018
933
948
960
979
965
957
892
917
922
901
901
918
929
926
894
902
938
957
936
950
971
976
968
957
948
926
908
885
828
806
801
834
877
922
937
924
914
875
853
822
832
820
836
851
844
851
851
871
867
859
893
881
865
898
896
893
886
867
893
905
897
892
872
870
912
951
979
1008
1012
1001
963
973
990
1006
1020
1017
991
966
1001
1008
1022
1034
1028
990
965
980
1013
1019
1026
985
929
937
967
979
996
1005
964
964
988
1002
1009
1026
1021
984
1006
1015
1013
1007
965
937
950
991
1001
1020
1000
974
989
997
1001
999
956
932
945
969
985
992
979
950
953
979
997
1025
1030
1015
976
990
1010
1015
1031
1033
1003
964
985
1005
1003
1015
995
970
987
986
994
994
952
947
982
1004
1021
1007
979
991
933
891
906
931
970
970
954
992
997
1002
999
1004
999
975
989
1000
1020
1030
985
972
997
1005
1011
999
964
995
1002
1002
975
966
986
996
1001
956
934
963
986
998
996
974
1002
1005
1009
976
960
949
944
947
933
953
976
982
954
955
980
980
981
963
965
994
1004
1004
1012
1000
984
987
996
998
1005
976
989
1007
1021
1012
980
981
989
998
999
974
990
980
938
925
941
944
920
954
999
999
1001
972
987
995
991
976
989
984
998
1002
975
983
976
982
965
963
984
994
1001
1002
960
974
974
971
944
943
947
963
958
936
973
988
1002
1008
988
955
979
997
1005
1011
1005
967
984
1002
1005
1012
986
954
984
989
953
945
937
913
888
863
840
826
823
845
869
883
919
958
969
962
992
1005
1021
1019
954
909
885
889
878
869
852
864
899
928
954
935
926
952
967
985
1003
985
964
1001
1010
1018
1021
998
972
997
990
971
926
921
913
933
926
928
938
974
992
1010
1019
1000
1008
1021
1024
1028
1021
968
970
1001
1020
1028
1021
1021
981
951
965
970
985
992
957
904
879
886
902
883
887
899
906
893
873
893
912
932
952
964
957
941
967
981
999
997
974
989
1015
1018
997
969
993
989
994
979
984
1008
1017
1024
1030
1017
990
1011
1011
1020
1003
993
1004
1013
1018
981
936
924
926
958
962
932
936
957
964
975
956
940
961
967
975
990
996
975
961
975
984
993
998
980
950
962
974
979
965
943
950
962
960
952
949
974
985
994
979
955
962
876
856
916
946
979
953
933
950
956
959
922
903
917
924
937
925
945
984
1008
1021
990
980
985
983
979
951
962
962
970
983
1004
981
977
1005
1011
1023
1025
1031
991
